#ifndef WAVETABLE1_H

#define	WAVETABLE1_H



#define POT1	
12

#define ENVPOT1	
8



static const int8_t wt_attak1[] = {

	-11,-11,-13,-13,-17,-20,-20,-21,-20,-20,-15,-11,-11,-9,-7,-7,
	-3,0,0,0,2,2,0,0,0,-4,-10,-10,-17,-27,-27,-35,
	-40,-40,-47,-53,-53,-56,-56,-56,-53,-49,-49,-43,-36,-36,-31,-21,
	-21,-9,2,2,14,27,27,38,46,46,53,60,60,63,63,63,
	60,60,57,53,53,47,39,39,31,22,22,15,7,7,0,-4,
	-4,-7,-11,-11,-15,-20,-20,-24,-28,-28,-31,-34,-34,-35,-34,-34,
	-35,-38,-38,-42,-47,-47,-52,-53,-53,-57,-63,-63,-68,-74,-74,-78,
	-83,-83,-88,-89,-89,-89,-90,-90,-90,-86,-86,-85,-85,-82,-77,-77,
	-72,-68,-68,-63,-56,-56,-52,-47,-47,-42,-38,-38,-35,-32,-32,-29,
	-28,-28,-25,-22,-22,-20,-14,-14,-13,-11,-11,-13,-14,-14,-15,-18,
	-18,-20,-18,-18,-13,-6,-6,0,6,6,11,17,17,24,29,29,
	34,39,39,43,43,43,42,42,43,42,42,39,35,35,34,31,
	31,24,20,20,13,7,7,2,-3,-3,-7,-13,-13,-18,-21,-21,
	-22,-24,-24,-24,-21,-21,-17,-14,-14,-14,-15,-15,-17,-24,-24,-31,
	-38,-38,-43,-47,-47,-50,-52,-52,-50,-47,-47,-45,-42,-42,-36,-31,
	-31,-24,-17,-17,-9,-9,0,7,7,15,20,20,24,29,29,36,
	39,39,39,36,36,34,27,27,21,17,17,17,15,15,18,18,
	18,20,24,24,27,31,31,35,39,39,46,49,49,52,53,53,
	54,56,56,54,52,52,46,39,39,31,22,22,14,7,7,0,
	-9,-9,-15,-15,-24,-29,-29,-32,-35,-35,-34,-36,-36,-38,-36,-36,
	-34,-32,-32,-32,-29,-29,-28,-27,-27,-24,-21,-21,-20,-21,-21,-22,
	-21,-21,-21,-21,-21,-25,-28,-28,-28,-29,-29,-32,-32,-32,-31,-28,
	-28,-25,-22,-22,-18,-17,-17,-15,-13,-13,-10,-9,-9,-10,-10,-9,
	-9,-9,-7,-7,-7,-4,-2,-2,0,0,0,0,2,2,0,2,
	2,0,2,2,0,0,0,-2,-3,-3,-3,-2,-2,0,2,2,
	4,6,6,10,14,14,17,20,20,22,24,24,22,21,21,20,
	17,17,14,13,13,11,7,7,2,-2,-2,-9,-9,-14,-18,-18,
	-21,-24,-24,-28,-32,-32,-36,-43,-43,-47,-50,-50,-52,-53,-53,-54,
	-54,-54,-56,-56,-56,-57,-57,-57,-58,-57,-57,-53,-49,-49,-43,-39,
	-39,-35,-29,-29,-25,-18,-18,-14,-13,-13,-9,-4,-4,0,0,0,
	2,3,3,4,4,4,3,2,2,0,0,-2,-3,-3,-4,-7,
	-7,-9,-10,-10,-13,-14,-14,-13,-14,-14,-15,-20,-20,-22,-24,-24,
	-27,-32,-32,-35,-38,-38,-45,-49,-49,-52,-53,-53,-54,-57,-57,-58,
	-60,-60,-63,-64,-64,-67,-67,-67,-68,-68,-68,-67,-64,-64,-65,-64,
	-64,-60,-56,-56,-54,-54,-52,-49,-49,-46,-42,-42,-38,-31,-31,-27,
	-24,-24,-21,-20,-20,-18,-20,-20,-18,-20,-20,-21,-21,-21,-22,-21,
	-21,-24,-28,-28,-29,-31,-31,-36,-40,-40,-45,-49,-49,-52,-53,-53,
	-56,-58,-58,-60,-61,-61,-63,-63,-63,-61,-64,-64,-70,-72,-72,-72,
	-75,-75,-79,-79,-82,-83,-83,-83,-82,-82,-79,-75,-75,-71,-70,-70,
	-67,-61,-61,-58,-56,-56,-54,-56,-56,-54,-53,-53,-54,-53,-53,-52,
	-49,-49,-46,-42,-42,-38,-34,-34,-31,-29,-29,-28,-24,-24,-21,-22,
	-22,-21,-22,-22,-25,-27,-27,-28,-31,-31,-32,-34,-34,-35,-39,-39,
	-46,-46,-50,-54,-54,-56,-58,-58,-63,-65,-65,-67,-67,-67,-68,-65,
	-65,-64,-65,-65,-64,-61,-61,-58,-57,-57,-53,-50,-50,-46,-40,-40,
	-36,-31,-31,-28,-25,-25,-21,-17,-17,-13,-9,-9,-3,-2,-2,-3,
	0,0,4,9,9,9,10,10,10,11,11,13,13,13,13,13,
	11,10,10,7,4,4,0,-4,-4,-11,-15,-15,-21,-27,-27,-34,
	-40,-40,-46,-49,-49,-53,-58,-58,-63,-67,-67,-70,-74,-74,-78,-81,
	-81,-79,-81,-81,-82,-82,-82,-83,-83,-83,-85,-82,-82,-78,-77,-77,
	-72,-68,-68,-64,-58,-58,-54,-49,-49,-40,-40,-32,-24,-24,-14,-7,
	-7,-2,3,3,11,18,18,25,28,28,28,29,29,32,34,34,
	35,34,34,31,32,32,31,29,29,31,31,31,28,27,27,27,
	24,24,22,21,21,20,18,18,20,18,18,20,18,18,17,18,
	18,17,18,18,20,20,18,17,17,15,15,15,17,15,15,14,
	13,13,11,11,11,10,11,11,14,15,15,15,17,17,15,17,
	17,18,17,17,18,20,20,21,21,21,22,21,21,21,22,22,
	20,18,18,17,15,15,14,15,15,14,15,15,13,13,13,14,
	17,17,20,20,22,24,24,27,31,31,32,34,34,34,36,36,
	36,38,38,38,36,36,35,35,35,36,36,36,35,34,34,32,
	31,31,32,34,34,32,34,34,34,35,35,36,36,36,35,36,
	36,36,36,36,35,35,35,34,32,32,29,28,28,29,28,28,
	28,28,25,24,24,22,20,20,18,20,20,20,18,18,20,21,
	21,22,25,25,28,31,31,34,36,36,38,40,40,43,45,45,
	46,45,45,46,47,47,46,45,45,46,45,45,42,42,42,40,
	40,40,39,39,39,38,36,36,38,39,39,39,39,38,36,36,
	38,40,40,42,43,43,43,46,46,47,50,50,54,57,57,58,
	60,60,63,65,65,65,67,67,67,65,65,64,65,65,65,64,
	64,63,61,61,64,64,64,61,60,60,57,56,56,57,56,56,
	57,57,57,57,58,58,57,58,58,61,61,63,63,63,61,58,
	58,57,56,56,53,49,49,46,42,42,38,35,35,29,27,27,
	25,24,24,21,22,22,21,20,20,18,20,20,21,24,24,25,
	25,25,27,29,29,29,31,31,31,29,29,28,27,27,25,25,
	25,27,29,29,32,36,36,39,39,40,42,42,43,43,43,45,
	45,45,43,42,42,39,35,35,29,27,27,22,15,15,11,7,
	7,3,0,0,-2,0,0,0,-2,-2,-2,-3,-3,-2,0,0,
	2,4,4,9,10,10,11,14,14,18,22,22,22,24,24,25,
	27,27,28,28,29,31,31,29,29,29,31,28,28,28,29,29,
	31,32,32,31,31,31,29,28,28,27,28,28,27,25,25,24,
	21,21,18,15,15,11,7,7,4,0,0,-3,-6,-6,-10,-14,
	-14,-15,-17,-17,-18,-20,-20,-21,-22,-22,-22,-21,-21,-22,-22,-22,
	-25,-25,-28,-31,-31,-34,-35,-35,-36,-39,-39,-40,-42,-42,-43,-42,
	-42,-43,-42,-42,-43,-42,-42,-39,-38,-38,-36,-34,-34,-31,-31,-31,
	-28,-27,-27,-25,-24,-24,-25,-25,-25,-27,-28,-28,-29,-34,-34,-38,
	-40,-40,-45,-49,-49,-53,-56,-56,-60,-61,-61,-63,-65,-65,-67,-67,
	-68,-68,-68,-70,-68,-68,-67,-67,-67,-65,-67,-67,-65,-64,-64,-64,
	-65,-65,-65,-67,-67,-65,-67,-67,-65,-67,-67,-68,-68,-68,-70,-68,
	-68,-70,-70,-70,-71,-71,-71,-70,-72,-72,-74,-74,-74,-75,-74,-74,
	-75,-77,-77,-77,-78,-78,-82,-85,-85,-88,-88,-90,-92,-92,-95,-97,
	-97,-100,-104,-104,-107,-110,-110,-113,-115,-115,-118,-120,-120,-121,-122,-122,
	-124,-124,-124,-125,-125,-125,-125,-125,-125,-127,-125,-125,-122,-120,-120,-118,
	-117,-117,-117,-115,-115,-114,-114,-114,-110,-106,-106,-102,-99,-99,-93,-89,
	-89,-86,-82,-82,-79,-77,-77,-72,-72,-68,-65,-65,-63,-60,-60,-56,
	-54,-54,-52,-50,-50,-52,-53,-53,-56,-56,-56,-57,-60,-60,-61,-64,
	-64,-65,-67,-67,-70,-72,-72,-72,-74,-74,-74,-75,-75,-74,-75,-75,
	-75,-74,-74,-75,-75,-75,-77,-75,-75,-77,-78,-78,-79,-79,-79,-82,
	-85,-85,-86,-86,-88,-89,-89,-90,-90,-90,-93,-92,-92,-92,-93,-93,
	-93,-93,-93,-92,-89,-89,-86,-83,-83,-82,-82,-82,-81,-79,-79,-78,
	-78,-78,-77,-75,-75,-74,-72,-72,-72,-74,-74,-72,-72,-72,-72,-71,
	-71,-70,-67,-67,-65,-64,-64,-63,-64,-64,-63,-61,-61,-63,-61,-61,
	-60,-60,-58,-57,-57,-56,-57,-57,-56,-54,-54,-53,-53,-53,-53,-50,
	-50,-49,-46,-46,-43,-42,-42,-40,-38,-38,-35,-34,-34,-32,-31,-31,
	-29,-29,-29,-28,-27,-27,-27,-25,-25,-27,-28,-28,-28,-29,-29,-29,
	-29,-29,-31,-29,-29,-31,-28,-28,-27,-27,-27,-25,-24,-24,-22,-22,
	-22,-24,-24,-22,-24,-24,-22,-21,-21,-22,-24,-24,-22,-24,-24,-24,
	-22,-22,-24,-25,-25,-24,-22,-22,-21,-21,-21,-20,-18,-18,-17,-18,
	-18,-15,-14,-14,-14,-13,-13,-11,-11,-11,-10,-11,-11,-13,-14,-14,
	-15,-17,-17,-18,-20,-20,-21,-22,-22,-24,-24,-25,-27,-27,-28,-27,
	-27,-27,-28,-28,-28,-29,-29,-28,-27,-27,-25,-27,-27,-25,-27,-27,
	-29,-29,-29,-31,-32,-32,-34,-36,-36,-39,-40,-40,-42,-43,-43,-43,
	-45,-45,-45,-45,-45,-43,-45,-45,-45,-43,-43,-43,-42,-42,-42,-43,
	-43,-43,-45,-45,-47,-49,-49,-53,-53,-57,-61,-61,-65,-70,-70,-72,
	-75,-75,-79,-82,-82,-85,-86,-86,-88,-90,-90,-92,-93,-93,-92,-93,
	-93,-92,-93,-93,-93,-92,-92,-92,-93,-93,-92,-90,-90,-92,-93,-93,
	-93,-95,-95,-95,-96,-96,-97,-99,-99,-99,-100,-100,-99,-100,-100,-99,
	-97,-97,-96,-95,-95,-92,-92,-89,-86,-86,-83,-81,-81,-79,-77,-77,
	-75,-74,-74,-70,-68,-68,-67,-64,-64,-64,-64,-64,-61,-60,-60,-58,
	-56,-56,-54,-53,-53,-52,-50,-50,-49,-46,-46,-45,-42,-42,-38,-35,
	-35,-34,-32,-32,-31,-29,-29,-28,-25,-25,-25,-24,-24,-22,-22,-22,
	-20,-20,-18,-17,-17,-15,-13,-13,-9,-6,-6,-3,-2,-2,0,2,
	2,4,7,7,9,13,13,14,17,17,18,20,20,20,20,20,
	20,21,21,21,21,21,22,25,25,27,29,29,31,32,32,35,
	36,36,38,40,40,42,43,43,46,47,47,49,50,50,50,50,
	53,54,54,58,61,61,65,70,70,71,74,74,77,81,81,83,
	85,85,89,90,90,93,96,96,97,99,99,100,102,102,103,104,
	104,106,108,108,111,113,113,114,115,115,117,118,118,120,122,122,
	124,124,124,125,127,127,127,125,125,127,125,125,124,124,125,122,
	122,121,120,120,118,115,115,114,111,111,108,108,108,107,107,107,
	106,106,106,106,107,107,106,107,107,108,108,108,110,111,111,110,
	111,111,113,111,111,113,111,111,111,113,113,113,111,111,110,107,
	107,104,102,102,100,96,96,93,93,90,88,88,85,83,83,82,
	81,81,79,78,78,77,77,77,75,72,72,71,71,71,70,68,
	68,70,71,71,71,70,70,71,70,70,70,71,71,70,68,68,
	67,64,64,63,61,61,60,58,58,56,53,53,52,50,50,47,
	47,47,46,45,45,46,46,45,46,46,45,46,46,47,46,46,
	46,45,45,42,40,40,38,35,35,34,31,31,28,24,24,21,
	18,18,15,13,13,9,3,3,0,-3,-3,-7,-13,-13,-17,-20,
	-20,-21,-22,-22,-25,-28,-28,-27,-27,-27,-27,-28,-28,-27,-28,-28,
	-29,-29,-28,-29,-29,-28,-29,-29,-29,-31,-31,-31,-32,-32,-32,-35,
	-35,-36,-38,-38,-39,-40,-40,-42,-43,-43,-45,-45,-45,-46,-47,-47,
	-47,-49,-49,-50,-49,-49,-50,-49,-49,-47,-49,-49,-49,-50,-50,-52,
	-53,-53,-52,-53,-53,-52,-53,-53,-54,-53,-53,-53,-54,-54,-53,-53,
	-53,-52,-52,-50,-49,-49,-49,-47,-47,-49,-47,-47,-45,-45,-45,-43,
	-42,-42,-42,-40,-40,-39,-38,-38,-38,-36,-36,-34,-32,-32,-31,-31,
	-31,-29,-28,-28,-27,-25,-25,-25,-24,-24,-22,-21,-21,-20,-18,-18,
	-17,-18,-18,-18,-17,-17,-18,-17,-17,-17,-18,-18,-20,-20,-18,-18,
	-18,-17,-17,-17,-15,-14,-14,-13,-11,-11,-10,-9,-9,-6,-4,-4,
	0,0,0,0,2,2,4,7,7,10,11,11,13,15,15,17,
	17,17,20,21,21,24,25,25,25,27,27,28,27,27,28,29,
	29,31,31,31,32,35,35,36,36,36,38,38,39,40,40,42,
	43,43,45,45,45,46,47,47,49,49,49,50,53,53,54,56,
	56,54,56,56,56,57,57,58,58,58,60,61,61,60,61,61,
	61,60,60,61,61,61,63,61,61,63,61,61,63,61,61,63,
	61,61,63,61,61,60,60,60,58,58,56,54,54,53,52,52,
	49,47,47,45,42,42,40,40,40,38,36,36,35,34,34,32,
	31,31,29,28,28,27,27,27,24,25,25,24,22,22,24,22,
	22,22,21,21,20,20,20,18,18,18,17,17,17,14,13,13,
	11,10,10,9,9,7,6,6,4,3,3,2,0,0,0,-3,
	-3,-4,-9,-9,-10,-11,-11,-14,-15,-15,-17,-18,-18,-21,-22,-22,
	-24,-25,-25,-27,-28,-28,-28,-29,-29,-32,-32,-32,-35,-38,-38,-40,
	-43,-43,-46,-47,-47,-50,-53,-53,-54,-57,-57,-58,-58,-58,-60,-60,
	-63,-64,-64,-64,-67,-67,-71,-74,-74,-77,-78,-78,-81,-81,-81,-82,
	-85,-85,-86,-88,-88,-89,-90,-90,-93,-95,-95,-95,-97,-97,-97,-97,
	-97,-100,-103,-103,-104,-106,-106,-106,-104,-104,-106,-106,-106,-107,-107,-107,
	-108,-107,-107,-108,-108,-108,-110,-108,-108,-110,-111,-111,-110,-110,-113,-114,
	-114,-115,-115,-115,-117,-120,-120,-121,-121,-121,-122,-122,-122,-121,-122,-122,
	-122,-124,-124,-122,-122,-122,-121,-120,-120,-121,-122,-122,-122,-121,-121,-121,
	-118,-118,-118,-117,-117,-118,-118,-118,-117,-115,-115,-117,-118,-118,-118,-117,
	-117,-117,-115,-115,-113,-111,-111,-113,-111,-111,-110,-110,-108,-107,-107,-108,
	-108,-108,-110,-110,-110,-111,-110,-110,-111,-111,-111,-110,-108,-108,-110,-111,
	-111,-108,-108,-108,-107,-107,-107,-106,-104,-104,-103,-102,-102,-102,-100,-100,
	-97,-96,-96,-96,-95,-95,-93,-92,-92,-90,-88,-88,-86,-83,-83,-81,
	-78,-78,-75,-74,-74,-72,-72,-70,-68,-68,-65,-63,-63,-61,-60,-60,
	-58,-56,-56,-53,-52,-52,-49,-46,-46,-43,-40,-40,-38,-34,-34,-31,
	-28,-28,-24,-21,-21,-17,-14,-14,-10,-9,-9,-6,-3,-3,0,0,
	0,2,4,4,6,6,6,7,9,9,10,11,11,13,15,15,
	17,17,17,18,18,20,18,18,21,21,21,20,20,20,18,17,
	17,15,15,15,17,17,17,15,17,17,17,18,18,18,20,20,
	18,20,20,18,17,17,18,17,17,18,17,17,17,18,18,17,
	18,18,20,18,18,20,21,21,22,22,22,21,21,21,22,22,
	21,20,20,18,20,20,18,20,20,20,20,20,18,20,20,21,
	22,22,22,21,21,20,21,21,20,18,18,20,18,18,17,15,
	15,17,15,15,15,17,17,15,17,17,15,15,15,14,13,13,
	11,13,13,13,11,11,10,9,9,7,6,6,7,7,6,4,
	4,4,3,3,0,-2,-2,-3,-4,-4,-7,-10,-10,-10,-11,-11,
	-14,-15,-15,-15,-17,-17,-18,-20,-20,-20,-21,-21,-22,-24,-24,-24,
	-27,-27,-29,-29,-29,-32,-34,-34,-35,-38,-38,-39,-42,-42,-46,-47,
	-47,-50,-53,-53,-56,-57,-57,-58,-60,-60,-63,-63,-63,-64,-64,-64,
	-63,-63,-64,-65,-65,-65,-67,-67,-65,-67,-67,-67,-68,-68,-67,-68,
	-68,-68,-68,-68,-67,-67,-67,-68,-68,-68,-67,-68,-68,-67,-68,-68,
	-67,-65,-65,-65,-67,-67,-65,-67,-67,-65,-65,-65,-67,-67,-67,-68,
	-70,-70,-68,-70,-70,-70,-70,-70,-71,-71,-70,-71,-71,-72,-74,-74,
	-72,-71,-71,-72,-70,-70,-71,-70,-70,-68,-67,-67,-65,-64,-64,-61,
	-60,-60,-58,-58,-58,-57,-57,-57,-56,-56,-56,-54,-52,-52,-50,-49,
	-49,-46,-45,-45,-43,-40,-40,-39,-38,-38,-36,-35,-35,-34,-32,-32,
	-32,-31,-31,-29,-29,-29,-27,-27,-27,-28,-28,-27,-25,-25,-27,-25,
	-25,-27,-25,-25,-24,-24,-24,-24,-22,-22,-21,-20,-20,-18,-17,-17,
	-15,-13,-13,-11,-10,-10,-9,-7,-7,-4,-4,-4,-3,0,0,0,
	0,0,0,2,2,4,6,6,7,9,9,11,14,14,17,20,
	20,21,21,24,25,25,27,29,29,29,31,31,34,35,35,36,
	35,35,36,36,36,38,38,38,39,39,39,40,39,39,39,40,
	40,39,39,39,40,42,42,43,43,43,42,43,43,42,42,42,
	45,46,46,47,49,49,49,50,50,52,52,52,54,54,53,54,
	54,56,54,54,56,54,54,54,56,56,57,58,58,60,61,61,
	60,61,61,63,63,63,61,63,63,61,61,61,63,63,63,61,
	63,63,63,64,64,64,65,65,67,67,67,68,67,67,68,67,
	67,67,68,68,67,68,68,67,67,67,65,65,64,64,64,64,
	63,63,64,63,63,61,60,60,60,58,58,57,58,58,57,58,
	58,58,60,60,58,60,60,58,57,57,57,56,56,56,57,57,
	57,56,56,54,54,54,53,52,52,52,50,50,47,46,46,47,
	47,47,46,45,45,43,40,40,38,38,35,34,34,32,32,32,
	31,29,29,31,29,29,27,25,25,24,22,22,21,20,20,18,
	15,15,14,13,13,10,9,9,7,6,6,4,3,3,2,2,
	2,0,2,2,0,0,0,3,4,4,3,3,3,2,0,0,
	0,-2,-2,-2,-2,-4,-4,-4,-6,-7,-7,-7,-9,-9,-10,-11,
	-11,-14,-15,-15,-17,-15,-15,-17,-18,-18,-17,-18,-18,-17,-18,-18,
	-20,-20,-20,-18,-20,-20,-20,-21,-21,-21,-22,-22,-24,-24,-24,-25,
	-27,-27,-27,-28,-28,-29,-31,-31,-34,-35,-35,-38,-39,-39,-40,-42,
	-42,-42,-42,-40,-42,-42,-42,-42,-42,-45,-43,-43,-45,-46,-46,-46,
	-47,-47,-47,-49,-49,-47,-46,-46,-46,-47,-47,-46,-47,-47,-49,-47,
	-47,-49,-49,-49,-47,-46,-46,-46,-45,-45,-45,-43,-43,-45,-45,-45,
	-43,-40,-40,-39,-38,-38,-39,-38,-38,-36,-38,-38,-36,-36,-38,-36,
	-36,-35,-35,-35,-34,-34,-34,-32,-31,-31,-29,-28,-28,-28,-27,-27,
	-25,-27,-27,-28,-29,-29,-28,-29,-29,-28,-28,-28,-25,-25,-25,-25,
	-24,-24,-22,-24,-24,-25,-25,-25,-24,-24,-24,-25,-24,-24,-24,-24,
	-24,-21,-20,-20,-18,-17,-17,-15,-14,-14,-13,-13,-10,-9,-9,-10,
	-9,-9,-7,-9,-9,-7,-9,-9,-10,-10,-10,-11,-14,-14,-13,-13,
	-13,-14,-13,-13,-14,-13,-13,-14,-15,-15,-17,-15,-15,-17,-15,-15,
	-15,-17,-17,-15,-14,-14,-13,-11,-11,-11,-10,-10,-11,-10,-10,-7,
	-7,-7,-6,-7,-7,-6,-4,-4,-3,-3,-2,-3,-3,-2,-3,-3,
	-2,-2,-2,0,-2,-2,0,0,0,-2,0,0,-2,-3,-3,-3,
	-2,-2,-3,-3,-3,-2,0,0,-2,0,0,-2,0,0,-2,-3,
	-3,-2,-2,-2,-3,-4,-4,-7,-9,-9,-10,-11,-11,-11,-13,-13,
	-13,-11,-11,-11,-11,-13,-11,-11,-13,-13,-13,-14,-15,-15,-17,-18,
	-18,-17,-18,-18,-18,-20,-20,-21,-20,-20,-21,-22,-22,-24,-25,-25,
	-27,-28,-28,-27,-28,-28,-28,-28,-28,-29,-31,-31,-31,-29,-29,-29,
	-31,-31,-32,-31,-31,-32,-32,-32,-34,-35,-35,-36,-35,-35,-36,-36,
	-36,-38,-38,-40,-42,-42,-45,-46,-46,-47,-49,-49,-52,-54,-54,-56,
	-60,-60,-63,-65,-65,-68,-71,-71,-72,-74,-74,-74,-75,-75,-77,-75,
	-75,-77,-77,-77,-78,-79,-79,-79,-79,-79,-81,-82,-82,-83,-85,-85,
	-86,-85,-85,-85,-86,-86,-85,-88,-88,-86,-86,-86,-86,-85,-85,-85,
	-85,-83,-82,-82,-82,-83,-83,-85,-85,-85,-83,-83,-83,-82,-83,-83,
	-83,-82,-82,-82,-81,-81,-79,-81,-81,-79,-79,-79,-81,-82,-82,-81,
	-79,-79,-79,-78,-78,-77,-78,-78,-78,-79,-79,-79,-77,-77,-78,-77,
	-77,-75,-74,-74,-72,-71,-71,-70,-68,-68,-67,-67,-67,-65,-65,-65,
	-67,-67,-64,-63,-63,-61,-60,-60,-58,-57,-57,-56,-54,-54,-54,-53,
	-53,-50,-49,-49,-47,-45,-45,-43,-42,-42,-39,-39,-39,-36,-36,-36,
	-36,-35,-35,-34,-34,-34,-32,-31,-31,-29,-31,-31,-31,-29,-29,-31,
	-29,-29,-28,-29,-29,-28,-29,-29,-28,-28,-27,-25,-25,-24,-24,-24,
	-24,-22,-22,-21,-22,-22,-25,-27,-27,-25,-27,-27,-25,-27,-27,-25,
	-25,-25,-24,-25,-25,-25,-24,-24,-22,-21,-21,-20,-20,-20,-21,-20,
	-20,-20,-18,-18,-18,-17,-17,-17,-15,-15,-17,-14,-14,-14,-13,-13,
	-13,-13,-13,-11,

};



static const int8_t wt_sustain1[] = {

	-1,-1,0,0,1,2,2,3,3,5,6,6,7,9,9,10,
	11,11,13,14,14,15,17,17,17,18,18,19,19,21,22,22,
	23,23,25,25,26,27,29,29,30,30,31,31,31,33,34,34,
	34,35,35,37,37,37,38,39,39,41,41,42,42,43,43,43,
	44,44,46,46,47,47,48,48,50,50,51,51,52,52,54,54,
	55,55,56,56,58,59,59,59,60,60,62,62,63,63,64,64,
	66,67,67,68,68,68,70,70,71,71,71,72,72,74,74,74,
	75,75,76,76,78,78,78,79,79,80,80,82,82,82,83,83,
	84,84,85,85,87,87,88,88,89,89,91,91,92,92,92,93,
	93,95,95,96,97,97,99,99,100,100,101,101,103,103,103,103,
	103,103,104,104,105,105,107,107,108,108,108,109,109,111,111,111,
	111,111,112,112,112,113,113,113,113,115,115,116,116,117,117,117,
	117,119,119,120,120,120,120,120,120,120,121,121,121,121,121,123,
	123,123,123,123,123,123,124,124,124,124,124,124,124,125,125,125,
	125,125,125,127,125,125,125,125,125,125,125,125,125,125,125,125,
	125,124,124,124,124,124,124,124,124,123,123,123,123,123,121,121,
	121,121,121,120,120,120,120,120,119,119,119,117,117,116,116,116,
	115,115,115,113,113,112,112,112,111,111,111,109,109,108,108,107,
	107,105,105,104,104,103,103,101,100,100,99,99,97,97,96,95,
	93,93,92,91,89,89,88,87,87,85,84,84,83,83,82,80,
	79,78,78,76,76,75,74,72,72,71,70,68,68,67,66,64,
	64,63,62,60,60,59,58,58,56,55,54,54,52,51,50,48,
	47,46,46,44,43,42,41,39,39,38,37,35,35,34,33,31,
	30,29,29,27,26,25,25,23,22,21,19,19,18,17,15,15,
	14,13,11,11,10,9,7,7,6,5,3,3,2,1,0,0,
	-1,-2,-3,-3,-5,-6,-6,-7,-9,-9,-10,-10,-11,-11,-13,-14,
	-14,-15,-17,-17,-18,-18,-19,-21,-22,-22,-23,-25,-26,-26,-27,-27,
	-29,-29,-30,-30,-31,-31,-33,-34,-35,-35,-37,-37,-38,-38,-39,-41,
	-41,-41,-42,-42,-42,-43,-43,-44,-44,-46,-46,-47,-47,-48,-48,-50,
	-50,-51,-51,-52,-52,-54,-54,-55,-55,-56,-56,-56,-58,-58,-59,-59,
	-60,-60,-62,-62,-62,-63,-63,-64,-64,-66,-66,-67,-67,-68,-68,-70,
	-70,-71,-71,-72,-72,-72,-74,-74,-74,-75,-75,-76,-76,-78,-78,-79,
	-79,-79,-80,-82,-82,-82,-83,-83,-84,-84,-84,-84,-85,-85,-85,-87,
	-87,-88,-88,-89,-89,-91,-91,-92,-92,-93,-93,-95,-95,-95,-96,-96,
	-96,-97,-97,-97,-99,-99,-100,-100,-101,-101,-101,-103,-103,-103,-104,-104,
	-105,-105,-105,-105,-107,-107,-108,-108,-109,-109,-111,-111,-111,-112,-112,-113,
	-113,-113,-115,-115,-115,-115,-115,-116,-116,-116,-117,-117,-117,-119,-119,-119,
	-119,-120,-120,-120,-120,-121,-121,-121,-121,-121,-121,-121,-123,-123,-123,-123,
	-124,-124,-124,-124,-124,-124,-125,-125,-125,-125,-125,-125,-125,-125,-125,-125,
	-127,-127,-127,-127,-127,-127,-127,-127,-127,-127,-127,-127,-127,-127,-125,-125,
	-125,-125,-125,-125,-125,-125,-125,-125,-124,-124,-124,-124,-123,-123,-123,-123,
	-121,-121,-121,-121,-120,-120,-120,-120,-119,-119,-119,-119,-117,-117,-117,-116,
	-116,-115,-115,-115,-113,-113,-112,-112,-112,-111,-111,-109,-109,-109,-109,-108,
	-108,-107,-107,-105,-104,-104,-104,-103,-103,-101,-101,-100,-99,-97,-97,-96,
	-96,-95,-95,-93,-92,-92,-91,-89,-89,-88,-88,-87,-85,-85,-84,-83,
	-82,-82,-80,-80,-79,-78,-78,-76,-75,-74,-74,-72,-72,-71,-70,-70,
	-68,-68,-67,-67,-66,-64,-63,-62,-62,-60,-59,-59,-58,-56,-55,-54,
	-54,-52,-51,-51,-50,-48,-47,-47,-46,-44,-44,-43,-42,-41,-41,-39,
	-38,-37,-37,-35,-34,-34,-33,-31,-30,-30,-27,-26,-26,-25,-23,-22,
	-22,-21,-19,-19,-18,-17,-15,-15,-14,-13,-13,-11,-10,-9,-9,-7,
	-6,-3,0,-2,

};



static const uint8_t envelope_table1[] = {

	3,116,116,0,0,0,109,109,109,109,113,113,255,255,255,127,
	127,127,127,38,38,74,74,74,74,74,109,109,109,56,56,56,
	56,56,56,56,35,35,42,42,42,3,3,88,88,88,134,134,
	134,88,88,10,10,10,120,120,120,127,127,70,70,42,42,17,
	17,17,46,46,46,46,0,0,67,67,38,38,38,77,77,77,
	77,77,0,0,0,0,0,10,10,10,56,56,56,56,60,60,
	95,95,60,60,60,46,46,46,46,63,63,63,70,70,42,42,
	14,14,14,14,14,3,3,0,0,3,3,53,53,53,53,53,
	24,24,24,24,24,24,0,0,0,17,17,17,17,49,49,60,
	60,49,49,49,35,35,35,35,49,49,49,35,35,35,35,35,
	35,7,7,7,7,7,7,7,0,0,21,21,10,10,28,28,
	28,28,28,3,3,3,3,3,0,0,0,0,28,28,28,28,
	38,38,38,38,38,38,38,35,35,35,35,31,31,31,28,28,
	10,10,14,14,14,14,14,3,3,3,3,3,3,17,17,10,
	10,10,10,10,10,10,10,0,0,0,0,10,10,10,10,28,
	28,28,28,28,28,28,28,28,28,28,28,28,28,28,17,17,
	17,17,17,17,17,17,0,0,0,0,3,3,3,3,3,3,
	3,10,10,10,10,3,3,3,3,3,3,3,3,3,14,14,
	14,14,24,24,24,21,21,21,21,21,21,21,21,17,17,17,
	14,14,14,14,7,7,7,7,7,0,0,0,0,3,3,3,
	3,3,3,3,7,7,7,7,7,0,0,0,0,7,7,7,
	7,14,14,14,14,17,17,17,17,17,17,17,17,17,17,17,
	10,10,10,10,10,10,10,10,0,0,0,0,0,0,0,0,
	3,3,3,3,3,3,3,3,3,3,3,3,3,3,3,3,
	10,10,10,10,14,14,14,14,14,14,14,14,14,14,14,10,
	10,10,10,7,7,7,7,3,3,3,3,0,0,0,0,0,
	0,0,0,0,0,0,3,3,3,3,3,0,0,0,0,3,
	3,3,3,7,7,7,7,10,10,10,10,10,10,10,10,10,
	10,10,7,7,7,7,3,3,3,3,0,0,0,0,0,0,
	0,0,0,0,0,0,0,0,0,0,0,0,0,0,3,3,
	3,3,3,3,3,3,7,7,7,7,7,7,7,7,7,7,
	7,7,7,7,7,3,3,3,3,3,3,3,3,0,0,0,
	0,0,0,0,0,0,0,0,0,0,0,0,0,0,0,0,
	0,3,3,3,3,3,3,3,7,7,7,7,7,7,7,7,
	7,7,7,7,3,3,3,3,3,3,3,3,0,0,0,0,
	0,0,0,0,0,0,0,0,0,0,0,0,0,0,0,0,
	0,0,0,0,3,3,3,3,3,3,3,3,3,3,3,3,
	3,3,3,3,3,3,3,3,3,3,3,0,0,0,0,0,
	0,0,0,0,0,0,0,0,0,0,0,0,0,0,0,0,
	0,0,0,0,0,0,0,3,3,3,3,3,3,3,3,3,
	3,3,3,3,3,3,3,3,3,3,0,0,0,0,0,0,
	0,0,0,0,0,0,0,0,0,0,0,0,0,0,0,0,
	0,0,0,0,0,0,0,0,0,0,0,0,0,3,3,3,
	3,3,3,3,3,3,3,3,3,0,0,0,0,0,0,0,
	0,0,0,0,0,0,0,0,0,0,0,0,0,0,0,0,
	0,0,0,0,0,0,0,0,0,0,0,0,0,0,0,0,
	0,0,0,0,0,0,0,0,0,0,0,0,0,0,0,0,
	0,0,0,0,0,0,0,0,0,0,0,0,0,0,0,0,
	0,0,0,0,0,0,0,0,0,0,0,0,0,0,0,0,
	0,0,0,0,0,0,0,0,0,0,0,0,0,0,0,0,
	0,0,0,0,0,0,0,0,0,0,0,0,0,0,0,0,
	0,0,0,0,0,0,0,0,0,0,0,0,0,0,0,0,
	0,0,0,0,0,0,0,0,0,0,0,0,0,0,0,0,
	0,0,0,0,0,0,0,0,0,0,0,0,0,0,0,0,
	0,0,0,0,0,0,0,0,0,0,0,0,0,0,0,0,
	0,0,0,0,0,0,0,0,0,0,0,0,0,0,0,0,
	0,0,0,0,0,0,0,0,0,0,0,0,0,0,0,0,
	0,0,0,0,0,0,0,0,0,0,0,0,0,0,0,0,
	0,0,0,0,0,0,0,0,0,0,0,0,0,0,0,0,
	0,0,0,0,0,0,0,0,0,0,0,0,0,0,0,0,
	0,0,0,0,0,0,0,0,0,0,0,0,0,0,0,0,
	0,0,0,0,0,0,0,0,0,0,0,0,0,0,0,0,
	0,0,0,0,0,0,0,0,0,0,0,0,0,0,0,0,
	0,0,0,0,0,0,0,0,0,0,0,0,0,0,0,0,

};

#endif

