4211229	,4409888	,4144931	,4934700	,5393712	,4801572	,3750941	,5328170	,6181169	,4868905	,4276517	,6643001	,5788470	,5591850	,5722928	,5657646	,6117692	,6841666	,6317105	,4803363	,5393709	,4802853	,5329450	,4936482	,5196333	,5197864	,6185270	,6118713	,6511428	,7764302	,7369542	,4997671	,5657392	,6842434	,7696715	,7695706	,5790777	,5396542	,4409142	,5066286	,4869157	,5591601	,5722173	,6776392	,7827539	,5329710	,4673069	,4212784	,5724217	,6709571	,
5658665	,6118697	,6116908	,6312755	,6970434	,5590577	,3947295	,3685150	,4999981	,4145960	,5921834	,6383148	,5788208	,5264166	,5003039	,5198122	,5853500	,5789746	,5726251	,5724206	,5656370	,6183989	,5921082	,5132845	,4343846	,4276507	,4739364	,5394988	,5131052	,5264946	,6381368	,5592369	,4607267	,5922601	,6317355	,4607525	,5791565	,6908227	,6379579	,6443335	,5460029	,6513206	,4870190	,3489315	,4934701	,5857085	,6448709	,5395770	,6509118	,6115649	,
5132849	,4341024	,6052150	,6512184	,6774584	,6974008	,5329450	,4277798	,4804904	,4409896	,5527079	,6249270	,7824203	,6709563	,5201433	,4541732	,5065776	,5328431	,4211747	,4475169	,8153167	,8218958	,5395766	,4934700	,4804134	,4738854	,5460017	,5789232	,4935971	,6051891	,6050877	,4540457	,4410666	,5396271	,6119475	,4739111	,5001261	,7499850	,6907980	,5134390	,5197873	,6316595	,6844230	,4016166	,4804647	,7235913	,7629895	,5593667	,5853759	,5985858	,
6051893	,5196333	,5067565	,4803882	,5790001	,6185519	,4868648	,5001513	,5463069	,5395241	,4409122	,4539430	,7103049	,6117684	,4607519	,4475430	,6381107	,6775865	,6118715	,5985849	,6247488	,6445887	,4278560	,5460532	,5460017	,6053430	,5067316	,4738089	,4475943	,4999980	,5658160	,5328431	,4999462	,5724465	,4934701	,4737322	,4803112	,5331250	,5133107	,4015909	,5001513	,5725220	,5855541	,6906942	,4737319	,5134898	,5725499	,4805173	,4080419	,4803890	,
5328431	,4935217	,4343846	,3026971	,5132077	,5724717	,5987125	,5724719	,5594152	,5527087	,5131818	,4475682	,5135652	,5791541	,5724968	,4475428	,5921069	,6512954	,5592630	,5327665	,4803366	,5133611	,5330224	,6052928	,6249783	,7235137	,5856054	,5000491	,4408606	,6644805	,6776641	,7828815	,6840896	,5724206	,6052668	,5066286	,4868648	,5921336	,6710860	,5331541	,4937790	,4803366	,5789746	,6381107	,5131566	,4411429	,4016417	,4541734	,5000742	,5197864	,
5000232	,6317885	,6711111	,1972750	,5068068	,6188332	,5859627	,5265706	,5265708	,5200944	,5394473	,5000992	,4540191	,5659696	,6185016	,6250299	,5396017	,5789229	,5461045	,5199413	,5789231	,5393452	,4935217	,5789483	,4604708	,5196081	,5525295	,5528110	,5593396	,6578498	,6250550	,6906437	,6117173	,5987637	,6974525	,4605223	,4868899	,5065773	,5066033	,5460532	,5262636	,5788469	,5658926	,4934950	,5067557	,4607267	,5198122	,5131048	,4212007	,5066536	,
3882280	,5132847	,4671018	,2763031	,5528868	,6451753	,5859627	,6120754	,6384181	,5725495	,3750945	,5002283	,7760979	,7367761	,6317886	,7365959	,6118194	,6117935	,3552798	,6055749	,6250281	,6315065	,6185284	,5657123	,5329708	,5789497	,5788719	,5788718	,6577726	,6382134	,5132069	,6049080	,5852718	,5722926	,6249529	,5526324	,5263657	,5262634	,4146725	,5658413	,5657392	,6447688	,6119224	,5262624	,5329448	,5459753	,6182196	,5919277	,5460264	,4409124	,
7040842	,3750691	,4012836	,3683871	,3686173	,5924907	,5200167	,5924408	,5923128	,4934449	,4146463	,4542753	,6514261	,4868923	,5791280	,6776378	,5397535	,5986850	,3950115	,4871493	,6052393	,7039548	,6380353	,4474668	,7766117	,6515793	,6381366	,5395752	,4870447	,6250309	,7170114	,5985597	,4802604	,5000996	,6118975	,7173947	,7172414	,6184007	,3950891	,5130789	,6051880	,6711889	,8752777	,8686459	,5463354	,5526309	,5985846	,5986097	,5920295	,3818013	,
7305038	,3749146	,4144672	,4934698	,3421729	,3686174	,3224096	,5132849	,5264685	,4935989	,4540961	,5527079	,6052918	,4016945	,4277285	,5000742	,5200157	,6118435	,5000485	,4213298	,4277808	,6579517	,5591352	,4541231	,5463362	,5788727	,5656622	,4082464	,5855794	,6709829	,7698007	,6907712	,6313269	,5921065	,4672807	,5792052	,7370825	,4937018	,4805185	,5462064	,5920297	,5528631	,6450525	,6583402	,4868908	,5856568	,5855276	,5790761	,5395241	,4079908	,
2962718	,2433814	,3157787	,3224347	,3356957	,3949086	,4144674	,5723690	,5196333	,4540710	,4410918	,4936492	,5986862	,5592371	,5984817	,5657396	,5198373	,5329197	,7499336	,5986600	,5725236	,6117684	,6249529	,5265700	,5066805	,6051642	,5854765	,5461294	,5723955	,6052404	,5198892	,4278303	,5591091	,7167812	,5986611	,5789229	,6119473	,5724984	,6056539	,7106398	,5264166	,6447161	,7105356	,6973503	,7235128	,7503187	,5596205	,4805159	,5987125	,4802863	,
3158303	,2697489	,2632213	,4212771	,4672811	,5526829	,5856295	,5527086	,5724456	,4869159	,5724206	,5395500	,4408354	,4409888	,5131050	,5394992	,6313279	,5461044	,6185533	,6381105	,5395239	,5262636	,6971712	,5724458	,5527607	,4868646	,5460264	,6579515	,5921332	,7628102	,6709310	,5855539	,5722926	,5849385	,5788208	,5331242	,5855022	,6051129	,5200968	,5463103	,5660718	,6315326	,6314560	,5724465	,6315055	,5067306	,4608045	,4345386	,5922615	,5725485	,
5394988	,5263404	,4475689	,5857847	,5985848	,7694408	,6775604	,4607258	,4407846	,5393969	,5853999	,5130799	,5196845	,4737820	,5526827	,6447175	,6445887	,6183987	,5527856	,6185266	,4999464	,5725495	,6775103	,6380856	,6578237	,6117947	,4803363	,5394487	,5394738	,5920305	,6576441	,6839615	,5461296	,5524266	,6248761	,6053430	,5131820	,6118448	,5526576	,4409897	,4738087	,4738341	,5659442	,5791789	,5658672	,5722934	,4344884	,4146742	,5197873	,6776641	,
5593899	,5722417	,5001259	,4409635	,4933669	,5657910	,5263914	,5067559	,5066284	,5853500	,5591090	,3817752	,5065259	,5986098	,6381368	,8026443	,6644540	,5460781	,5987378	,6382649	,5656620	,6972480	,7039298	,6580028	,8090961	,6381636	,5131818	,6709310	,8550998	,7038537	,6777405	,6381620	,5660718	,5462063	,8025429	,8943962	,6249280	,5201192	,5923626	,5921837	,5789756	,6510912	,8220251	,6317372	,6315065	,7562317	,5592120	,2830867	,5132329	,8615250	,
6380594	,7167291	,5262123	,5986860	,6512691	,5790261	,4540191	,4145184	,7104569	,8022860	,7171636	,5397533	,4669486	,6446651	,5987137	,5526586	,6709571	,6905410	,6445887	,7433546	,6778175	,6840644	,4802337	,6119477	,6446397	,6249020	,5133362	,6249269	,7434054	,5791531	,5133611	,5790007	,5330477	,6315573	,6841666	,6513982	,5394988	,4870448	,5790001	,5789999	,6052152	,7103302	,7367240	,6117937	,4869675	,5788982	,5986106	,4540708	,5460532	,7826510	,
6447152	,5854511	,4803114	,6776879	,6710315	,6381359	,6052142	,5262888	,4933671	,6379326	,7170874	,5856295	,4474917	,5857342	,5001012	,4145451	,5263152	,5525295	,6052928	,6776894	,5791549	,5194541	,5589546	,8156489	,8419160	,8222030	,6313281	,5589047	,6315591	,6779466	,5857335	,8089682	,7696706	,6844981	,5592882	,4606765	,5329197	,6183227	,8747086	,7300677	,5787189	,5792076	,5463867	,6711610	,6710080	,7696207	,9535070	,6709312	,6315589	,6314813	,
3621161	,4870450	,7039286	,7960113	,6119213	,5659442	,7500601	,7499061	,5394473	,4540192	,6513974	,7565632	,5725998	,6907212	,7956564	,5263917	,5527338	,5658421	,8090961	,5788727	,5132855	,4866855	,6514235	,8026445	,7760979	,7366989	,5854262	,4999990	,6251330	,5858892	,6382138	,7565132	,8291147	,7369540	,7364678	,6905923	,6645568	,8615246	,9273170	,7498828	,5459251	,5395778	,4933938	,6051128	,5526835	,6709820	,9470046	,6577473	,5592882	,5987656	,
4869673	,5133609	,5723690	,7170613	,7434046	,5197872	,7432003	,7038528	,5264168	,4146204	,5526576	,8026175	,6973753	,6381887	,7564103	,4737062	,4936233	,5395503	,6250810	,6382388	,5132845	,7101768	,7102789	,5921587	,5331769	,4932647	,6315324	,7500615	,5262885	,6050099	,6839366	,6578237	,4608548	,5064747	,5394738	,6053173	,6119223	,8152657	,7824719	,6710084	,7433033	,7234124	,5854522	,5131820	,6314300	,6051642	,6182974	,6905406	,5394988	,4015641	,
5528108	,4344096	,5066023	,5460781	,5461293	,5329450	,5591348	,5001012	,4935720	,6249012	,7234120	,6710581	,5397559	,4869172	,5462315	,5855289	,5920564	,7564102	,6052401	,6843449	,6774325	,6577724	,6446648	,6314811	,5987380	,6709310	,5724968	,7170874	,8153407	,7759429	,6773830	,6774852	,5656883	,5656875	,4738592	,7760955	,8812366	,8547664	,7693386	,6708029	,7039049	,7497543	,4539940	,6773822	,6972480	,6445370	,6839875	,7892303	,8681566	,6445889	,
2699558	,4147772	,7234878	,8746057	,6712368	,6449196	,5855792	,3686176	,4145436	,6774834	,8088402	,6249521	,5263904	,6250800	,5397035	,4541734	,6970683	,10652000	,7039289	,5857325	,7695678	,7236157	,6776126	,6446136	,7563336	,9141082	,7039289	,7039548	,8418119	,7300164	,5525044	,5590827	,7825479	,8747096	,6053171	,7629116	,8747083	,6709821	,5328427	,6642747	,7564872	,7367750	,5657646	,5263915	,6709561	,6249018	,6905408	,6512442	,6773820	,7628361	,
2830110	,3422764	,6051641	,7695427	,7106863	,6777395	,5920047	,6183469	,6051881	,5920805	,6710323	,6316844	,6054183	,6976057	,5197611	,4935217	,5592379	,9074519	,7960903	,6185270	,6054185	,5921065	,5462064	,6578999	,7496765	,8417610	,6251829	,6183989	,6579774	,5658160	,4737573	,6249012	,8614985	,8485202	,6053430	,5790009	,7038536	,5856555	,4868394	,9271898	,10128238	,9733227	,8089413	,5526829	,5723953	,6119223	,5984819	,6051891	,7563843	,9535590	,
6907703	,6513457	,4274977	,6579248	,6843188	,5199151	,4473888	,4474917	,7041856	,4277297	,4738602	,7171634	,5921585	,5329458	,6120245	,7304771	,6251841	,5067567	,6053171	,6382385	,5856041	,5789221	,5726000	,6314805	,8615246	,7433795	,6449459	,7499590	,7036992	,6710324	,8153416	,8090197	,10061914	,8552528	,6513981	,6512192	,8350285	,8154957	,5593400	,7433543	,7037505	,8548952	,6447680	,6643770	,5592620	,5067305	,5852722	,5327919	,6710080	,9995110	,
7565371	,7436859	,3685158	,6316595	,8288829	,6250552	,6644281	,6382395	,10462569	,5459764	,5197095	,8816202	,7499847	,3157787	,7238985	,8819023	,6511941	,5065509	,6380598	,8288829	,7368002	,6645819	,8095559	,7172668	,6907451	,5396530	,5329959	,7433534	,5988667	,5593123	,7039286	,6381119	,6512693	,6052918	,4870437	,6513202	,7760452	,7829317	,5593913	,6119224	,6379828	,5923125	,5135151	,5723957	,6512952	,6449713	,6707259	,6249533	,5987378	,7697478	,
8883787	,6646589	,3091994	,4011548	,5457192	,3553315	,3817500	,8947527	,8157510	,6050602	,7300918	,8158019	,7829580	,4409145	,6447690	,7962459	,4411195	,8158031	,9011788	,9668942	,8355158	,4803633	,7304771	,8948574	,8946521	,7632203	,9274192	,9800536	,9278327	,7436113	,6976304	,6907190	,7302217	,7630147	,5001762	,5527340	,7499075	,9144913	,7237180	,5526835	,8089682	,7433286	,5725998	,6514233	,7762758	,7829831	,7239239	,6579517	,6581307	,7368002	,
6447426	,4474927	,2170132	,2892562	,3683104	,2566691	,2041366	,6907962	,5988911	,4278562	,6451790	,4079659	,3026979	,4408623	,9077834	,7237453	,5001800	,6711361	,7498046	,6972466	,5657910	,6314801	,7237697	,6251059	,6185282	,8420941	,9209680	,9275747	,7765082	,7962197	,8356429	,8686172	,8290896	,10392922	,7695689	,7300930	,8880980	,8684622	,8158282	,6711351	,8288077	,6578748	,6185270	,7828294	,9736809	,8486996	,6976316	,5068854	,6776641	,9207886	,
2828311	,3157011	,2631442	,3288094	,3094312	,2830113	,2301715	,2828309	,5527366	,5990736	,5595718	,3027741	,2696474	,4869185	,8027220	,7762758	,3750193	,5197637	,5062704	,3553827	,3227930	,8356678	,10855544	,6256451	,5265947	,4936233	,5069121	,6518119	,6911060	,10131298	,10855292	,8885891	,7106622	,5987637	,4603683	,7098937	,7368261	,9341266	,7958858	,4935466	,5001776	,5791029	,5135930	,5527865	,7433286	,8619082	,7698497	,6453072	,6645316	,8617293	,
2300176	,3550753	,3090202	,3485212	,3684908	,3354404	,1907211	,2696209	,4868397	,6845546	,5591870	,5913125	,3485465	,4077348	,5393735	,6115651	,4342579	,5924434	,6385757	,4282689	,4284684	,6977094	,9540725	,8623246	,7374431	,5202750	,5596516	,5859437	,7176316	,11577978	,9409394	,5004351	,7104579	,5463085	,4871728	,7565129	,7499336	,11379065	,6842698	,3029793	,2832414	,3356973	,3556907	,3030051	,7239239	,10787429	,8948564	,7373653	,4739137	,4410674	,
3158828	,3091232	,3417625	,4273195	,4145460	,3948080	,4212030	,3422764	,3616790	,4076569	,4795168	,5387305	,2890513	,3283472	,4135958	,7754557	,6708039	,8162695	,7704711	,6849145	,4938560	,3950903	,4807453	,7237206	,8820114	,6124390	,5794137	,7175546	,10529699	,11252384	,7109183	,4741674	,5004102	,3556394	,3292963	,4476460	,5595192	,7107663	,4807477	,3623730	,3359277	,3095844	,7038798	,8619874	,10859928	,10789764	,6648381	,5925194	,4870978	,6056241	,
4016707	,2763294	,3093035	,3621177	,4739915	,5266002	,4937034	,3750191	,1577217	,2363908	,3284486	,2695438	,2500377	,4077608	,4140319	,7233105	,5461311	,5201469	,6716250	,5400141	,4081478	,4608805	,4544519	,4933152	,5327928	,6388076	,7110772	,8295819	,8757150	,10268849	,7242068	,3756066	,4412214	,5726810	,3621675	,2767392	,3096873	,3359526	,5791288	,6054209	,3426087	,4870450	,9011800	,8029281	,10795947	,8557953	,6188895	,4872265	,4807214	,7960401	,
4147521	,3686199	,3687227	,4871501	,6845034	,6318438	,5463893	,2631971	,1903369	,2756874	,3089161	,2500110	,3028259	,4803130	,5922371	,5264445	,5265195	,5071142	,6123577	,5663303	,5991265	,6519392	,5269032	,5455896	,6706741	,7831661	,6650978	,7440251	,7900552	,8492948	,6914669	,3294755	,4412982	,4478785	,3096357	,2241047	,3096105	,3754037	,7566161	,7038534	,3030053	,3555368	,4608305	,4280620	,5135939	,6186834	,6713432	,5137739	,6186050	,8419930	,
3553584	,3621176	,4212284	,6055264	,6516069	,5002059	,4803653	,3218968	,5057575	,3545112	,2626569	,3349516	,4071448	,4669234	,5730125	,4806187	,5854260	,7241306	,6056529	,4477999	,3951897	,3884069	,5266761	,6181167	,6514752	,5597258	,5334084	,4939326	,4806962	,5664332	,7177833	,5268040	,3229211	,3558188	,3490853	,3954478	,3887669	,3557424	,7831884	,7172681	,3423528	,3952944	,2833703	,3557155	,4542512	,9143135	,6911049	,3753512	,5069887	,4215087	,
2498076	,2564888	,4145462	,4804168	,4273196	,3285274	,2105877	,3222048	,6443078	,5454892	,2888197	,2822151	,3019271	,3479821	,4408885	,5136966	,9134417	,7103827	,2832680	,3226905	,3291659	,2369288	,2370832	,4938038	,5135921	,4082461	,4740134	,5992779	,6714712	,7629646	,6387788	,7111527	,4281658	,3292186	,4013837	,4017708	,3953724	,2900005	,5530161	,7503450	,6452567	,4875838	,6450234	,5266224	,3556907	,7960416	,6780754	,2964000	,4678211	,3953211	,
1772802	,2035206	,2497555	,3684657	,2169362	,3416095	,3154202	,1839625	,2168847	,4078891	,3879969	,2692624	,2363401	,2560512	,4799532	,6843232	,7819580	,4273187	,1777676	,3158565	,4016166	,2765323	,3488291	,5135903	,5201961	,3886111	,3491092	,5661509	,7106639	,10252365	,9209705	,6189395	,3295265	,2437903	,2370832	,2241048	,3688491	,2701339	,4148775	,5534294	,6057542	,5727556	,6054971	,5002803	,4082731	,6321241	,6387788	,6712117	,6190662	,4149814	,
1640449	,2628373	,3750702	,3817524	,2500898	,2169364	,4401701	,3549726	,3416339	,4072218	,5325884	,4009513	,3546650	,3151367	,3745311	,3224098	,8802637	,5391166	,1515280	,2500624	,3027220	,3556887	,7438962	,7042386	,5069861	,4279329	,2964250	,2962967	,3555870	,4872221	,7238712	,6910282	,5201984	,4544050	,3357713	,3226901	,2767892	,2701327	,3229991	,4085811	,5662551	,5332808	,3887933	,5793108	,4676657	,6581566	,5530937	,5924667	,5003583	,4871728	,
3551015	,4804167	,3753020	,3092009	,2562065	,2629390	,3879970	,5785656	,6113333	,3479819	,4070680	,4926765	,4862757	,4201751	,4466212	,4673846	,8542533	,6512182	,2765588	,4344371	,4937790	,5268798	,6319952	,5464895	,5134902	,5399350	,3885603	,3161110	,4604457	,6712394	,6912338	,6256956	,7304503	,8156478	,5331232	,4016920	,3226903	,3622441	,4412986	,5138501	,5662297	,4674886	,6977390	,6650221	,3361579	,3097124	,4413244	,4085562	,3753271	,5857342	,
5000517	,3815732	,3356722	,2299924	,3547932	,4998964	,3944233	,5189678	,5384996	,4862763	,7038295	,4734766	,4401436	,5252648	,5060897	,4478257	,5069356	,5531665	,5397023	,5463352	,6058587	,4608046	,4674852	,5925695	,6315314	,6910264	,6975554	,7496506	,9528399	,11038556	,9340294	,5136705	,5991967	,9341514	,6383417	,3492912	,5401158	,7177823	,7768952	,6782831	,5004621	,4675137	,6188390	,5861980	,4479304	,3953976	,3691051	,5795164	,4872255	,6452569	,
2367259	,2826266	,3549475	,2301718	,5064002	,4335138	,3280911	,4664095	,6182988	,7107435	,8030848	,5390390	,4269338	,4663333	,4671529	,4543800	,5134146	,6319940	,5988384	,6511653	,5004595	,4214566	,6452829	,8293499	,5989445	,7700566	,8557417	,7893820	,4143919	,4607542	,3095586	,4543541	,9408873	,10197851	,7894855	,4741698	,5531465	,5992016	,6059352	,2967080	,5462864	,6254436	,4479304	,5269582	,4412482	,2832935	,4938309	,9412257	,5268295	,4149294	,
3684659	,4273716	,4207919	,3414036	,3217428	,3216657	,4662053	,7237992	,6518636	,6711389	,5259839	,3741212	,3871508	,4602404	,3884849	,3226670	,4475186	,6056004	,5793303	,6645290	,7108439	,7241583	,7373947	,7441028	,7770506	,9019809	,7572327	,8159273	,5001513	,5593418	,4411179	,6515512	,5989445	,9675383	,7569243	,3621938	,3030554	,5728092	,5201230	,2372113	,3491114	,6451289	,5267539	,5991526	,3158818	,2830362	,4675656	,7508100	,5072718	,2503455	,
3486253	,3813935	,3483169	,2167307	,2367259	,2959397	,6245709	,6185821	,6319713	,6643529	,6043692	,5589836	,6643276	,6514738	,3688996	,5329697	,5722648	,5005069	,8226894	,9274708	,8029030	,9677993	,7507586	,7374721	,8493202	,9808549	,9413789	,7503410	,5397793	,5397571	,10857628	,9805703	,5333568	,8096351	,7832154	,6318671	,5793097	,4874048	,5335379	,6322523	,5533005	,4742209	,4806210	,6911329	,6121809	,4609083	,4610371	,5336917	,4020546	,3425838	,
3157033	,3156775	,3683630	,1971472	,3155997	,3486249	,4596509	,4663844	,5717043	,8413016	,7634046	,8230554	,8490377	,7106144	,4081963	,6581058	,7568702	,8423750	,9738626	,5200182	,4937537	,6056287	,7573620	,6385218	,7305543	,10981235	,6647628	,10528143	,9409394	,6054200	,10726802	,8226936	,5530438	,6187602	,7964274	,5399889	,7505515	,8227687	,9083767	,9348489	,7506546	,6056790	,6517858	,7833469	,6650978	,8098422	,9676434	,8490107	,7503985	,7570546	,
3289899	,3751215	,4076587	,2692624	,3810327	,4141358	,3611415	,3679778	,4403491	,5391415	,5927271	,9280673	,10069411	,7636865	,7700075	,10002830	,9936526	,9872281	,5201749	,4084307	,3095343	,3885854	,4939562	,5269045	,5858874	,6776902	,6057291	,9411961	,10397049	,6317876	,7040575	,4741433	,3293482	,2898718	,4478528	,4017708	,5927504	,6387034	,10464694	,9020563	,6453609	,9149578	,8555909	,8229743	,7373141	,9873538	,10136459	,7241832	,9609853	,9084549	,
3488043	,3025439	,3615008	,3808274	,5325626	,3949625	,3156259	,2303264	,3160625	,5396055	,5594188	,7759714	,8678757	,8948612	,10662064	,7044186	,5464132	,5202536	,6187624	,5989708	,5924657	,5860163	,5598800	,5466702	,6190678	,7177322	,7046508	,5993558	,5592353	,9866329	,3623728	,4215864	,3755304	,2831894	,5795138	,6125386	,5927756	,5465670	,9083019	,9477516	,8030309	,8229230	,8885867	,9017974	,8886140	,9411196	,8689009	,8820864	,8032354	,9412462	,
3093533	,2564112	,4597792	,5653550	,5722952	,2437675	,3287592	,3422766	,4280126	,4808018	,5004621	,5202511	,5136458	,5659212	,6574411	,6382422	,4412204	,4280371	,4540972	,8681552	,7762501	,4345635	,5400392	,5992275	,5861460	,8292451	,7373390	,5730374	,6712631	,10658940	,3095592	,5137472	,5070137	,3754536	,5926728	,7769710	,7176542	,8754793	,8754802	,7701615	,8425841	,7769459	,7965036	,7505756	,8820112	,7306344	,7110749	,8229240	,7176540	,8688512	,
3749411	,3811094	,3609876	,3811107	,3553073	,2500635	,3882288	,4214333	,5531992	,5665118	,6323050	,7177078	,7634023	,5194036	,2295043	,5327669	,6190424	,6188340	,6646850	,6912598	,7373653	,7108164	,5332530	,6381636	,6447152	,9081181	,8359258	,8689276	,8951172	,9939102	,6187863	,6978143	,9084046	,6717792	,5596742	,9150356	,8821125	,8097394	,7965816	,7965557	,7965816	,8098683	,7702642	,7373928	,8228739	,7176037	,6387033	,6584666	,6649944	,6978411	,
4801082	,5590083	,5261635	,4015156	,3554352	,4147782	,4607822	,3746600	,3292209	,4608584	,4674373	,7108704	,10058334	,7558987	,4666154	,6777706	,9611950	,9280398	,7832680	,8097392	,7242845	,8887662	,9474916	,9932399	,11579031	,10133384	,7964775	,8295803	,8227446	,8491907	,9938324	,8951169	,8754050	,7572090	,7438184	,8885903	,8031610	,7900023	,8690066	,8557702	,8031097	,7769215	,8031610	,8557440	,7702395	,7241830	,7307887	,8886669	,7307627	,7307623	,
5200183	,5135439	,7438459	,5200719	,5463891	,5993582	,4276284	,3879208	,3882288	,5988693	,8030848	,8489866	,9344649	,9804948	,8622717	,8491911	,8953490	,8887445	,9280914	,8492160	,8688778	,9017222	,8227947	,9017743	,8689804	,7372652	,8426619	,8952209	,7438190	,7965555	,8425338	,9610128	,8556924	,7966335	,8360070	,7505004	,8162944	,7241064	,7965054	,8096638	,8096373	,8887186	,7505014	,8425603	,8360062	,7768186	,8031105	,8886414	,7767927	,7373166	,
8096122	,8556422	,7437683	,8687750	,5858901	,6384482	,6319198	,6252897	,8030078	,7964274	,8886157	,8162944	,8755598	,9279887	,9411982	,10728368	,9083797	,8162683	,8821644	,7767937	,7768705	,8360321	,8886667	,7899259	,8689035	,8623242	,6847852	,7700600	,6255198	,7373426	,7307884	,7898745	,7571059	,7242091	,7440242	,7768435	,7440242	,8557189	,6978662	,7043432	,7175269	,8360321	,7504752	,7241583	,7768186	,8228486	,7307627	,7176047	,5992026	,6056792	,
8687746	,9148810	,10069660	,8622984	,7965303	,8359042	,7373169	,7174501	,7965563	,7504752	,7505006	,8031610	,7503472	,7044712	,6848363	,8360574	,8360321	,8360321	,8360840	,7832948	,8031356	,8294019	,8161915	,7965563	,8162433	,8556421	,6715236	,6253918	,6583904	,6318939	,6649956	,7832698	,6517090	,7568754	,6253659	,7832699	,6649705	,7044202	,9084048	,6912366	,6780765	,7175788	,7372917	,6518111	,7702140	,7306871	,6451295	,6386272	,7701880	,5727572	,
6912877	,7569519	,7965306	,8556673	,7437933	,7241840	,7571058	,7240290	,6912616	,6912097	,7175273	,7372652	,7570809	,7372915	,6386272	,8029559	,7372397	,5727563	,7504753	,8359547	,7700592	,8426114	,8031105	,7702395	,7372915	,6780515	,7571575	,7175018	,7110772	,7570809	,6319451	,7175538	,6978670	,7307373	,6385757	,5926750	,5859413	,5924693	,6516838	,6846822	,6320227	,5530965	,6122848	,5859930	,6057570	,4675653	,4740669	,7174769	,5859162	,5661519	,
6648163	,6320478	,6715488	,6780000	,7241066	,7108968	,6846304	,7043432	,7175787	,5992278	,6978409	,6780000	,5399890	,5924691	,6385755	,6121819	,6319190	,6911837	,7110508	,7965316	,5333319	,5333835	,6056020	,5794135	,5397836	,5990995	,6254436	,5662551	,6189152	,5596756	,6319451	,6452067	,7898491	,6913393	,6452577	,6253916	,5398086	,6452578	,6123102	,5134916	,5793618	,5793616	,6058071	,7241589	,5991248	,6582110	,5070665	,6320227	,6977643	,4610112	,
6186828	,6516569	,6713948	,6253132	,6319449	,6122064	,5925455	,5923916	,5727572	,4871228	,7241331	,7043436	,5661771	,6978157	,5070146	,5860955	,6582624	,5859928	,5135178	,5793618	,5200457	,5332565	,5661781	,4148542	,4281149	,5727572	,5661270	,4674886	,5398609	,5069384	,5399125	,5332556	,5726801	,5597017	,5266763	,5662551	,6318941	,5662800	,6583914	,5398096	,5332044	,5661529	,5858908	,5924953	,5003328	,6254436	,5266763	,4872514	,6912113	,4608833	,
7240545	,8160628	,7372131	,6581066	,6253399	,5989447	,6120784	,7240294	,6253910	,5265473	,5069125	,6713697	,5528644	,6385244	,6384983	,5595216	,5332295	,5201998	,5990744	,4937021	,4673849	,4805953	,4475956	,4806213	,5003591	,4805183	,4608834	,4213816	,4871746	,5267276	,5727823	,4740677	,6056279	,6451816	,3753011	,5662299	,5792595	,3885621	,6122597	,5069135	,4214073	,5068620	,4149060	,4674626	,5003849	,5662557	,4016954	,4609346	,6123108	,4345661	,
6977369	,7369560	,7040601	,7568740	,7699044	,7699044	,8290157	,8359034	,7567457	,7108967	,6517593	,7436901	,6516569	,6188378	,6517080	,6977118	,5924945	,5593668	,5136458	,5530446	,5135177	,5004104	,5727566	,5201483	,5002303	,4411193	,3819056	,5003591	,5858649	,5595218	,6385242	,5069897	,4214584	,6649192	,5529682	,4477758	,4872263	,4016697	,4345408	,3227943	,3885362	,4738624	,5990748	,4279617	,3753012	,4280120	,4609093	,3753012	,4411462	,4081979	,
4869945	,8355176	,5856588	,6713697	,9470834	,10455422	,9079937	,8752512	,8093792	,8227185	,8884347	,8358257	,7569008	,6650475	,7041884	,6514508	,6714207	,6582110	,6186575	,7240290	,7240811	,6254420	,6845803	,4805173	,5858639	,5135178	,5661781	,5990999	,5529676	,5265983	,5529676	,5069376	,4806725	,5859928	,4938047	,5530187	,6254694	,4740160	,4082228	,5398609	,4872005	,4214325	,7240562	,4478274	,3884851	,5464150	,5661529	,3950901	,6188644	,4214076	,
2828824	,3355684	,4806210	,7239263	,10126971	,10453630	,8487287	,9015169	,9016701	,7701605	,8094055	,7898732	,9343098	,8424314	,7502688	,6910306	,7699043	,7240290	,7831410	,7042664	,7303248	,7434072	,6582623	,6121797	,7175788	,7042394	,7043423	,7174758	,6187339	,6319964	,6582881	,4609083	,7042412	,5727322	,3949866	,5661521	,6847335	,5463113	,5793618	,6648424	,4608055	,5399379	,5332818	,5069121	,4937790	,4082487	,4345662	,3819567	,3687731	,4280381	,
3222566	,3158565	,5000256	,6383686	,5525555	,5199933	,7765088	,5858892	,7634023	,9080948	,8159595	,7438962	,9212526	,7700316	,7897680	,8882545	,8619884	,8818295	,8949376	,9341551	,7829341	,8486760	,7964017	,7175271	,7701105	,6581586	,7174234	,7371888	,5265985	,6976869	,7439219	,6846047	,7436901	,6385242	,5067826	,5530965	,5990999	,4871225	,6253667	,6319452	,5266502	,7965314	,5925720	,4476210	,6122332	,7109746	,5136204	,6583402	,4542779	,5135690	,
3751729	,2237463	,1971731	,3550250	,3159067	,4938812	,5597017	,3296307	,5531222	,7898234	,6651512	,7570297	,9409662	,8489817	,10002302	,9869951	,8227423	,9739132	,10200708	,10195058	,8817002	,11313039	,10001541	,8555372	,8620916	,7633504	,7964013	,6319192	,7766120	,7963245	,7897719	,7700843	,7503212	,6582360	,6251597	,7241840	,5989195	,6252631	,5924432	,5792076	,5530193	,7437941	,5595978	,4344881	,6121821	,7110775	,5398858	,6254694	,4476984	,4739906	,
4278839	,2498843	,2432019	,3157278	,4740932	,4875088	,4940368	,5335134	,6255727	,6322797	,7373693	,6452817	,4606250	,6646858	,9014636	,9146218	,9343346	,8817515	,8291684	,8620136	,11119771	,13158339	,11445402	,9339500	,8224099	,8619109	,7700073	,9082766	,9868160	,10002066	,8423539	,8029028	,7832691	,6845017	,8489065	,8226160	,6385244	,6713432	,5791816	,6319703	,6713180	,6975069	,7043436	,5924693	,6911335	,6450784	,6319709	,5399628	,5924181	,5003328	,
5595978	,4539705	,2762267	,3157276	,3753525	,5201232	,5005397	,5071449	,6847864	,7374182	,7438158	,4802611	,6772544	,9866594	,9536875	,8614496	,6185292	,5202502	,6122834	,10201496	,11515816	,13088171	,13085861	,11901583	,9604703	,9078377	,9409392	,9609592	,7306586	,10067871	,9607040	,8488047	,8096120	,8292210	,7568741	,6977641	,7371886	,6186824	,6252631	,7109727	,7766906	,7567208	,6384213	,7305068	,6187866	,6252627	,5003851	,6648167	,4608320	,6253405	,
3486503	,5464381	,4012066	,3751215	,4803382	,4277550	,4341801	,3748134	,5792830	,6253623	,6581560	,5794099	,9207146	,9208425	,5133116	,3951663	,4084782	,4807224	,7571551	,10794376	,11118465	,13344157	,13476747	,10325304	,8945958	,10720632	,9412987	,10069375	,6451025	,10001824	,9740679	,9408361	,8750972	,9279887	,8160123	,8555123	,8885640	,8556413	,7634023	,8556154	,9016200	,8093804	,6647128	,7372140	,7175012	,5922632	,6119754	,7108463	,6188895	,5924953	,
4535089	,5263404	,6254899	,4210474	,5395519	,6186812	,4802604	,4738602	,5333047	,4545586	,4349486	,6255676	,5916973	,7166524	,7898447	,7306308	,8687964	,9015646	,10001763	,10266756	,10858905	,13681862	,12891007	,9736512	,12040833	,10070163	,6057835	,12238274	,6054498	,10792372	,12172993	,9804420	,9475957	,8228224	,10331039	,11053986	,9740185	,8358781	,8619896	,8554873	,8096641	,9082765	,7304539	,6449998	,6386271	,7174758	,8951949	,7897703	,6779476	,6449733	,
3814690	,5067557	,5659696	,5265724	,4344873	,6124077	,5137711	,4677423	,5335365	,6914383	,6452791	,7436626	,5720115	,6112824	,8029014	,9011020	,10919286	,12038830	,12170151	,10529690	,10138017	,12766152	,13739953	,10651518	,9016975	,4874577	,8163461	,12239820	,6580329	,11121576	,14213598	,9281425	,7833955	,9082504	,10332835	,10595502	,10660760	,12502990	,10793384	,8753028	,9411473	,9016200	,6056016	,7766393	,7173470	,6846825	,8820625	,9673879	,8422256	,7634280	,
4801071	,4207403	,4010023	,6776892	,5858097	,5531178	,6453296	,6781748	,6450748	,6386235	,7241816	,8288843	,8088655	,7240294	,7836020	,8227941	,6122571	,6584403	,7441002	,9476735	,8162667	,11451842	,11705772	,6706775	,1977640	,3950126	,7309157	,11516608	,4474953	,9346422	,11650977	,7374458	,6586455	,9217128	,10860433	,13621479	,11318957	,9083007	,9018243	,9674117	,9541248	,8685938	,7832160	,8490878	,8753014	,9278594	,8885386	,8884616	,9015686	,7699562	,
4536621	,2564122	,3420196	,5987129	,7305291	,6057019	,7304505	,6124614	,5263163	,9530697	,6450485	,7237944	,7628880	,6783326	,6453846	,6847050	,7435337	,6778436	,5730628	,6584664	,7110756	,8885139	,5662056	,5005121	,5069642	,6520415	,6977639	,11054764	,6451790	,5925455	,6517090	,6717030	,7245933	,8491907	,9871761	,9937562	,8885636	,9346692	,8555382	,9541766	,8686970	,7963764	,7766885	,7767649	,9213052	,10135202	,9476751	,7175770	,8424564	,8030059	,
4008737	,2564636	,4207656	,7631701	,7372892	,7503965	,7102259	,6124614	,7764314	,8354133	,6780479	,5068076	,6246200	,6320453	,7439973	,5858370	,5592880	,5988408	,6120764	,6188866	,6454100	,6253908	,4213814	,4148783	,5529658	,7045987	,7112037	,9148046	,5661009	,5069887	,4609073	,7112791	,6584915	,6778987	,5267015	,4017197	,6976868	,8295800	,7836522	,9344398	,7634798	,4214065	,7109217	,8754554	,8424574	,7832699	,5265986	,7174234	,6977382	,7108706	,
3944480	,4868407	,5200440	,3818026	,6451536	,9607785	,7172945	,5327415	,5396289	,6386248	,5922614	,4868654	,4739880	,6451781	,10724251	,6780254	,4149274	,4543543	,9142145	,8818297	,5928007	,5333809	,4214817	,3621928	,4214317	,5333566	,7177045	,5992778	,4609072	,5267002	,8097905	,8691548	,5136692	,5659989	,4149812	,3688224	,5004592	,7505491	,9411433	,6319703	,5267526	,2568221	,4015669	,6386523	,8557173	,8358254	,6054988	,5595467	,5332297	,8425087	,
4935728	,5328698	,4937268	,5072171	,5662261	,9016425	,7499337	,7102009	,7760189	,5529656	,4872494	,5791278	,7555638	,10121055	,10065263	,7962985	,7366741	,6580562	,10856107	,8688777	,7835249	,5861192	,4609326	,5200945	,4676394	,4214315	,5925445	,5728828	,3226650	,6252627	,10924722	,7831649	,4474147	,4213812	,3293726	,6451038	,6914910	,5532998	,4872245	,4082214	,2832662	,4345911	,4148785	,5004333	,8886893	,6188869	,5529425	,9212047	,7698794	,8293754	,
5265973	,5333566	,5593147	,5661244	,5791799	,6712390	,8879449	,7896138	,6054454	,5002287	,4935470	,5398323	,5789232	,6313523	,8554594	,8490612	,8226918	,6845520	,6386509	,9806755	,10201500	,9083019	,4480561	,5070635	,5464116	,3818789	,5003081	,5925194	,3226644	,7306095	,7373929	,5989172	,7297346	,4935466	,6581594	,8688000	,7373167	,5333570	,5728577	,5859142	,5003328	,10595245	,6649178	,5794109	,5926985	,4872496	,4279605	,8689304	,5727061	,5726273	,
4738351	,5792832	,8030546	,6447937	,5003055	,7042618	,6054464	,4215340	,3554336	,3750691	,4214568	,4476711	,6055491	,4544041	,7173723	,5991487	,7502170	,8419686	,4476970	,8555661	,9345437	,6516320	,4015906	,4016421	,4542262	,4808496	,4674875	,5332528	,4017187	,6912618	,8490116	,6910013	,4938020	,4871475	,7239271	,5136957	,6056529	,6911075	,5925956	,4740393	,6781032	,8623242	,6189144	,5924434	,4085025	,5859142	,5265985	,6056790	,5861193	,4611893	,
6313030	,6906438	,8095826	,6842184	,7236416	,7827274	,5328694	,3951406	,4805686	,5592117	,5333298	,6186323	,6579517	,5003052	,5858623	,4610098	,3951907	,5660991	,5529658	,5003063	,3556135	,3754015	,6251831	,4805422	,3556146	,6648388	,4608045	,4411945	,3688230	,3819056	,5858647	,5463614	,3949348	,3886892	,5398349	,6647664	,5003849	,3424547	,4148257	,4937772	,6187865	,2965273	,3886902	,4938551	,4873520	,4411945	,4279593	,3488794	,4148019	,5993810	,
8743259	,6248769	,4279593	,6056770	,7233857	,7695953	,6380606	,5133622	,8351827	,8944724	,7566670	,8490629	,6121533	,4676141	,8228476	,6316888	,4934447	,6250812	,5792832	,6712901	,5397043	,4147241	,4674852	,4346154	,3819567	,3622180	,3160859	,3950893	,4279081	,5989708	,4741682	,4543543	,3818035	,3096095	,4673862	,4148023	,3094555	,4673599	,3821106	,3094557	,2961948	,2766370	,3425321	,5664063	,5598539	,4412464	,3884572	,4609073	,6254670	,6123073	,
6577722	,7041609	,7959135	,6839877	,7829582	,6451526	,6579774	,7170884	,10582368	,9136212	,5396017	,5794639	,5529923	,5923153	,8753801	,8950910	,8224615	,6252603	,6582862	,7108682	,8223848	,4937786	,2833174	,4475177	,4477221	,3818530	,4475689	,5661509	,4148532	,4805682	,4015919	,4147770	,3949864	,4080431	,5001530	,3950375	,4411693	,4673320	,5265205	,4082990	,5003589	,6846807	,5595702	,4938808	,6190928	,6059076	,5529145	,4675117	,4413489	,3292698	,
5588267	,9073766	,11108484	,8485480	,6909256	,6054200	,6451548	,6253898	,7956818	,8407095	,6242601	,6442547	,6977630	,9478527	,9083248	,8361077	,7832186	,5724481	,9134411	,7895637	,7039839	,5593410	,4737596	,5066811	,4411694	,3948593	,4937008	,4411175	,3159078	,6384995	,6055501	,6769479	,4866867	,4476721	,6581335	,4999478	,6386248	,5726008	,4602402	,6057542	,6319713	,4937010	,7173442	,5201722	,4410415	,5596730	,4938548	,4872758	,4808507	,2896927	,
4933160	,7956064	,9071975	,6708039	,6641209	,7623238	,7496023	,4937790	,4673573	,6965813	,9198931	,8879996	,8950669	,8689753	,6385460	,4411678	,5992014	,8279646	,9054773	,10825535	,9461353	,10201262	,6252368	,3883820	,5395516	,7171650	,5727289	,6975849	,4016421	,6185553	,7896155	,8358229	,4869683	,5197860	,4082729	,4146222	,6320965	,5728315	,3949866	,6846786	,8160588	,6317626	,7372642	,4082481	,6581818	,3884574	,2305041	,4410924	,4938799	,3357979	,
6121031	,5132598	,6778971	,8478797	,8152120	,7553585	,7748153	,5328945	,6187059	,8277559	,7956818	,10595245	,9015951	,7438182	,8952729	,7110482	,8227959	,6512454	,6831915	,10564679	,12020615	,11385020	,6385236	,3884322	,5462323	,8949845	,7832138	,6644540	,5200164	,7569255	,8356706	,7042620	,4414000	,5924137	,5924139	,6254151	,5659963	,4345386	,3884323	,5330990	,4213034	,4279591	,4542003	,5594422	,7700819	,4674088	,3621402	,3160857	,4675879	,3621659	,
5594422	,5924406	,8226687	,7107174	,5596468	,6902073	,8340794	,5857335	,6714949	,6578235	,6186551	,7899748	,6385747	,5858113	,8752777	,10660020	,10131870	,5399093	,7619111	,8340029	,8096361	,8028503	,5725749	,6449729	,6975552	,7372111	,7107392	,7699536	,6121787	,6251839	,6714197	,7766109	,5923387	,6054209	,5858364	,5331252	,5199917	,5004844	,3688481	,6318133	,4937259	,3687971	,3425050	,6318160	,5857871	,6121041	,5133107	,3160610	,3029271	,2765592	,
5852722	,7304771	,6318412	,3819557	,5924414	,5990209	,5002538	,4806434	,6843968	,5400131	,4281648	,4544293	,5923127	,5660213	,8228478	,9674392	,9015169	,8290385	,7627350	,8153181	,10262633	,8160341	,6713653	,7239989	,5662263	,4476972	,5659692	,7832411	,6777433	,5398072	,8685151	,9936742	,6055489	,5398575	,3558178	,3751202	,4477487	,4082992	,3753261	,4280357	,3161876	,3622682	,4873015	,5924932	,4937262	,4345374	,3686425	,3489564	,3819040	,2964499	,
6910533	,6910031	,4938273	,5267252	,5529656	,5661242	,4806701	,5658415	,5398838	,4213539	,3687983	,4345633	,6318145	,5069887	,4873268	,7765591	,8621165	,9539680	,7503446	,8553816	,7371574	,4806962	,4409635	,4608297	,5595190	,5267252	,7175500	,6121266	,5528894	,5461045	,6777674	,6122046	,5595439	,4937259	,2898975	,3424031	,4476972	,4346424	,4478512	,4016938	,3095586	,3161377	,4740160	,5859660	,3754013	,3687201	,3424284	,3356438	,3949086	,3817760	,
8157005	,6975824	,5335603	,4744251	,4545081	,3096087	,4738602	,7042369	,5925168	,3949084	,4015139	,4280367	,3753249	,6383165	,6972217	,9604435	,9607022	,7109189	,7042622	,7437380	,4412198	,3753512	,5266225	,6187078	,4807477	,3951152	,7634256	,6978372	,5791037	,6250032	,6579248	,5066025	,4606505	,3621412	,3819816	,3753766	,5462577	,4213288	,4083239	,4409896	,2898968	,3425058	,4148272	,5661496	,4477209	,4739364	,3818787	,4214049	,3752994	,4081951	,
4346152	,5397813	,6388556	,5335619	,4346414	,3555617	,4738604	,5925694	,4477746	,4477997	,5330990	,4806187	,6908742	,8684638	,6778947	,7831627	,6252080	,6121534	,5531200	,5597242	,5726778	,5924157	,5332805	,3951665	,3621675	,4999991	,8750166	,6976842	,5988921	,7631936	,4935466	,3419672	,4278564	,4213287	,3754277	,3820069	,5793333	,4935971	,4476968	,3556897	,4081434	,5135416	,3951655	,3885587	,4673820	,4804133	,4936494	,4346152	,5265710	,4409635	,
4344871	,4280357	,5135152	,4807216	,5002803	,5398072	,6779199	,3753499	,3424029	,4805422	,5725749	,4671526	,5397562	,7896907	,5200165	,3885860	,4214825	,8092738	,4873009	,5265455	,9146959	,5398062	,3754805	,4411452	,4805175	,5000244	,3883804	,3422744	,6646848	,4739111	,2635546	,3161637	,3553825	,4015130	,2898205	,2569499	,3359267	,4279329	,3949346	,4410148	,5923880	,4476970	,3291683	,4476972	,5133619	,4605736	,4542253	,4542001	,7106372	,7305020	,
4607275	,3885613	,3819054	,5726008	,6320178	,6123073	,5332018	,2964257	,4081701	,5921596	,7828815	,7436356	,5265710	,4280357	,3884069	,4411706	,4081452	,7302458	,8554355	,5593145	,8548675	,4081702	,4544570	,4938040	,6053430	,5068846	,3752985	,2766871	,4083241	,2636057	,2767130	,4145703	,5060645	,6309936	,2372624	,1845001	,3622690	,5857345	,3489313	,4014364	,4476457	,4081448	,4934441	,8289094	,8815438	,5462577	,5529646	,7697219	,9141590	,6579500	,
4670766	,4148280	,4543793	,6253369	,5071666	,5068594	,4015909	,4213287	,5528629	,7369290	,9145177	,9605726	,4345376	,3685661	,6448215	,5464653	,3621412	,7108454	,5267025	,5395501	,7171634	,3686943	,3756084	,7041616	,6977854	,4542761	,4345885	,5136438	,4741684	,3227172	,3556137	,2964250	,4206373	,6238765	,4736561	,5791816	,5593667	,5329459	,4540191	,3751717	,5527603	,5660194	,6973747	,8749655	,6776127	,5924917	,6839087	,9973055	,10890823	,9980741	,
4606003	,4345662	,4082728	,4938024	,5464641	,4016166	,3293212	,4672809	,6251326	,5396279	,9081980	,9607837	,4806452	,3883545	,7633769	,5002536	,9213330	,10199720	,2831634	,4607265	,7961920	,5068329	,3290905	,4477222	,6386246	,4411957	,4081434	,7568453	,6581057	,3686944	,2767128	,3486492	,7350837	,7416630	,6245950	,7044201	,5857342	,4341275	,4735017	,5394741	,4935981	,5658926	,6581045	,8027221	,8027991	,4017195	,5250078	,10358068	,11409719	,9980477	,
4869687	,4148021	,4739111	,4739105	,4149537	,4346405	,4016419	,4738349	,6515264	,4871979	,7767424	,7701893	,5990995	,3820061	,5727553	,5989429	,9016203	,6911586	,3227669	,6909242	,7500866	,5921844	,3293212	,2898457	,5267262	,4939326	,4081699	,6315314	,7171385	,3618840	,2831391	,2569761	,3354906	,3945501	,2239507	,2962453	,4671528	,6247478	,7170884	,8355406	,5001776	,3884322	,5790007	,4935728	,4870188	,2961686	,7747374	,11735853	,12656965	,8345657	,
6180153	,3884584	,4540710	,4607792	,4347176	,5460532	,7161147	,9588030	,9589833	,7173973	,6188123	,4607016	,7500902	,8028009	,4214815	,5331265	,4673846	,3028760	,3816484	,4804908	,3884831	,3950626	,3885603	,4146467	,4935989	,5857071	,6319176	,8616262	,6314538	,2568724	,3224858	,2503447	,2634515	,2306831	,3159065	,6906925	,6513706	,6909743	,8882005	,5132845	,2502416	,3818013	,3356444	,2106638	,1975318	,2831644	,5259552	,5712421	,5384738	,4537638	,
3289124	,3488292	,4672809	,4869673	,4742199	,6768189	,9446452	,12001856	,8733495	,5332281	,5197611	,5133362	,5199666	,9671571	,6512200	,3751707	,5200192	,5528647	,3226652	,3490591	,4149034	,5462836	,5792569	,4475939	,6642488	,7235654	,5397561	,3818276	,3224601	,3158290	,2898455	,2830615	,4477209	,5854512	,5657143	,5790512	,5265187	,5988661	,5199413	,4937011	,4279080	,3423001	,3356951	,3027731	,2766881	,2371608	,1714191	,1976852	,2502167	,3619610	,
3619365	,5329197	,4673320	,5461042	,4673069	,8269620	,9447471	,11281203	,5456422	,4539934	,5195293	,5461569	,6580040	,6645334	,7628377	,5790001	,4277020	,3687721	,3621410	,5265449	,5658424	,5530426	,5334070	,3489822	,5852971	,8157257	,4608821	,3227422	,2436886	,3027222	,2765071	,3159065	,4540970	,9731912	,8286786	,5329197	,5198371	,5328945	,7233344	,6444859	,3556133	,3028511	,2828564	,2894615	,2370832	,2897438	,1845777	,2567443	,5526049	,5133871	,
3882788	,4738349	,5331248	,5791292	,5657663	,9906235	,9645618	,6111529	,5855794	,5986361	,5856317	,5201471	,5595451	,7039550	,7630948	,6968115	,5260835	,6381119	,4014889	,4935973	,7430197	,4607776	,6574905	,6838083	,4739880	,4738600	,3556137	,3029271	,2963478	,3356949	,3947797	,7692337	,7628602	,7497276	,6909242	,6512434	,4671777	,6446902	,5459494	,6113849	,5788216	,4739639	,3289622	,2962453	,3291416	,4278311	,4999715	,5461545	,5792569	,5003061	,
5002059	,5727574	,6578763	,4739105	,5395500	,7167291	,5722925	,3360029	,5199412	,5067314	,4738862	,4738861	,3491102	,4407068	,4995618	,5194537	,4669475	,7098173	,7233606	,6182447	,6443568	,5196071	,6441785	,8152389	,3620121	,4738604	,6707778	,6575675	,4539942	,2895385	,4670489	,5460767	,5854511	,6777146	,4212771	,5987125	,4408859	,4605458	,4671770	,4934700	,6513724	,5395754	,5062685	,5522223	,5791288	,6904381	,8668219	,6965811	,4078364	,2699281	,
9212031	,9805968	,8685931	,5791799	,5069099	,6186289	,6382898	,6054450	,4674088	,4411696	,3489565	,3225622	,3292183	,4540184	,3554841	,3357988	,3621410	,7299388	,5328948	,6512685	,9253425	,6959148	,6905911	,7631683	,3357208	,4409375	,6177332	,6902590	,5325355	,2830100	,3357460	,6370073	,4666906	,4477222	,4870180	,7236414	,6842420	,5526811	,3490065	,3422231	,4541474	,4278813	,4275490	,6379074	,7364678	,6969671	,5848110	,6043942	,4143896	,3094037	,
8812615	,7759428	,7302973	,7764569	,7171904	,7761723	,7631936	,8223560	,6840120	,5594414	,4804894	,4408606	,3949597	,5000481	,4475422	,3818527	,4868379	,6446639	,4082463	,7297081	,8267819	,5186328	,5724717	,5330990	,3685652	,3817752	,4999456	,5720615	,4408855	,3620372	,4276507	,9061183	,7098935	,8289092	,5066789	,6710333	,5986611	,4016411	,3817238	,3883796	,4869147	,3948833	,3094036	,4737060	,5981236	,4865058	,3752469	,5261088	,4013599	,4670499	,
9332290	,9200964	,6775603	,7492163	,8020544	,8023863	,8089908	,7103292	,7956289	,5854761	,6049068	,5918764	,4476968	,7161397	,10691386	,9585973	,7761194	,7562550	,7037746	,4473886	,4142354	,3883542	,3554338	,4869410	,6184229	,6644267	,6775339	,4737561	,8484163	,6775857	,5854254	,6962739	,10376273	,8875839	,6840367	,6902071	,2896658	,3684370	,3884571	,3884825	,5854502	,5724214	,3027992	,3290903	,3161627	,2437136	,3357462	,5655852	,6772007	,5264168	,
8222023	,7564870	,6378296	,9972277	,10431034	,8083773	,6841147	,6840379	,6906675	,5528627	,5849902	,5919792	,5984055	,10361908	,11867451	,9713721	,6316593	,7824442	,7099702	,5330211	,8473391	,7163192	,4148521	,5328170	,7825206	,7761471	,6578987	,5461797	,6578488	,7035953	,6644281	,6708014	,8408643	,7428664	,6837044	,5983536	,5262115	,4934172	,5593131	,4408605	,5528360	,9141582	,7695936	,6049329	,5919275	,4016411	,3160083	,3815190	,4603164	,4933412	,
7697246	,4803381	,7694146	,9265995	,8476754	,7628862	,8353866	,8223036	,7434044	,6449218	,4542501	,5596219	,8016440	,12064820	,12917310	,12070721	,8150586	,7367740	,6117173	,7493433	,9584179	,9264188	,7628856	,5585449	,6569521	,8019529	,8877132	,8878169	,7035967	,8218172	,8155196	,8212028	,8930110	,7694645	,7164204	,7296057	,6904367	,6381608	,7298107	,6313002	,6053156	,8024903	,8086835	,7035957	,6249269	,4672801	,4013588	,5657122	,5462826	,5923128	,
5592879	,4803882	,4670250	,4607018	,5790795	,10723202	,7368756	,5920817	,6841397	,7237430	,6842169	,6841396	,8087099	,10306875	,10442559	,9656654	,7694396	,7165494	,8480079	,8475960	,9588794	,9139785	,8023873	,7364142	,7952441	,9005893	,9268817	,8218948	,8023352	,8219704	,8024892	,8603455	,9914948	,8680251	,6906420	,6378037	,7102259	,6117175	,5064744	,5986600	,6316602	,6575927	,6510902	,5853749	,5260583	,5064744	,4538143	,5915946	,6314287	,8482607	,
6775352	,5592622	,5526059	,6577710	,5724466	,8157530	,6578234	,6841145	,7105594	,7038006	,6775865	,5920305	,7233342	,7296063	,7367743	,6645558	,6843449	,7167813	,8875849	,7759680	,6775354	,7368004	,6973236	,6513455	,8944957	,9404228	,7037748	,6575406	,8744765	,8746824	,6842171	,7956281	,8416830	,7169592	,6641460	,7234106	,7958850	,6906162	,4541211	,5461286	,8218430	,6511155	,6578747	,5131052	,4342563	,5657125	,4870942	,5655842	,6180907	,6446122	,
7760440	,7761720	,7498549	,6710581	,6906675	,7366197	,7827262	,8352830	,7894849	,6382898	,6842167	,7300920	,7434559	,8216129	,7366714	,6972213	,7892814	,7631184	,8550985	,6777153	,7106119	,7168832	,7105594	,6710852	,7236929	,7828027	,6378545	,8274488	,8277311	,6115639	,7491387	,8672050	,7434557	,7366470	,7300669	,7956792	,8090696	,6578225	,9010499	,8090167	,8350010	,7891513	,7694647	,6707249	,7365944	,6641717	,4674840	,5464609	,6710832	,6510901	,
5328176	,6315063	,4539942	,4671279	,6645817	,4673839	,6841909	,8222784	,6906940	,6512442	,8879174	,9009731	,10308416	,11482947	,10898499	,8549707	,8880202	,9667407	,8025930	,8157256	,8288326	,8156740	,8681290	,7235389	,7892034	,8616515	,7954238	,8407614	,8938562	,7760188	,8544574	,8742204	,8613706	,8418121	,7035706	,6576694	,6775101	,7956289	,9404736	,6775853	,7100216	,9007680	,7169083	,6444087	,5591088	,6116405	,5789479	,5656871	,8550718	,8745546	,
3945511	,3485471	,3617311	,3879969	,4276008	,4016433	,4410926	,4805425	,5461296	,6705208	,7235137	,8212026	,10294573	,12915776	,14231369	,8744527	,7303497	,9797456	,8287823	,9403984	,10390103	,8549707	,7498310	,9600338	,9136715	,9139272	,9140301	,8877381	,9729351	,10053191	,9063236	,8999485	,10049856	,8418370	,8089154	,7497280	,7233334	,7159091	,8281155	,8156738	,8808775	,8412477	,7827264	,7432257	,6115623	,7036725	,7825982	,7235128	,8881993	,8288845	,
4013622	,4802630	,7764354	,6580581	,3750193	,4144672	,6974776	,3490851	,4475428	,4340520	,3751206	,4862753	,10691126	,10691128	,9133665	,9209716	,9472887	,6842965	,8810319	,9204313	,8220229	,7893835	,8878933	,9070669	,9067335	,8878422	,9206354	,7696969	,9395024	,10427701	,12262209	,11220552	,8875336	,8745553	,8879436	,8549956	,8942925	,9466444	,9533270	,9593430	,9263679	,10320728	,8813908	,7759937	,9077080	,8419152	,9667159	,8877642	,7565622	,7956792	,
3947051	,5722962	,7434868	,7566454	,5790036	,4474678	,6249272	,6183476	,5722163	,4672568	,5986357	,3161636	,6049329	,4606250	,8688778	,12367796	,10528689	,7437922	,7962469	,6647375	,8683349	,6317626	,7500101	,8418121	,6311212	,8813656	,7364168	,4343333	,8935498	,11804479	,12198975	,9853003	,6182450	,4934701	,7629634	,3290400	,5391653	,9800536	,8814160	,8877643	,9600577	,9797480	,9536091	,8944463	,8746571	,8683862	,10060651	,9665616	,9012550	,8615747	,
4998453	,5327416	,5723205	,6314837	,6445655	,5658447	,4669494	,4733996	,4274991	,4800812	,3880997	,4410926	,5133107	,5660731	,5921860	,5919553	,7567703	,5397569	,7435337	,7829844	,7434057	,8221001	,6841407	,7169592	,7761984	,6381109	,7103803	,6906420	,4933158	,7295025	,7889215	,5658411	,5393961	,6775356	,6445622	,5921587	,5459504	,6446140	,6643001	,9011269	,9013327	,7238208	,9273428	,7827265	,9733970	,9538134	,10130532	,9733200	,9471311	,9142103	,
3552036	,4011817	,3882028	,4670266	,4801852	,4675913	,3556403	,2961950	,3158554	,3685162	,3226668	,4279858	,4078126	,3620398	,3619118	,3028010	,3423269	,4801335	,7627348	,7764569	,8292952	,7695439	,7432267	,5789231	,5527340	,5264938	,5000234	,4210465	,3420701	,3157787	,4081185	,2896657	,2764820	,5591091	,6510399	,6446908	,6316595	,6447159	,5723703	,9601617	,8353870	,9274711	,7501900	,8486475	,7236164	,9666905	,10457440	,9145165	,9802331	,8814935	,
3552814	,3683371	,4142892	,3683622	,3682599	,5200709	,4414788	,2768169	,3030564	,4282176	,3689271	,5525054	,3685160	,2830364	,3684649	,3420710	,3158052	,4078378	,6316354	,7829079	,7174709	,6909761	,7107401	,5726251	,4869406	,5591599	,5260843	,3750173	,4078113	,3814939	,2566419	,3028244	,2896911	,3288860	,5063214	,6442816	,8091466	,6641971	,7891276	,9340000	,6709821	,9145691	,6252855	,7761472	,10517866	,10192222	,8419148	,9930595	,10984297	,8875859	,
3224358	,2829348	,3683368	,4342581	,3355695	,4079669	,5528395	,4475187	,3490855	,5465670	,6057280	,3623466	,2832672	,3030829	,3884332	,4937519	,3291693	,4606260	,5593660	,8423774	,6908991	,6318899	,6582334	,5857847	,4344096	,3883802	,3948571	,3882013	,3487773	,3552794	,3290390	,3619105	,4801575	,5720367	,5327406	,5526075	,6249529	,4406056	,4735269	,5787442	,6117947	,5003316	,6254652	,6710848	,12486538	,11766141	,7960391	,9930597	,10325603	,7891515	,
2437154	,2239773	,3227422	,5462577	,4344106	,5989947	,4079920	,5133887	,4279843	,7174475	,11254670	,9214836	,6912340	,3688491	,5595716	,5794108	,4412207	,5789506	,5331517	,7830611	,8482902	,7300426	,6645057	,6908730	,4607525	,3818011	,4212256	,4278053	,4936492	,4870701	,4604453	,5589295	,5390891	,6312242	,5723187	,5786676	,6117435	,3487519	,4143395	,4410664	,5001263	,4937011	,7631436	,7632201	,11967870	,11959933	,8358731	,8685643	,8811612	,7042889	,
1909789	,3690016	,5465647	,4740393	,3686943	,6321215	,5924165	,5268278	,4809508	,6057784	,8623457	,8557153	,6387513	,4347692	,5664332	,5791549	,4872494	,4739382	,5003314	,8027739	,7038033	,5724719	,7626572	,7762758	,6584371	,4806436	,5725746	,5592622	,4607018	,3883293	,3947552	,4539429	,3946527	,4209962	,4473896	,3883553	,5590837	,4605736	,3421726	,5526327	,4737068	,4412198	,8743270	,10518132	,9603157	,8484416	,9147734	,8425292	,6383926	,6515013	,
2962969	,3293987	,4082463	,4215076	,4214050	,5070394	,5136179	,3689499	,5726511	,6516804	,5925433	,7502417	,4017438	,4016670	,5792054	,6971730	,5462072	,4084017	,6518091	,5663049	,3490851	,4408875	,9200238	,8285018	,7369031	,6314813	,4673322	,5460267	,5593909	,5857334	,4212517	,2963220	,5326638	,6574402	,4932145	,4540457	,6117432	,6836300	,4864303	,6509629	,8609882	,5592630	,7632989	,9601902	,8946773	,6647864	,9540434	,9014108	,7563340	,5394749	,
4477740	,4476457	,4279593	,3424033	,2173715	,2963996	,4872755	,4872749	,6447162	,6451012	,6316605	,5658672	,5134639	,5395770	,5329977	,5461309	,5330238	,3228960	,5859652	,4872758	,3291936	,4214315	,5462335	,4868145	,7880771	,7874879	,5457719	,4738864	,5136181	,4675119	,4213536	,3225371	,4144672	,3424031	,3881759	,5065776	,8088142	,9857388	,6575691	,6182976	,6640453	,7825491	,8225882	,8289631	,7635537	,8811624	,9012316	,7371086	,6319423	,5134902	,
3359267	,3555367	,4871215	,2042394	,2173465	,4148007	,5925443	,5134641	,5986876	,6188867	,6251579	,3884584	,4478251	,5924668	,5202235	,2831642	,2503958	,3556387	,5795142	,3622700	,2635033	,2502680	,3161636	,4999991	,7618373	,6960180	,3884835	,3818789	,4475689	,3814689	,4277800	,4606505	,4868908	,4542252	,5524785	,7101768	,6249783	,5922876	,6643018	,5659963	,5133609	,7431249	,8683870	,8749152	,7042371	,7174982	,9931119	,9209967	,5267765	,6447680	,
6450788	,5266510	,2436637	,1845266	,4081460	,6383953	,5596732	,4015906	,3553827	,4872498	,5398842	,4410172	,3488797	,4016170	,4608821	,3622940	,3820069	,3556898	,4148783	,3554338	,2765852	,2436884	,3688994	,4215589	,6318398	,5389358	,4084021	,6249278	,6444604	,4735792	,3882531	,5265706	,5791801	,6578235	,7231814	,6380858	,5659963	,6841167	,7104840	,7105092	,6315589	,8613218	,7894623	,7697996	,9270381	,9993339	,9862253	,8812127	,5792317	,4475440	,
6974820	,7105895	,2701349	,2830104	,3226668	,3029799	,3491633	,3491631	,3094563	,5333570	,5989973	,5134664	,4411955	,5265983	,4475939	,3884833	,5396021	,4805684	,5263416	,4014887	,2832923	,3226650	,4279081	,5263153	,5004852	,3686692	,4083241	,5854524	,5923138	,4671026	,6839114	,6907978	,5198648	,6907960	,6577475	,5857594	,7630933	,9071465	,8614999	,7893332	,6711363	,7828060	,7301970	,8678749	,10191486	,9406320	,8019786	,7417912	,4011306	,2108697	,
2895131	,2568221	,2041877	,2634530	,1251850	,3491890	,5201483	,5463889	,4936767	,2832163	,4478785	,5267777	,4675891	,4214065	,4473647	,6509128	,5858112	,4872496	,5135666	,4673838	,5200962	,4542001	,3948070	,5133360	,4938287	,4016168	,4541225	,5068597	,4806452	,5854270	,7168079	,7361609	,6770247	,7300178	,4868145	,7296594	,9728116	,7956055	,6511943	,7366219	,7172945	,5856578	,6115902	,10382970	,10388865	,8748651	,6180935	,6966851	,3750442	,3161900	,
2109212	,2108699	,1911321	,2832159	,3290402	,2962726	,5335128	,5071439	,3359018	,2041618	,5065784	,6449220	,5925435	,6055741	,5855551	,6049349	,4806954	,5857847	,5529909	,5328945	,5593145	,5066551	,4609073	,4739881	,4741934	,4410928	,4347189	,4017708	,4939829	,3885359	,3947051	,7420745	,8275024	,6640204	,3683368	,5851200	,8283486	,8810595	,7039314	,8282719	,8743261	,4408883	,3551783	,9595245	,8152162	,5792327	,3820331	,7501655	,5724743	,3818290	,
1909525	,2042907	,1909525	,4273195	,5196342	,2172183	,2569510	,3031088	,2961449	,2434584	,3750189	,6776144	,5922876	,4999466	,5331769	,5985088	,5988928	,5790775	,6579523	,8609607	,6312504	,5131828	,4802611	,5132080	,5530695	,4543279	,4412455	,3819806	,3951392	,3423268	,3819040	,6637886	,6043704	,3948073	,7228758	,7819876	,4736569	,5458239	,3947823	,6180165	,6903878	,3552034	,3751214	,6905169	,6971213	,5464130	,4217145	,2503449	,5002813	,5265983	,
2634016	,1646866	,1516562	,2500122	,2370589	,1582363	,2372898	,3559217	,3879465	,4008226	,3355682	,4738099	,5131567	,4932657	,3818805	,5267526	,6514259	,7763572	,7171930	,7164981	,6642496	,4806964	,4737588	,5790274	,5663310	,5066801	,4804908	,4278310	,5593658	,3750442	,3818288	,4872757	,4874290	,3491104	,4145964	,3750444	,3487781	,3423779	,3228192	,3425060	,2634266	,2436374	,3094557	,5132344	,4539705	,2895903	,3294505	,4013096	,4411191	,5268794	,
3752509	,1778456	,1581591	,1382931	,1777939	,1976854	,4018753	,4876113	,4207403	,4927527	,4077602	,3025438	,4273716	,5653311	,4931644	,6248013	,6055266	,8686994	,6383938	,6452049	,7896941	,6186072	,5132606	,5591615	,4930615	,4738358	,4869947	,5066553	,4277810	,5199161	,6183238	,5331776	,5728066	,4609332	,3294755	,2831642	,2765338	,3622690	,4938550	,5134902	,4277035	,3948080	,3622441	,4540471	,4475707	,2043419	,3420448	,6437434	,5793608	,5730887	,
1845268	,2107159	,1515022	,2437665	,3095856	,3687480	,2962728	,2637102	,3950640	,4337710	,2895654	,2173979	,3423019	,5593157	,4017459	,5395535	,6515047	,6845542	,8095074	,10069409	,8884365	,5987135	,5791552	,4864306	,5450801	,6249798	,5066037	,4343331	,5329207	,6513481	,6703956	,7096655	,5589047	,4869685	,4347189	,5398589	,4807222	,5331768	,6779990	,8881002	,7230274	,5070924	,5661761	,4342830	,3950393	,3357989	,5197385	,7168580	,7242596	,7899246	,
8556437	,2830880	,1582347	,7962758	,5069133	,6452342	,2831912	,3029799	,4150850	,3292720	,2372898	,1976351	,3619893	,4543539	,3951663	,5136992	,6516338	,9341844	,10001825	,10397866	,9871529	,7830380	,6121035	,5393712	,5853502	,5714741	,4867627	,5004856	,4934197	,5989447	,5325632	,6506299	,5591350	,5264948	,5068345	,4937786	,6253130	,6310460	,6183238	,8874586	,8024669	,7501916	,8485222	,6975574	,3490352	,4735287	,8289880	,7899977	,10265500	,10792897	,
7569793	,1976074	,6187104	,8687248	,4805710	,3687991	,2503457	,2635305	,2174239	,1647899	,2304796	,2965044	,5331541	,3814440	,3753782	,5465696	,9082013	,10132902	,10397111	,10003886	,10132908	,9804966	,6182735	,5722427	,5460284	,4860970	,4867375	,5593408	,4473649	,4935225	,6704961	,5850679	,5129532	,5128758	,5394491	,6513999	,6645583	,6636092	,8211014	,10114897	,7369306	,8485990	,10128248	,6841945	,3556143	,5396029	,7173446	,9280585	,11121801	,10726569	,
