3491164	,3359571	,3557472	,4409949	,5064783	,4930877	,6307642	,6437171	,10048563	,13464624	,12281906	,11755826	,11031861	,10375475	,10113843	,9260604	,8408129	,7750976	,6176572	,3684156	,3093051	,4406593	,5719628	,6115151	,5721162	,4144969	,2568772	,3158593	,3094080	,3289399	,3158074	,3157813	,5716019	,7486512	,7617322	,11491371	,11096102	,12344613	,14978852	,13925163	,13463333	,14122279	,13134119	,12146991	,12541992	,11490344	,10308136	,11357477	,12080681	,12080677	,
3425623	,3359317	,3754596	,4542047	,4670792	,5127743	,6374203	,6503728	,9654575	,13398580	,12545844	,12017968	,10639159	,10442032	,10573367	,9522490	,8538683	,7751228	,5914940	,4601660	,3947329	,6179916	,7822160	,7755088	,6638923	,3093829	,2110541	,2634569	,3092800	,2765115	,2896183	,3485491	,4666164	,4797487	,9323308	,11030572	,12541483	,13858602	,14583079	,13725226	,13791784	,13858345	,12871206	,12344361	,12870959	,10571051	,9782824	,11424551	,12410406	,12804386	,
3556957	,3492196	,3559531	,4477024	,4670024	,5062979	,6308928	,6569782	,8472628	,12150841	,12479285	,11690808	,10705212	,9916466	,9720889	,8931899	,8342074	,6636096	,5324095	,4406591	,4274754	,5524300	,8018258	,8084304	,6508369	,2504012	,2569552	,2700360	,2699588	,3093311	,3026753	,4732984	,4142387	,4862001	,10111535	,8470572	,12807726	,14848296	,13463846	,13528877	,13727018	,13595183	,12279851	,12673326	,12475435	,10701354	,10372905	,12080428	,12410147	,13067299	,
3425373	,3625583	,3626610	,4543075	,4735818	,5523014	,6243905	,6308159	,7159866	,11165495	,12281656	,11164725	,10048050	,9522749	,9589051	,9063485	,8341053	,6964543	,5193535	,3881023	,4079176	,5918288	,7100497	,7362386	,5130063	,3029075	,2635345	,3028293	,2831174	,2830663	,3158341	,5520695	,4600629	,5453358	,10571826	,9324080	,13990188	,14648359	,13529390	,13594668	,13529898	,13726505	,13265705	,13463594	,12805162	,11358254	,11030572	,12015909	,12739109	,13462055	,
3425884	,3560560	,3692404	,4346727	,4605520	,5917772	,6179140	,5719363	,6045757	,10049846	,11166008	,11033656	,10048563	,9129018	,8603965	,9129531	,8472637	,6899518	,4734273	,4341059	,4341574	,5064270	,6247251	,5918547	,3489104	,3291214	,3225675	,3225161	,3290438	,3224645	,3224896	,3946040	,4731704	,6437684	,11361329	,10113077	,14055470	,13660974	,13792300	,13660973	,14056749	,14385449	,13857325	,13200171	,12673840	,11161897	,10505768	,11096102	,12805156	,13988131	,
3359832	,3625584	,3626098	,3951969	,4342864	,5458511	,5588293	,5391425	,5718591	,8014139	,8342585	,8801336	,10114360	,8736314	,6898496	,7620667	,6965059	,5587779	,4537925	,4603465	,4472394	,4605261	,5065558	,3883605	,3620179	,3423054	,3488585	,4407371	,3685448	,3553351	,3750728	,4339777	,5060156	,7619893	,11885877	,11295285	,14254896	,14188850	,14122538	,13596463	,14517550	,14584108	,13858091	,13332011	,12477230	,11227951	,10505517	,11357995	,12869926	,13528358	,
3424342	,3822190	,3822190	,3819351	,4210762	,4670024	,5259842	,6178113	,6702146	,6767680	,5455167	,7292217	,9851451	,7292217	,6702400	,6833473	,5325122	,4604231	,5062729	,4275783	,4670539	,5589586	,4605267	,4408919	,4015188	,4407630	,4144716	,4997707	,3684685	,3356233	,4538185	,5324872	,4405572	,9457719	,10310197	,10771763	,13925428	,13596212	,13924908	,14319917	,14385449	,14583340	,13990192	,12805423	,11753262	,10768430	,10702894	,11358504	,13001765	,13923619	,
3031896	,3690604	,3625324	,3886433	,4409687	,4276555	,5129285	,6769220	,7030336	,5128507	,4406591	,7160631	,8735549	,7227200	,6833475	,7096126	,5193795	,4538177	,4078402	,4275783	,5064780	,5195856	,5196369	,6443603	,5261397	,4342095	,4866891	,4604231	,3488846	,3357773	,4537155	,5389895	,3881025	,9326910	,8931639	,9721142	,13925428	,13990190	,13398063	,13728047	,14385710	,14187822	,13200684	,11951662	,11294772	,10440241	,10571312	,11162158	,12871460	,14317348	,
3293785	,3495024	,3623782	,4081748	,4212056	,4802127	,5588806	,7228483	,6834503	,4866372	,4275005	,6243385	,9720641	,8671298	,8211775	,7161920	,5587267	,4406086	,3685186	,4669771	,4210252	,4670539	,5327188	,6706260	,6376531	,4802380	,5589071	,4800328	,4341324	,3947077	,4209990	,4405312	,5192509	,9063485	,8603706	,8603452	,13532727	,14385714	,13859115	,13925678	,14649901	,13858863	,12215085	,12016436	,11491123	,10899762	,10637103	,12082219	,13595434	,14450214	,
3689058	,3691123	,3754596	,4015953	,3819090	,4867920	,5983052	,6901068	,6900804	,6177861	,4406852	,5980733	,9130046	,8998464	,9261895	,7686211	,4931646	,4144197	,4144456	,3488846	,3423053	,4540495	,5392981	,6575189	,6246483	,6900553	,5917518	,5391176	,4800581	,4407118	,4078663	,4077636	,6242625	,10377027	,9785919	,10179899	,13400375	,14254642	,14254642	,14715956	,14517550	,13463595	,12214064	,12214066	,11688237	,11753264	,11820078	,13529390	,14450729	,14384168	,
3362148	,3954549	,4476254	,4277071	,3818063	,4802899	,5918801	,5983051	,7688004	,7687493	,4669765	,5784132	,8277570	,8801855	,8801857	,6440257	,4406340	,4472645	,4341835	,3225672	,3488336	,3620945	,5524821	,6443603	,5721170	,7294802	,7951178	,6114123	,5392465	,4932935	,3815493	,3816006	,7162697	,9786951	,10442559	,11624766	,12479287	,13859382	,14585137	,14452273	,13991471	,13595694	,12280108	,11885368	,12478258	,13068845	,13265964	,14385197	,14649126	,13990439	,
3690863	,3757937	,4280673	,3753301	,3423053	,5000530	,6379350	,5655886	,8081481	,8081220	,5588294	,6637383	,7818309	,8278080	,7752514	,5129023	,4669258	,4276036	,4079692	,3620171	,3817558	,4212569	,4541275	,4935514	,6705748	,9001295	,9066573	,6377812	,6310738	,5325899	,4144197	,4143948	,5850439	,8146247	,11231299	,12413245	,13203511	,13924659	,14058544	,13792308	,13332270	,12740911	,11492143	,11229489	,11755825	,13266479	,14186542	,14517288	,14716199	,14716199	,
3822963	,3755879	,3754847	,3623004	,3556180	,4540497	,5459541	,5131603	,6770247	,7556678	,6900295	,8212288	,8342852	,8015679	,6833732	,5522500	,5194824	,4801097	,4408143	,5393234	,5000280	,4343643	,4344413	,4475478	,7558738	,11035979	,9133392	,7493205	,5326671	,4866121	,4668744	,4603978	,3881284	,7096905	,11494468	,13531706	,14320695	,13925678	,13859636	,13266993	,12740911	,12083763	,11557686	,11228981	,11755566	,12871984	,14319408	,14848036	,14914857	,15177762	,
3888243	,4148583	,3360089	,4542817	,3688017	,4606290	,5590873	,5524821	,5851466	,7032394	,7688006	,9459524	,8735811	,8605506	,7359819	,6704205	,5852748	,5654600	,5918547	,6969947	,4933972	,3555930	,4672091	,5065560	,7755862	,11299663	,9330256	,7492943	,4801875	,3948107	,5457735	,4997706	,3882062	,5325132	,11232324	,13926969	,14320438	,14453049	,13794355	,12675886	,12806706	,11886129	,11688752	,12017457	,12674867	,13661484	,14451244	,14782249	,15111719	,14912806	,
3691891	,3887983	,3624293	,5001572	,5461081	,5262161	,6313818	,5656406	,5719882	,7491916	,7294276	,8015686	,7883589	,7949893	,7491403	,6771279	,6378063	,7298134	,7100757	,5262161	,3620432	,3817809	,5197146	,4278363	,8018774	,11497042	,8936529	,7163986	,4736083	,4275785	,5390924	,5062730	,5456969	,6113357	,11100489	,12742718	,13859895	,14453304	,14189877	,12939062	,13069363	,12280879	,12017202	,12149554	,13201714	,14056244	,14582828	,14847783	,14848036	,14846502	,
3822962	,3625835	,3624292	,3885145	,5197655	,5329243	,6511199	,4803669	,6246477	,7885132	,6966601	,5983051	,7098445	,6441285	,6901319	,6508877	,6443856	,7822167	,7099992	,5721683	,4079952	,5459281	,6771541	,4999767	,8938069	,11562835	,9395540	,5589844	,5000019	,4736082	,4473162	,6047305	,7557448	,9066573	,11823174	,12152640	,13859130	,14518327	,14124339	,12544051	,12150324	,12478004	,12740400	,13201460	,13924148	,14319408	,14649133	,15178539	,15179044	,15244584	,
3692406	,3952753	,3363690	,3229022	,3884883	,6118490	,7036769	,5262680	,7230031	,8147789	,6508618	,6377809	,6573130	,5391942	,6312017	,6903376	,7166550	,7298136	,7034961	,6508626	,5984083	,7033681	,6968919	,6575448	,9986899	,11758418	,10314575	,6376783	,6508115	,4933975	,3817812	,6638159	,7294802	,9723725	,11955273	,11363396	,13006395	,14387511	,13661752	,11953205	,12807983	,13594931	,13397553	,13792819	,14253873	,13858612	,14517548	,15113766	,15642152	,15642150	,
3626611	,3822963	,4280942	,3887203	,6183782	,7825769	,8088162	,6313309	,8018774	,8411986	,6640463	,7035475	,6574161	,5260617	,6705999	,7232083	,7428179	,7427926	,7428439	,6771277	,6377295	,5983832	,5394777	,8740441	,10249042	,9790029	,10708304	,7426899	,6377809	,4802389	,3556960	,8345936	,8607313	,9526097	,11693128	,11101506	,12086079	,13270325	,13465905	,12346935	,13530417	,14318128	,14186805	,14320687	,14385209	,13990198	,14650414	,15245865	,15906087	,15643684	,
3823732	,3889525	,5202287	,7234668	,8416614	,8021856	,8152413	,7890273	,8085078	,8150871	,7560023	,7822421	,6049104	,5590093	,6903376	,7099727	,7361870	,7887188	,7494224	,7230033	,6836300	,5261912	,4737884	,7691613	,10183506	,8346194	,9920075	,9460553	,8543313	,6181468	,4082013	,8674133	,11825746	,10642770	,12152909	,12547396	,11363395	,12283197	,13728309	,13266993	,13990968	,14255405	,14319919	,13925937	,13662516	,14188852	,15112236	,15641133	,15774503	,15709990	,
3822709	,4414325	,7171435	,8613996	,8349794	,7956064	,8809312	,8809312	,8281946	,7166037	,7493972	,6969171	,5327441	,6379092	,6771792	,7231058	,7295823	,7100757	,7821908	,7099727	,6180944	,5131092	,5001308	,7034720	,7822433	,6969697	,8805204	,9198412	,9987410	,7165785	,4015198	,4737120	,11694681	,11364944	,11823947	,12416063	,12414015	,11824439	,14386742	,14584372	,14649650	,14583089	,14187822	,13332787	,13333292	,14583859	,15047472	,15311406	,15509545	,15576872	,
3561334	,5005686	,8351085	,8614245	,8481372	,8153185	,8613469	,8809567	,8150871	,6902865	,6968141	,5655886	,5590097	,6443084	,7887448	,7755602	,7296594	,6772049	,7361108	,5459277	,4999506	,5064529	,5328990	,6969697	,6706785	,5723748	,8543840	,8149585	,10118734	,8805456	,5590362	,4935265	,11564114	,12482381	,11430216	,12020286	,12284475	,10772288	,13205817	,15374386	,15111466	,14386480	,13989681	,13199924	,13661237	,14782000	,14914865	,14717228	,15177512	,15046443	,
3692152	,5005435	,7433847	,8614257	,8285278	,8153696	,8151900	,7887952	,7361096	,7492432	,6377810	,5327441	,5327693	,6508877	,7822421	,7690320	,7428180	,6574672	,5458250	,4145999	,4736085	,4606290	,5394783	,6248292	,6969949	,5461094	,7625567	,7756115	,9527890	,9198672	,7755605	,8281949	,13139535	,13599567	,12218692	,11889731	,11955774	,9984831	,11231288	,14320435	,14914354	,14519344	,14187822	,13462832	,13925429	,14848814	,14979630	,14650155	,14780462	,14450729	,
3823227	,4677758	,6449773	,8023662	,8548200	,8679011	,7560278	,7034186	,7822419	,7888988	,4737874	,4802638	,5984594	,6771281	,7296851	,7230547	,6508879	,5260621	,4604750	,3818573	,3752276	,4080720	,5197404	,5985635	,6510173	,6575968	,7363424	,8150875	,9397339	,8738899	,7623769	,9002330	,13403733	,13861450	,12285252	,12743747	,12020288	,10114623	,11822646	,14254643	,14386478	,15044396	,14781738	,14255145	,14782252	,14981681	,14651441	,14518317	,14319408	,14318893	,
4151927	,4349047	,5793912	,7564404	,8613734	,8152413	,6771790	,6968393	,8480089	,7956063	,4933715	,5590863	,7295826	,6903376	,6838096	,6574413	,6508368	,4932684	,4473673	,4079954	,3424081	,3817560	,4409949	,5590877	,6378849	,7166560	,7232869	,8085858	,8609365	,9067864	,6312280	,9659223	,14652746	,14653259	,13861189	,13203774	,11823675	,11164476	,12874805	,14649904	,14782251	,15046191	,15047470	,15112493	,15113518	,15245875	,15046451	,15045170	,14583341	,13924908	,
4216694	,4414335	,5203841	,7172217	,8481630	,6443602	,5196105	,6180166	,8086107	,5854296	,4606290	,6574419	,7690835	,7559766	,7100754	,6114897	,7558996	,7232091	,6050135	,4277071	,3818324	,4540246	,4803679	,5131100	,5919840	,7691100	,8808544	,8873305	,7689812	,8608601	,7033172	,12155734	,14654541	,14917454	,14388547	,12021313	,11363898	,11691062	,13399862	,14783281	,15113514	,15245104	,15311404	,15312684	,15510828	,15444781	,15443251	,15310642	,14913327	,13923888	,
4151925	,5072253	,6911096	,8680567	,8810335	,6048845	,5064003	,7559249	,6379352	,3817550	,4802899	,6574419	,7428177	,7362386	,6968656	,5983301	,8084818	,7495264	,4737876	,4540497	,5392983	,5460055	,5722713	,5394012	,5066339	,6575968	,9136477	,8741205	,7493468	,8083802	,7755613	,13469523	,14654278	,14719305	,13796673	,10969918	,11363132	,11560253	,13006904	,14914356	,14915634	,15113775	,15509296	,15510574	,15775021	,15775280	,15577139	,15510063	,15112493	,14188080	,
4282741	,4874359	,7369853	,8615284	,8153694	,6313548	,6245959	,7954521	,6379611	,4014931	,5262678	,6837331	,7100755	,7362897	,6444115	,5654600	,7296340	,4868430	,4538703	,5393494	,6115930	,5656406	,5394783	,5328732	,5328990	,6510948	,9200477	,8346445	,7756374	,7427928	,9988186	,13795666	,14126153	,14653763	,13795647	,11823423	,11296828	,12150843	,14321976	,14979118	,14651182	,15047723	,15509294	,15444522	,15775021	,15907377	,15775281	,15708207	,15311408	,14715696	,
4019316	,4152703	,6188680	,8221294	,7429207	,7100242	,7296593	,8350560	,6969949	,5524820	,5919062	,7689811	,7625556	,7429460	,6902867	,5392455	,7033429	,5918549	,5130322	,5655385	,6443612	,6575448	,6050145	,5919838	,5984350	,7364453	,8939101	,7229518	,8016466	,8543323	,10971476	,12876111	,13599569	,14786117	,13795648	,12809276	,11297852	,13202743	,15440947	,15046451	,14782251	,15179309	,15377197	,15509036	,15641899	,15644207	,15644207	,15642162	,15311155	,15177261	,
3888502	,4285059	,6646908	,8614245	,8022110	,8086369	,8282970	,8414558	,6640984	,7231311	,8083799	,8477779	,8084569	,7297106	,6575440	,6180680	,7822684	,6509655	,5064016	,5918296	,6444380	,7559261	,6968666	,6378849	,6444131	,8676964	,8610393	,7295311	,8477522	,8936277	,10643540	,12613452	,14324044	,14719044	,13269313	,12150843	,11625793	,13993531	,15048496	,14850352	,14980657	,15442994	,15311919	,15377710	,15444270	,15512109	,15643694	,15642162	,15246642	,15244332	,
4020341	,4809855	,8156024	,8876138	,8481895	,8481632	,8284251	,7888477	,6970200	,7822160	,8741722	,8806747	,6247253	,7297371	,7034453	,6377291	,8347739	,5853785	,4736593	,6706009	,7167326	,7690332	,6837084	,6049882	,7495264	,9268065	,8741722	,8279888	,8871512	,9263962	,11103312	,11759951	,13731145	,14125634	,12742718	,12019259	,12479289	,14784310	,15114289	,15245102	,15245362	,15509294	,15181099	,15311919	,15377708	,15576367	,15511344	,15641649	,15444273	,14784559	,
3823481	,4547202	,7631736	,8940900	,8743523	,8874594	,7693153	,7561832	,7758946	,7429981	,7101786	,6641494	,5525074	,8019549	,7887960	,7757144	,8151386	,5131351	,5066073	,7230809	,8281948	,8872288	,7099741	,6969949	,8675937	,9660513	,9003862	,8740439	,7755612	,10186077	,13271632	,12284747	,13599821	,14389829	,13335106	,12151096	,13859643	,14850865	,15442743	,15443505	,15575856	,15641899	,15510317	,15443503	,15575342	,15510317	,15444271	,15378480	,15442740	,14781747	,
3692920	,5006462	,8223098	,8744291	,8613218	,8482407	,8284777	,8088677	,8218986	,7166811	,5852756	,4934223	,6903386	,7824731	,8545372	,8809052	,5328219	,4079952	,5918808	,8346714	,8871775	,9528415	,8412505	,7166045	,8479328	,9595490	,9003611	,8674646	,8216676	,11629663	,12811346	,12088397	,12877129	,14322502	,13071673	,12150071	,14123059	,15179571	,15180851	,15577137	,15577388	,15643184	,15577391	,15510576	,15707953	,15576619	,15378991	,15247155	,14981428	,14649652	,
3758713	,5794434	,9139829	,7891813	,7958384	,8483950	,8220526	,8482156	,7759716	,5394266	,4277584	,6576481	,8545629	,8677215	,8940640	,9006434	,6379102	,4408658	,6706009	,9069144	,9988441	,10447197	,8937305	,7296091	,7625054	,9267038	,9134937	,9134167	,9331814	,10840668	,12483408	,12021830	,12875847	,12744777	,12283710	,12083510	,14255674	,15311157	,15180081	,15312433	,15511595	,15774000	,15577388	,15578928	,15643952	,15708205	,15510577	,15442994	,14848820	,14189109	,
4218750	,6582909	,9073264	,7563366	,8287095	,7630450	,7365734	,7562343	,6904931	,5197398	,5131351	,6181980	,7561565	,8677730	,9728614	,8939878	,5721172	,4474450	,7099741	,9789528	,10512475	,10315611	,9396310	,7755866	,7821655	,9791838	,9397332	,10314584	,10840925	,12023897	,12812361	,12087116	,11693130	,11823946	,12414017	,13531961	,15047221	,14849071	,14782770	,15047982	,15643181	,15643435	,15643182	,15709998	,15841071	,15905586	,15510577	,15443002	,14848309	,13925429	,
4873597	,8550519	,9468012	,8154725	,7368567	,5726838	,6577768	,6643301	,5854815	,5000019	,4146515	,3621715	,4408658	,6510427	,8152415	,6509659	,4999765	,4671829	,6114899	,9199960	,10841177	,10446680	,9658712	,8739928	,9658714	,10513241	,9856855	,11694421	,12352600	,12680787	,12942158	,11234381	,10905416	,12284747	,13466435	,14388790	,15311155	,14584368	,14254892	,15111984	,15511091	,15708974	,15577901	,15775278	,15775278	,15774768	,15445805	,15179832	,14585140	,13267255	,
5662846	,8747638	,8943472	,8877168	,6975097	,7040378	,8548979	,8351085	,7300461	,5526361	,3686475	,3292499	,3883092	,4802640	,7100503	,6180440	,4737622	,5195864	,6049882	,7690324	,9855826	,11037529	,9723474	,9002070	,10249050	,11366491	,11105111	,11826264	,11629656	,12549967	,13205579	,11431760	,10904913	,12415560	,14124862	,15047482	,14849841	,14518064	,14781489	,14782768	,15180847	,15445551	,15643692	,15906864	,15775281	,15775793	,15643441	,15245110	,14453049	,12872762	,
5991550	,7041409	,8353150	,9009265	,8682368	,8812664	,8812655	,7760490	,5592417	,4278101	,3620945	,3489104	,4081233	,4672594	,6181462	,6771550	,4803151	,4606039	,5196633	,6180441	,7886937	,9921366	,10314841	,9461081	,11694421	,13271893	,12221015	,12813143	,13338705	,13864273	,13337425	,11628626	,11627084	,13335620	,14980927	,15178555	,14715954	,14649650	,14717228	,15311154	,15509549	,15379758	,15643694	,15775793	,15775791	,15908147	,15643702	,15310903	,14321724	,13070907	,
5138301	,6713986	,8680828	,9141367	,9207419	,7304060	,5791599	,5198176	,4541784	,4015190	,3883345	,4803928	,5461080	,5393748	,5459541	,6509655	,5852246	,4933462	,5131353	,5327705	,6180441	,8017494	,9460052	,10117202	,12417102	,14522956	,14390615	,14522706	,14258770	,14060621	,14191696	,13795919	,13928006	,14256701	,14651958	,14453051	,13991473	,14650931	,15441460	,15378990	,15509298	,15577388	,15643694	,15643952	,15644975	,15842352	,15577909	,15376696	,14255934	,13203010	,
6318203	,8026237	,9140078	,9534068	,8747648	,6319485	,5528679	,5395036	,5131353	,4081235	,4278101	,6708063	,6380130	,5327703	,5065301	,6115926	,5918298	,5984601	,5000019	,5131353	,5983061	,7491154	,10182998	,11694419	,12809291	,14655568	,14919245	,14654031	,14523217	,14523217	,14916684	,14850883	,14783296	,14322241	,14255934	,13991229	,14188080	,14913584	,15245362	,15444532	,15115315	,15774767	,15841071	,15841586	,15973172	,15841586	,15577652	,15376699	,14190140	,12940100	,
7697017	,8748157	,9664876	,9665391	,6454159	,4876945	,5135214	,5001307	,5132381	,4673112	,4279127	,7562596	,5985635	,4869722	,5131353	,6050395	,6706009	,7230808	,5918298	,5065048	,6508630	,8935763	,12086867	,12547149	,13796171	,15642186	,14984268	,14851408	,15181384	,14853452	,15049289	,14719297	,14585917	,14058050	,13860413	,14189113	,14779957	,14781487	,15180081	,15773236	,15248687	,15643445	,15709488	,15775789	,15972659	,15775029	,15247669	,15047229	,14255934	,12610885	,
8484728	,9666169	,9470067	,6912139	,4945309	,4550032	,5200242	,5262939	,4607325	,4212569	,4738136	,4869468	,4081241	,5001305	,5131354	,6378841	,7099222	,6902614	,6114648	,5852246	,6639703	,8475988	,11560788	,11824978	,13930569	,15510349	,15049289	,14785615	,14786636	,15314502	,15181124	,14783805	,14123837	,13071172	,13596988	,13727547	,14320948	,14914867	,15377458	,15577652	,15709745	,15643952	,15446066	,15841074	,15775540	,15642932	,15376950	,14717501	,14255171	,12348489	,
7696249	,7697532	,6189190	,5272216	,5535378	,4877966	,5264747	,5131351	,4278360	,3819354	,4081241	,4015703	,4408921	,5262937	,5721950	,5918551	,5918300	,6050135	,6245972	,6180441	,6573910	,7361367	,8869968	,11299671	,14522956	,15312970	,15247688	,15049287	,15181895	,15247939	,14785088	,14389309	,13993026	,13137470	,13794621	,13925688	,14782516	,15113524	,15510074	,15379509	,15908406	,15842350	,15642930	,15511598	,15643702	,15445815	,15508793	,14783548	,14189378	,13005641	,
6318456	,5071739	,4876430	,5468567	,5338258	,4944277	,4805997	,5066588	,5330013	,3885144	,3819354	,3753558	,4344405	,5132630	,5328219	,4933461	,5393748	,6312026	,7098963	,6836567	,7492440	,8017496	,8476504	,11299160	,14786379	,15379274	,15248971	,15511113	,15643718	,15050560	,14585668	,13532735	,13532226	,13860164	,14320448	,14650683	,14980147	,15048244	,15312694	,15509812	,15644981	,15842352	,15642932	,15444530	,15576634	,15247418	,15245374	,14651711	,13531973	,12742982	,
5925246	,4678012	,4482690	,4745871	,5009041	,5272213	,4612476	,4673883	,4279127	,3950940	,3950429	,4080984	,4343892	,5328732	,5066073	,4671060	,5131094	,6837084	,7755605	,7426390	,8411222	,9526608	,9592153	,11759185	,14720586	,15643720	,15513923	,15645509	,15381825	,14786877	,14454080	,13795647	,14058050	,14255674	,14453302	,14848823	,15245364	,15312182	,15377975	,15442994	,15774265	,15709749	,15379509	,15444532	,15510073	,15114554	,14717501	,14255684	,12414535	,11889226	,
7172474	,4875138	,4679047	,4811151	,5140627	,5008531	,5727616	,4805736	,4279651	,4214112	,4278620	,4343126	,4474712	,5262688	,5065561	,4999508	,5000530	,5852246	,7230547	,7361106	,7295575	,9394770	,9722704	,12548172	,14655054	,15644747	,15974726	,15646274	,15315518	,15114305	,14586430	,14454332	,14518844	,14717751	,15376699	,15180346	,15643445	,15907128	,15511093	,15049522	,15509812	,15576884	,15313462	,15576116	,15378741	,15047742	,14519355	,13662785	,11757130	,11298129	,
5991301	,5335175	,4877445	,4942991	,5338006	,4812691	,4941184	,5004154	,4871531	,4214110	,4541534	,4411227	,4541532	,4869468	,5065560	,5197144	,5590360	,5983832	,6639190	,6244945	,6180183	,9263956	,10446161	,13929035	,15380295	,15645510	,15381827	,15316036	,15445312	,14849852	,14521146	,14717753	,14716983	,15047993	,15246393	,15115832	,15447604	,15974199	,15775538	,15511095	,15312433	,15444021	,15378230	,15444534	,15246652	,14652736	,14321473	,13531205	,11955020	,11232077	,
5270400	,5599112	,5271435	,5336979	,5140629	,5074836	,4417417	,4546434	,4544884	,4543852	,4738660	,4739426	,4804193	,4935255	,5262937	,5262680	,6048855	,7099223	,7426899	,6638671	,7295574	,10248531	,12088401	,14257489	,15313485	,15579214	,15315783	,15446850	,15576894	,14719295	,14850113	,14717751	,14981691	,15179317	,14916148	,15246904	,15776056	,15843383	,15710515	,15642677	,15313714	,15180596	,15179571	,15179581	,14982465	,14256961	,13531973	,12611912	,11889739	,10707271	,
5663363	,5665936	,5862543	,5206159	,4812943	,4942997	,4942219	,4416904	,4939901	,4872556	,5133412	,5330019	,4738400	,5328730	,5590875	,5589844	,5918549	,7624278	,8345429	,8214097	,9329747	,10773327	,12678732	,14455369	,15379017	,15514183	,15843401	,15841859	,15315004	,14457154	,14652221	,14915130	,14851130	,14981941	,14915130	,15246642	,15644722	,16107318	,15711793	,15577397	,15445813	,15312182	,15113273	,14651708	,14585917	,14452550	,13005893	,11757640	,11034957	,9919564	,
5794434	,5664905	,5534608	,5008016	,4811403	,4746129	,4614796	,4547713	,5005692	,4873071	,5395301	,5395038	,4542047	,5000797	,6247001	,6181208	,6574421	,8215385	,8738898	,9328726	,11299150	,10511175	,12810572	,14588489	,15446599	,15842378	,15777347	,15579455	,14984258	,14324034	,14981948	,14981687	,15179319	,14983221	,15311414	,15510325	,15380533	,15710265	,15907894	,15642677	,15573818	,14917175	,14783799	,14387517	,14320194	,13729089	,12874057	,11166795	,10182219	,9262925	,
5466496	,5204867	,4943241	,4810633	,4679819	,4680336	,4679565	,4743298	,4874360	,4938864	,5001572	,5526624	,4804706	,4607068	,6443612	,7034199	,7886421	,9132630	,9001043	,9919826	,12416584	,12678984	,13927754	,15115341	,15315017	,15315782	,15315782	,15577158	,15114302	,14851132	,15708220	,15380279	,15246902	,15313211	,15708983	,15708985	,15313975	,15313714	,15575605	,15312437	,14982449	,14848823	,14517815	,14123069	,13728578	,13268803	,11691335	,10575435	,9394511	,8738129	,
5334397	,4941441	,4810885	,4679301	,4614285	,4549519	,4482440	,4545921	,4742261	,5069939	,5134184	,5789535	,5198687	,4475739	,6049884	,7492951	,8542551	,9264215	,9264465	,11628367	,14454090	,14850630	,14588235	,14851142	,15117127	,15315268	,15446854	,14918466	,15048760	,15444797	,15446844	,15578679	,15512117	,15643702	,15711793	,16039733	,15642679	,15180082	,15244083	,14784561	,14520627	,14584121	,14254394	,13925437	,13202242	,12480326	,11034695	,10444362	,9591888	,7886420	,
5136504	,4743805	,4876680	,4811401	,4680079	,4483210	,4153473	,4611966	,5200757	,5134703	,5264744	,5657438	,5590873	,4868439	,5590362	,7230549	,8411216	,9198161	,9854032	,12613454	,14916936	,15445320	,14260041	,14324296	,15050052	,15512132	,15710275	,15379778	,15115583	,15182651	,15446840	,15576634	,15447093	,16040758	,16173622	,16106037	,15511093	,15113524	,14980147	,14124596	,14254393	,14057527	,13663292	,13399613	,12611396	,11888197	,10641478	,9919564	,9854290	,7624278	,
5070450	,4874876	,5008266	,4679817	,4416394	,4614026	,4415616	,4545659	,4873328	,4872809	,5133671	,5198174	,5066073	,4868181	,5263191	,7231058	,9198413	,9919825	,11101522	,12745288	,14523213	,13405779	,13271370	,14719303	,15049800	,14985798	,15645761	,15512386	,15115067	,15247418	,15643451	,15643445	,15711028	,16042805	,16108596	,15711028	,15444532	,15574580	,14915381	,14123318	,14253113	,13793337	,13201981	,12873024	,12283207	,11690821	,10378569	,9066834	,9330008	,8149341	,
5529712	,4873846	,4744579	,4482438	,4350600	,4744844	,4547204	,4415100	,4610675	,4806246	,5133669	,4804704	,5000797	,5852764	,5984601	,8280149	,10379599	,10248527	,11299148	,13930057	,14522956	,12812621	,13928783	,13930054	,14522953	,15380806	,15777347	,15512643	,15445310	,15313722	,15314486	,15643190	,15974967	,16174648	,16174387	,15842613	,15378739	,15376947	,14849842	,14715443	,14385209	,13465406	,13004865	,12544838	,11888965	,11363396	,10509902	,9395542	,8214873	,7492954	,
5594220	,5135732	,4743551	,4547461	,4350854	,4613772	,4350854	,4218237	,4413304	,4675692	,5003113	,4476769	,4672859	,6181211	,6508628	,8935508	,10839890	,10511436	,11693388	,13995857	,14455377	,14127184	,13994567	,12812364	,13996360	,15181897	,15711043	,15645252	,15447101	,15512635	,15578426	,15512116	,15711028	,16173368	,16239415	,15842100	,15312433	,15047733	,14783797	,14782516	,14320184	,13334849	,12874558	,12347972	,11625795	,10641220	,9919312	,9330008	,7821405	,6771291	,
5462894	,5267318	,4677499	,4415618	,4285057	,4285318	,4284291	,4086651	,4150902	,4544367	,4346986	,4083044	,4672861	,6246487	,6837074	,9330260	,11233615	,11364941	,12877389	,14260045	,14785868	,13995333	,14060112	,12548940	,13534026	,14918216	,15644999	,15448131	,15644734	,15908157	,15843128	,15778103	,15776310	,15777586	,15909685	,15775540	,15575089	,15245362	,14783795	,14717755	,14386488	,13728576	,13202240	,12085828	,11691588	,10378569	,9198161	,8149595	,7887198	,7296093	,
5986920	,5201005	,4874106	,4480892	,4545660	,4152703	,3956346	,4217208	,3888755	,4150387	,4215398	,4804194	,5328732	,6180692	,7427152	,9986897	,12021323	,12415562	,14257992	,15379527	,15248458	,13797451	,13271624	,12876361	,13600588	,14918466	,15446341	,15711043	,15711803	,15777848	,15910198	,16172851	,15778614	,15842360	,15379505	,15246642	,15312437	,15114037	,14650931	,14452535	,14057792	,14255423	,13596485	,12610372	,11298634	,10116427	,9657429	,8870236	,7886937	,6967904	,
5594474	,5201521	,4742260	,4282741	,4348281	,4283262	,3890301	,4020342	,4215919	,4478062	,4215141	,4803418	,5459541	,6115926	,8082257	,9986129	,12087621	,13532999	,14061640	,15382086	,15512386	,14389838	,13140548	,13534028	,13928004	,14785601	,15380548	,15646013	,15711803	,15975227	,16042036	,16173621	,16239161	,16106035	,15180596	,15111731	,15309622	,14979896	,14319668	,13595707	,12545092	,13664834	,13795648	,12151874	,10707783	,9592401	,9461333	,9067347	,7689820	,6574941	,
5069672	,4938610	,4610675	,4413557	,4217208	,4282488	,3889531	,4020342	,4281193	,4346733	,3755366	,3820892	,4672342	,5984853	,8477269	,10575950	,12942409	,14849860	,14851661	,15512897	,15445825	,14323785	,13467203	,13863747	,14718529	,14916672	,15511364	,15777339	,15579706	,15777848	,15977012	,16108343	,16042550	,15909939	,15247669	,14915635	,15047221	,14519858	,13859382	,12741438	,11164995	,11955009	,13532228	,12808521	,10443851	,8410193	,7623765	,7690330	,7231329	,6902877	,
5201004	,4741233	,4478837	,4282487	,4151414	,4151415	,3955065	,4019829	,4215402	,3821672	,3754847	,4016222	,5000029	,6378839	,8542033	,11036236	,13665350	,14851143	,14785864	,15708993	,15314239	,14389057	,14651461	,14785339	,15379265	,15116096	,15314239	,15841852	,15776316	,15908921	,16108343	,16108343	,15909939	,15776310	,15312944	,15047985	,14849842	,14453551	,13662265	,12150593	,10640451	,10377025	,11691588	,12413765	,10246732	,8213332	,6705496	,6509148	,7296350	,7295839	,
5265257	,4544106	,4281971	,4151927	,4151928	,3955065	,3954549	,3887215	,3821420	,3821672	,3556960	,3884634	,4935002	,6968919	,8542033	,9590858	,13007173	,14192195	,14787131	,15777858	,15776318	,14850879	,14983745	,15576385	,15644734	,15643200	,15182651	,15446840	,15908155	,16041784	,16239929	,16108343	,15711795	,15575857	,15113267	,15178037	,14913586	,14582838	,13333050	,11756100	,10049093	,9262406	,9459015	,10443841	,10444360	,9328979	,7361368	,6376792	,7033178	,7098973	,
5461348	,4675431	,4347503	,4217718	,4151928	,4085883	,4085108	,4018286	,3690602	,3821412	,3557462	,4474453	,5853016	,8149331	,9001295	,10115399	,13862981	,13861700	,14588222	,15647040	,15645250	,15181374	,15316285	,15776834	,15578941	,15643453	,15379515	,15578426	,15974969	,16042805	,16108855	,16239414	,15646004	,15575087	,14981174	,14586420	,14452532	,13924409	,13332799	,11953984	,9786181	,8868931	,8999753	,9195849	,9984330	,9000531	,7229782	,6114648	,6509148	,6639965	,
5921382	,4937833	,4675698	,4480118	,4414325	,4610423	,4215919	,4150126	,4018023	,4016730	,3556700	,4474712	,5722199	,9199703	,11430220	,12152901	,13336385	,13927747	,14719808	,15776066	,15380546	,15643455	,15909695	,15580732	,15710525	,15511867	,15379768	,15643702	,15776567	,15910196	,16108598	,16239414	,15908658	,15575856	,15179060	,14585138	,14123320	,13135418	,12741440	,11822909	,10246722	,9590080	,9851972	,8736329	,8278096	,7492183	,6443351	,6049108	,6115675	,5983839	,
5790564	,5002345	,4740980	,4479091	,4413806	,4938349	,4281195	,4150383	,4082272	,3885147	,4147289	,4277333	,5655124	,9855311	,12220488	,14849860	,13468225	,13927746	,15182400	,15381311	,15379517	,15645502	,15977022	,15777088	,15382328	,15446076	,15313975	,15511859	,15643703	,15776820	,16173622	,16305207	,15844146	,15380273	,15113778	,14847540	,13728057	,12412991	,11427389	,10706244	,10115136	,10180426	,9983047	,8999751	,7754575	,7032917	,5984093	,5852503	,6050145	,6050143	,
5527651	,4740974	,4675953	,4675690	,4610928	,5265515	,4805219	,4280673	,3754590	,4343642	,4671060	,4278350	,5851476	,9658447	,12482116	,15047744	,14719808	,15445571	,15710273	,15448634	,15447873	,15777596	,15975229	,15578426	,15446076	,15314490	,15115318	,15509814	,15709747	,15777590	,16107318	,15976759	,15908404	,15574830	,15441462	,14981176	,13465656	,12347963	,11231299	,10049345	,9852741	,9721415	,9261896	,8540750	,7950160	,7164503	,6049882	,5655902	,5721948	,6049886	,
5396582	,4872040	,4806514	,4806763	,4806767	,4936550	,4410976	,4278875	,4540757	,5131605	,4671830	,4342867	,6967639	,13535560	,13400899	,14852673	,15380546	,15776316	,15645502	,15777599	,15842111	,15513913	,15712057	,15577912	,15313464	,15049776	,14983478	,15314227	,15973686	,15908406	,15843631	,16041522	,15644724	,15377460	,15046967	,14782776	,13860411	,12676415	,11099711	,9721156	,9851972	,9327689	,8408906	,8147023	,7491411	,6705498	,6115675	,5656153	,5525082	,5590109	,
5593191	,4741481	,4479350	,4413808	,4609384	,4411488	,4214109	,4213082	,4606550	,5328471	,4737106	,4868181	,8740690	,14585926	,13995331	,15446852	,15580479	,15911744	,16042049	,15646012	,15645499	,15710266	,15445815	,15312694	,15245621	,14981428	,15114035	,15446066	,15580209	,16107316	,16106803	,15973936	,15312685	,14916660	,14586165	,14714424	,13728827	,12347202	,10639423	,9130569	,9392968	,8474699	,7425612	,7491154	,6639190	,6180440	,6049625	,5590362	,5262686	,5130591	,
5331048	,4544365	,4413295	,4413298	,4477800	,4083294	,4148316	,4212567	,4934226	,5525082	,5261395	,6377812	,11300172	,14388810	,15184196	,15711041	,15709763	,16174916	,16108608	,15844156	,15778363	,15644219	,15312694	,14917426	,14849588	,14848823	,15047472	,15510323	,15776310	,15910450	,16042036	,15841586	,15508787	,15046967	,14585140	,14385209	,13268027	,11558722	,10114884	,8671565	,8606543	,7819087	,7163214	,6901331	,6049624	,5918038	,6114650	,5524577	,4868960	,4999255	,
4805989	,4281193	,4346988	,4150383	,4346214	,4148833	,4214110	,4212567	,5393235	,5984601	,5523801	,8215890	,13994315	,15115595	,15974215	,14655818	,14786879	,15844924	,15780158	,16042554	,15843643	,15709496	,15642677	,14917937	,14915894	,14981427	,15047985	,15443251	,15312944	,15513395	,15975219	,15776561	,15444021	,15047734	,14650679	,14188600	,12872762	,11099713	,9918535	,8606283	,7884881	,7426386	,7360079	,6704465	,5786710	,5655639	,5984093	,5393761	,4737631	,4999516	,
4674403	,4214880	,4084333	,3954025	,4149346	,4214626	,4214628	,4344153	,5787474	,6903637	,5852497	,9134411	,14982216	,15513413	,15513672	,14919756	,15379525	,15977022	,15911229	,16041271	,15710523	,15445815	,15444530	,15049523	,15246391	,15377461	,15246640	,15576370	,15246640	,15312944	,15709488	,15907893	,15445302	,14850355	,14519095	,14123065	,13004352	,11231809	,9786948	,8868167	,7753554	,7295313	,7556945	,6704465	,5851992	,5327705	,5262426	,5262939	,4737373	,4737374	,
4609638	,4214880	,4345448	,4411489	,4149094	,4150124	,4150124	,4475739	,5786452	,7887703	,7295061	,10709581	,14982729	,15380810	,15911494	,16109382	,15711295	,16175167	,16173372	,15842360	,15512635	,15181876	,15246904	,14917687	,14916145	,15049010	,15707955	,15774768	,15576884	,15444271	,15641649	,15312946	,15312437	,14651190	,14320697	,13728058	,12478784	,10902591	,9195843	,8540233	,7294800	,7163214	,7032400	,6376531	,5852507	,5327450	,5065560	,5262940	,5000025	,4671327	,
5266538	,4215400	,4083301	,4411489	,4019050	,4282739	,4151155	,4345185	,5065810	,6573649	,9198412	,13140808	,15247431	,15907654	,16438598	,16308297	,15714365	,15912506	,15910716	,15644985	,15446324	,15312946	,15246391	,14981427	,14848561	,15114288	,15378739	,15511855	,15775538	,15446064	,15443501	,15047221	,14915634	,14583608	,14057272	,13267003	,11691072	,10115136	,8342854	,7490120	,6769998	,7097421	,6376270	,5851475	,5590362	,5196117	,5130841	,5065311	,4933723	,4670553	,
5660265	,4544106	,3952745	,4411491	,4216429	,4217207	,4151151	,4477802	,5131605	,6048077	,10445389	,14784069	,15974213	,16043589	,16110916	,16373318	,16111166	,16043579	,15777337	,15708985	,15577648	,15181109	,15246902	,15115316	,14718517	,15046450	,15311919	,15246642	,15775281	,15643702	,15247151	,15046967	,14848310	,14386741	,14055740	,12610881	,11820858	,9918016	,7490120	,6768717	,6900555	,6507086	,6179154	,5719889	,5459028	,4867930	,4802396	,4671581	,4408408	,4145749	,
5200229	,4543852	,3953006	,4346473	,4348016	,4086649	,4348793	,4610160	,5131613	,6836050	,12285770	,15181889	,15911495	,16439111	,16308806	,16636492	,16504651	,16043579	,15776567	,15247669	,15378739	,15047734	,15510066	,15642930	,15376947	,14849588	,15113524	,15311408	,15576621	,15313198	,15245872	,15178806	,14388020	,14451254	,13860148	,12611135	,12083777	,9918018	,7686470	,6834251	,6506826	,6047314	,5785423	,5457488	,5129811	,4736342	,4736857	,4474202	,4079444	,3948115	,
4740196	,4806765	,4150901	,4018537	,4084590	,4021109	,4414586	,4873847	,5329245	,6506826	,13337678	,15841348	,15780417	,16175426	,16374601	,16571727	,16438852	,15976757	,15578163	,15114035	,15113273	,14585137	,15113524	,15378739	,14916397	,15047731	,14981681	,15046450	,15311668	,14915886	,14849074	,14783029	,14255672	,14254391	,13530429	,12545088	,11558975	,10114884	,8014408	,6309194	,6178891	,5653584	,5260621	,5129295	,4801361	,4473170	,4473685	,4343128	,4013910	,3816529	,
4805219	,4872810	,4348532	,4281971	,3953774	,3626349	,4217718	,4873849	,5000027	,5982284	,11101771	,14853185	,16239943	,15978049	,16571467	,16506185	,16175419	,15778103	,15377975	,14650930	,14190132	,14320435	,14453813	,14849588	,14783029	,14718766	,14914864	,14782770	,14916660	,14914352	,14651184	,14980658	,14519093	,13859130	,13201210	,12216123	,11035200	,9917254	,8079941	,5915718	,5915982	,5260108	,4931916	,4800846	,4669775	,4406866	,4144720	,4211542	,4013908	,3553875	,
4739426	,4478052	,4742260	,4151415	,3691115	,3822960	,4217720	,4675700	,4737884	,4800330	,9590599	,15049792	,16372297	,16307266	,16374338	,16504904	,16174138	,15514167	,15113784	,14123059	,13728562	,13595707	,14057523	,14321196	,15110965	,14784048	,14585138	,14979377	,15047731	,14715956	,14320948	,14914103	,14387256	,12871996	,12217154	,11165503	,9785921	,8932679	,7554884	,5719112	,5784396	,5260108	,4735051	,4669260	,4538189	,4341327	,4144207	,3948370	,3948115	,3553875	,
4739426	,4083553	,4346988	,4020088	,3626351	,3756916	,4085622	,4214636	,4540503	,4539214	,10184262	,16037698	,16241730	,16307005	,16373568	,16373059	,16173622	,15710517	,14982453	,13925941	,13070897	,13398330	,13728307	,14518577	,14978098	,15046704	,14452784	,14847282	,14784300	,14321968	,14386741	,14387761	,14715704	,13333818	,12413245	,10835776	,9260615	,7752004	,6636870	,5456971	,5718860	,5194575	,4866121	,4669258	,4275534	,4144459	,4012621	,3947857	,3882324	,3554127	,
4607838	,3951969	,4215402	,3955065	,3889783	,3889272	,3821422	,3688032	,4212056	,4669771	,10445890	,15444799	,15978047	,16373059	,16306751	,16307254	,15909685	,15445298	,14848820	,13070897	,12282419	,13794104	,13991734	,14320949	,14649654	,15243570	,14519345	,14384946	,14585650	,14585651	,14519093	,14650679	,13530679	,12676928	,12216638	,8472892	,6308420	,5784646	,5718853	,5456460	,5390924	,5063502	,4735305	,4538185	,4143948	,3947080	,3946826	,4012880	,3947858	,3619150	,
4673118	,4017501	,4083301	,4349307	,4021885	,3758196	,3820391	,3753307	,3686738	,5457234	,11891018	,15310141	,15910465	,16374601	,16372281	,16174648	,15778103	,15378230	,14517814	,12478004	,11230006	,13136437	,14320949	,13595958	,14518575	,14914864	,14650930	,14385201	,14519345	,14784310	,14980658	,14782516	,12214842	,11624501	,10179646	,6964543	,5586500	,5521481	,5849672	,5324874	,4996683	,5063499	,4735053	,4472392	,4078666	,3947337	,3947339	,3881548	,3816271	,3553099	,
4607838	,4082526	,4213862	,4480892	,4021369	,3756143	,3622753	,3883604	,3161942	,6178890	,13862980	,15048763	,15910463	,16570947	,16307002	,15778101	,15511095	,14915894	,13925680	,11426360	,9521720	,10901045	,13530166	,12872495	,14319668	,14782768	,14450990	,14451503	,14454834	,15376690	,15111992	,14518579	,12479800	,11426621	,8341053	,6438723	,5652295	,5783365	,5390663	,4800327	,4735305	,4865608	,4931403	,4276036	,4209220	,3946826	,4012619	,3881033	,3487564	,3618376	,
4804958	,4018013	,4083301	,4415867	,4154237	,3690604	,4015970	,3686225	,3489878	,7294800	,13862462	,15314235	,15975739	,16504381	,16241209	,15710776	,15114035	,14057525	,11887920	,9456444	,6830902	,8800054	,13069363	,11689519	,13005105	,14584110	,14650416	,14850355	,14850352	,14982449	,15113784	,14715958	,13398332	,11361594	,6964028	,5324605	,5389634	,5455177	,5259588	,4996167	,4931401	,4866120	,4865608	,4471879	,3946566	,3815755	,3881287	,3815494	,3422026	,3553097	,
4871012	,4083042	,4280682	,4086904	,4284030	,3821418	,3688797	,3490129	,3883602	,9001804	,14654015	,15908157	,16173368	,16306484	,16634424	,15775538	,14981174	,13793589	,11230261	,8274741	,5716021	,7487543	,13726769	,11885616	,12082481	,14715180	,15376688	,15180849	,14718255	,15179056	,15245104	,14582838	,12741178	,10245431	,6700345	,6045248	,5389888	,4995907	,5586754	,5062729	,5587023	,4931914	,4800330	,4471881	,4012359	,3618374	,3618374	,3487304	,3159369	,3618376	,
5068389	,4411491	,4280680	,3888755	,4348542	,3821422	,3820132	,3555417	,4473170	,10774093	,15181384	,15908157	,16175418	,16174902	,16436793	,15446326	,14585140	,13070646	,10703672	,7553334	,4993847	,6371380	,13596725	,13398833	,12411695	,13663019	,14915888	,15510066	,14651441	,15111986	,15114035	,14057014	,12412728	,10506811	,7881018	,6963265	,6111300	,5193284	,5587267	,5324872	,5717836	,5062729	,4931401	,4275013	,4012613	,3618372	,3684169	,3487306	,3224392	,3421511	,
5068906	,4544106	,4346986	,3691117	,3822450	,3886952	,4279394	,3752019	,4866641	,11234119	,15644221	,16304954	,16175165	,16173622	,15910196	,15181109	,13925688	,12084529	,9717816	,6699577	,5191225	,6305587	,12084529	,12674867	,13267506	,13990192	,14322479	,15177775	,14715697	,14916147	,15443768	,14189111	,12280887	,9588281	,7881531	,7160380	,6242366	,5782852	,6308677	,5914951	,5915719	,5718601	,5324104	,4275013	,3815494	,3684169	,3553097	,3749958	,3355718	,3028296	,
5003626	,4478311	,4149605	,3427430	,3295592	,3624039	,4017251	,3752278	,5983313	,13011274	,16238399	,16306235	,16041273	,15910196	,15975480	,15179577	,13137717	,11295031	,8077881	,5584435	,4797748	,6698550	,11624497	,11491893	,13399597	,15043119	,14385712	,14187310	,15177009	,15380273	,15773749	,14256185	,11886899	,8209720	,7159867	,7291712	,6504767	,5913921	,6702149	,6111552	,6244167	,5915465	,5521224	,4275266	,4078406	,3815494	,3487304	,3749701	,3618374	,3094089	,
4873067	,4608870	,3820129	,3559016	,3557737	,3230053	,3557735	,3358551	,7229773	,15841349	,16437312	,15845173	,15973172	,15712057	,15975229	,15246901	,13663034	,10901043	,7356979	,4862777	,4141109	,7290166	,12149041	,14057263	,14518577	,14584368	,13858095	,13925680	,15246642	,15842101	,15708985	,14058554	,11033139	,8668219	,6634550	,6373181	,6438717	,5389887	,5915202	,6176321	,6439491	,5718340	,5521735	,4209473	,4275267	,4011843	,3618374	,3486788	,3421765	,3290438	,
4740972	,4280680	,3820644	,3559016	,3427945	,3296616	,3623014	,3687257	,8281420	,15843649	,15846713	,16107066	,15379770	,15577399	,15512886	,15311416	,13400373	,10638651	,7290936	,4666677	,3944759	,6830385	,11755315	,14979379	,14651184	,14055981	,14189614	,14782766	,14916658	,15776310	,15773236	,13729076	,9653555	,8602938	,6765368	,6241083	,6373181	,5324094	,6045759	,6176580	,6636356	,5521473	,5390145	,4537156	,4143429	,3946820	,3815493	,3683905	,3224384	,3290438	,
4675949	,4479091	,4084590	,3690863	,3626098	,3886954	,3885924	,4080730	,9987659	,16106561	,16174651	,15909174	,15574840	,14853175	,15246904	,14584120	,11821878	,8931889	,6438199	,4141111	,4666416	,8470840	,12150320	,14386993	,14189103	,13397550	,14321200	,14451503	,14850354	,15314486	,15440947	,11821876	,9521457	,8996916	,7028281	,6437432	,6963515	,5258040	,6046527	,6045757	,5783616	,5390145	,5323841	,4341057	,4077887	,3815743	,3749950	,3618623	,3093059	,3092800	,
4872558	,4742012	,4086134	,4021109	,4019577	,3625070	,3360867	,4015191	,11301191	,16370497	,16173368	,15446840	,14917177	,14255921	,14850614	,14385979	,10311737	,7290162	,5125433	,3355191	,5518126	,10835509	,13661751	,13728049	,14187309	,13267247	,13924399	,13660716	,14914352	,15507253	,12939312	,9652526	,9194295	,9390904	,7619640	,6503225	,7619388	,5782587	,6569278	,5717821	,5324092	,4996159	,4930625	,4602436	,4011841	,4012094	,3815232	,3552321	,2764864	,3027518	,
5463927	,4809858	,4086134	,3758966	,3759228	,3691891	,3426662	,4670551	,11828549	,16502337	,15779131	,15313213	,15113527	,14651190	,14584888	,13662264	,9062707	,6437939	,4273461	,3419445	,3943728	,7750448	,13595959	,13398833	,12938029	,13201201	,13726767	,13332270	,14517298	,14320435	,11556914	,9784364	,10178100	,10637879	,8735025	,7290938	,8734774	,7225660	,7422271	,6110526	,5127228	,5258561	,5127742	,4471616	,4142400	,4012094	,3749439	,3552319	,3158076	,2895931	,
4873332	,4281971	,3228252	,3822963	,4153475	,3692670	,4083303	,5786974	,12418633	,16172348	,15909946	,15116856	,15115064	,14982453	,14124347	,13005362	,8604466	,5518389	,4076082	,3419957	,3485489	,3156783	,8012844	,13792823	,12610095	,12345389	,12607793	,11952175	,12477230	,14254128	,11952440	,11031859	,12019506	,10703923	,9193523	,9128500	,8668727	,8472118	,9455422	,5980217	,5651769	,5390139	,6373698	,5324607	,3880508	,4208960	,3683644	,3289658	,3354681	,2764346	,
3819100	,3162710	,3491166	,3296357	,4153984	,4087680	,4543845	,5852505	,12285766	,16037950	,15975488	,15840319	,15114813	,14124088	,13466164	,13334327	,7685173	,5388080	,4273211	,3747640	,3157300	,3418928	,7881775	,13202992	,13399860	,11492141	,11359537	,9716777	,11492402	,13793842	,11295282	,11426861	,11886899	,10834484	,8996918	,8208954	,7815990	,8472118	,7947578	,5454651	,6242365	,6767164	,6898237	,6766649	,4799291	,4208961	,3946048	,3551544	,3289147	,2632506	,
2634040	,3226702	,2502462	,2965852	,2766404	,3096398	,4541273	,5851725	,11694919	,15049538	,15778109	,15443503	,14783546	,12347962	,12413492	,13598520	,9063479	,7028534	,5191479	,3418926	,2828596	,3551534	,8208429	,13860662	,14254642	,12739379	,11228721	,10702894	,11097646	,12806193	,11885616	,12214066	,12149043	,11294772	,9390130	,7356727	,6503477	,8340793	,6896954	,5782335	,5782585	,6766399	,5717823	,6766910	,6044733	,4667453	,4077374	,3879742	,3223608	,2632760	,
2436663	,2567732	,2307140	,1646381	,924703	,3026226	,4997449	,5654086	,12285249	,14322494	,15114288	,13861415	,13005615	,12677941	,11755826	,12809266	,12084791	,10375479	,5650478	,2630693	,2828847	,4534578	,9457204	,13662769	,12543524	,11688742	,8206877	,9914659	,10375212	,11361067	,12675888	,13858863	,13268787	,11689779	,9784629	,7683893	,7028281	,6241338	,5716792	,5258038	,4799291	,5651768	,6307131	,7422522	,6831929	,5651515	,3880506	,3618106	,3223605	,2895670	,
2963785	,2107956	,1382690	,1580321	,1975857	,4671052	,5916489	,4405559	,8602146	,13860663	,14980660	,12939042	,9979424	,12939312	,11954234	,9851186	,9983799	,10048054	,3615014	,2039332	,2237223	,3943979	,11032880	,12675636	,13398055	,8600859	,5383188	,8928801	,8469282	,8861986	,13005613	,14584368	,13531959	,12740659	,9980468	,8077360	,8340281	,5454902	,5323063	,5979453	,5322811	,5979193	,5192506	,5782587	,5126715	,4929083	,3552060	,3486777	,3748663	,3550777	,
1843241	,1252639	,1514781	,1777448	,1910319	,4538953	,6048069	,1907745	,5188900	,9258269	,11361570	,12612138	,9980192	,13399082	,13334578	,9128490	,4271406	,4927016	,2891808	,1513237	,1775902	,6566693	,9257760	,7484445	,8928280	,6827794	,5121299	,8403227	,9387036	,8535324	,12675637	,14056242	,13069625	,12609325	,10113077	,7355955	,7225145	,5716281	,7028534	,6635063	,5913147	,5126202	,5388854	,4930364	,4142647	,4207929	,3748920	,3813433	,3814452	,4338490	,
1579293	,1580839	,1646116	,1910830	,1845551	,2567469	,3418924	,1118733	,4137241	,8402197	,12280360	,13728560	,7352857	,11165216	,13794618	,9260589	,4403242	,1907999	,1644825	,1053715	,2103318	,6500121	,8865563	,5909011	,6104845	,7220755	,6565145	,7024405	,7221008	,10832160	,11097642	,12346923	,12478771	,11163185	,9783859	,7946033	,5716279	,4076343	,5913398	,5848378	,5913658	,4208180	,4142136	,4339517	,4470326	,4470326	,4667704	,4010802	,4601399	,4732468	,
1054230	,1645603	,1845300	,2042683	,1645603	,3420985	,3483431	,1183243	,3087635	,10439455	,11361576	,9588255	,1117444	,3348746	,10045736	,5846052	,3089438	,1841693	,1184787	,1972761	,3480597	,6828307	,11229730	,6237977	,4595470	,6958610	,4792597	,6171154	,6893589	,7352083	,9388065	,11624491	,11689520	,9980978	,8275252	,6437171	,4864056	,3420725	,4010804	,4994363	,5848118	,4076343	,3879226	,4535606	,4469815	,4732470	,6043704	,5388596	,4798002	,5453622	,
2437437	,1580841	,2438987	,1911093	,1515298	,2498596	,3023907	,1250319	,2561551	,5384720	,7617563	,6105363	,2101778	,2363661	,6173472	,4468005	,2039583	,1775380	,1118230	,2036499	,4137751	,11493406	,10113057	,7155991	,6498579	,6498581	,7090196	,9322771	,9585686	,7353111	,10504745	,11163950	,9981493	,7683376	,6372146	,4470325	,3682870	,3485750	,3814454	,4995127	,5847865	,4010552	,4142390	,4864054	,4010550	,5913400	,6240566	,5847607	,5453619	,5059891	,
2635848	,2174780	,1843241	,2107698	,1579293	,1381905	,1380624	,592135	,920073	,4924185	,11100465	,10048818	,4400923	,3283983	,7813671	,4928556	,1578268	,1184533	,789264	,2496535	,4924950	,4858127	,5975318	,8075545	,10639399	,7878936	,8928793	,9258522	,11163937	,9914912	,11294245	,10243375	,7814449	,5322034	,4535091	,3682868	,3420727	,3485751	,3683379	,4732470	,5191479	,4141879	,3944757	,5257270	,4404019	,6306359	,6043957	,5847091	,6240305	,4929077	,
2702153	,2503492	,3291459	,4276294	,2435378	,1118740	,986131	,2956827	,3678228	,8141336	,10114609	,8077613	,5582628	,2168590	,7222561	,4140331	,1251096	,1315608	,1249808	,1774352	,5252370	,10703650	,7943956	,9389092	,10836513	,10572062	,10176544	,12544037	,13267496	,7154962	,8601121	,8601895	,5583658	,4666162	,3747893	,3223093	,3026737	,3616054	,3683129	,3419958	,3617334	,4273716	,3944757	,4732470	,3945268	,5716019	,7486514	,6503217	,6108719	,5190448	,
2501688	,2041392	,2765624	,2368296	,1645856	,789514	,2759959	,5386276	,4662803	,6959639	,5319708	,4202264	,3416089	,7222561	,9258271	,2102804	,1315608	,1250067	,2433312	,4072220	,10244894	,15243821	,12873767	,11095324	,11491624	,11622178	,8271902	,11360804	,12412197	,9782560	,8534562	,6106401	,5254700	,4469812	,3682868	,3419444	,3092019	,2960434	,3092273	,2828850	,4010552	,3879729	,3354934	,4207153	,3944500	,5453109	,8273712	,8339251	,7617332	,5583665	,
1448737	,1184535	,921363	,1184015	,1842463	,1447959	,2168598	,4663582	,8733732	,7420192	,4925207	,1643283	,2890515	,5975577	,4334099	,461582	,1577753	,2694431	,1645854	,2430740	,8670237	,10511388	,10573091	,8206359	,10114334	,11098658	,6893846	,10045465	,10505245	,10176550	,5843740	,6369826	,6961460	,4272944	,3026226	,3289139	,3747378	,2697521	,2500912	,3024946	,3682868	,4535091	,2829107	,3288369	,4076084	,5256494	,8208176	,8404526	,7421231	,6436656	,
592139	,723982	,920850	,1973790	,1841693	,1184276	,987406	,2167568	,5188884	,4992280	,3153939	,722442	,1314571	,6041111	,3086604	,461582	,1840145	,3810592	,986893	,1839632	,6499342	,10112790	,10706718	,7750422	,7681557	,10965532	,11755295	,11624227	,9519392	,9388831	,5448730	,6041888	,6436403	,4600884	,2763054	,2960433	,3944248	,2435380	,2631217	,2238767	,2959925	,3682098	,3289137	,4599859	,4272944	,6042926	,9126447	,9193005	,7748656	,7485995	,
592398	,396817	,1776670	,1250067	,788487	,919821	,328713	,3482391	,10442798	,11887401	,8406828	,4665901	,3680801	,3939860	,3743251	,1775122	,920073	,1512208	,1249554	,4924950	,8602389	,12348702	,12873253	,13403435	,10377245	,10376482	,11098144	,11558436	,11098658	,10703138	,8469281	,7157802	,4271656	,4665651	,3289139	,2631728	,2894128	,2435121	,2369837	,2828848	,3617334	,3616557	,3222576	,4927792	,7486512	,7879979	,9390124	,9717547	,7551535	,7551277	,
460292	,789518	,987154	,1119769	,1839892	,2894892	,2892320	,7354912	,8208420	,9193509	,5912870	,4797497	,6832693	,11426858	,5779746	,3023906	,3416089	,1972502	,4401686	,12543271	,12941093	,14061601	,12216097	,13729059	,13267498	,13266728	,12214567	,12345126	,11885091	,10505505	,10505004	,9259051	,4402990	,2894900	,3550512	,2763054	,2303792	,1976110	,2894130	,3419958	,3551541	,3156783	,2434349	,2960433	,7486767	,8732970	,9061167	,8404779	,7420200	,8536106	,
1712936	,2042679	,2568257	,2433053	,3876900	,2697772	,3219227	,9653029	,8210221	,9457970	,7686714	,3878956	,6044206	,7881772	,3287081	,2761768	,6568240	,4731179	,4926757	,14187822	,13794605	,15113518	,13466405	,12016926	,12149026	,11820581	,12806956	,13332272	,12609064	,11425578	,10833710	,8732970	,4271917	,2828847	,3287858	,2697775	,2238001	,2105903	,2959406	,3617075	,3288371	,3353652	,2304046	,4403505	,8208176	,7945257	,8667441	,9783338	,8929581	,9323050	,
1646892	,1911857	,1646632	,4795681	,5322026	,3089959	,2826015	,5451030	,5124646	,4929588	,5586237	,5192760	,6438197	,3222576	,1777699	,2238251	,8539186	,8077871	,7093288	,11887660	,13399085	,14850346	,13136423	,11950882	,13661738	,11884838	,13267496	,14187307	,13135659	,10965799	,11162158	,6961448	,3484971	,3353133	,3157553	,2959406	,2106413	,2369328	,3550764	,3222830	,2762028	,2763054	,2960434	,4468526	,9060906	,6567213	,6962725	,10374697	,10834221	,10111276	,
1382942	,1316119	,1842980	,4007971	,3285790	,2367260	,2498845	,5714212	,3746090	,3747889	,4667191	,4008745	,5388594	,3222317	,1974819	,2106667	,5256240	,6700080	,8997168	,10375977	,14848045	,15509037	,13992235	,12083751	,13989161	,11228452	,13002794	,14518317	,13201705	,11163175	,10834474	,7355439	,3615533	,2697521	,3420209	,3352620	,2368810	,2238251	,3813425	,2631728	,1778220	,2040622	,2106154	,3090733	,6764592	,7026474	,5779754	,10110248	,10702888	,10439465	,
921100	,1184025	,1185563	,3746074	,5255203	,2891293	,2433312	,4993060	,2499621	,5256494	,7946546	,3812132	,2499103	,2301474	,2038305	,1514528	,1581344	,3089450	,7485476	,9323551	,14718507	,15245352	,14188072	,12016424	,10965280	,10045734	,13135912	,13925163	,12871721	,11754535	,11753515	,8273963	,4599342	,3222317	,3550260	,3024940	,2829101	,2696751	,2697262	,2040109	,1580847	,1909037	,1974827	,3025197	,4403244	,5321513	,6632745	,10768170	,10242092	,10110761	,
1186333	,1054747	,3222317	,4532767	,6502440	,2365976	,2169637	,1646884	,3221028	,8406835	,7093036	,3615016	,2368807	,2368556	,1512987	,1382429	,1513241	,1184787	,3545623	,9653019	,14451747	,13004576	,12081954	,10570011	,6170905	,8797983	,14318375	,13792811	,12675370	,12608298	,12214058	,9651752	,5780267	,4009261	,4009774	,3549999	,2500395	,2960174	,2565935	,1974578	,1647147	,1712176	,2106667	,2762028	,3090733	,4074538	,7748395	,10964777	,10768168	,10373670	,
1382431	,1382942	,5720390	,7488052	,4401959	,2696224	,1644573	,1513247	,3812912	,8013618	,7093545	,3942699	,1907745	,1974821	,1250328	,1512987	,1053201	,658189	,3480083	,9849115	,11494168	,10242584	,7484180	,6761753	,2955285	,5055506	,13068837	,13923370	,13660712	,13202984	,12806442	,10372907	,7092269	,4141101	,3813165	,2697261	,2499372	,2171947	,1778733	,1843243	,1712174	,1711655	,1844011	,2958894	,3287592	,4139818	,9389354	,11030568	,10898984	,11096104	,
1712938	,1976369	,5126707	,7224620	,5060144	,1907995	,1447707	,1250843	,4010801	,6831414	,3745311	,4205865	,1052177	,1315349	,1184274	,922644	,1379862	,855309	,3414541	,9259288	,11886875	,11361055	,10638104	,8600859	,3021076	,4529940	,12608288	,13924646	,13727529	,13726507	,13397293	,10834981	,8010537	,5714474	,3352874	,3025197	,2500393	,2171945	,1843241	,1842990	,1646383	,1515308	,1909034	,2696234	,2959404	,3877161	,8666407	,10176550	,10635559	,10439463	,
1844522	,3553084	,5387305	,4991778	,3155495	,1184533	,921100	,1184533	,3681836	,5780269	,2366236	,2104087	,921361	,723210	,854798	,658191	,1380624	,922129	,1839884	,8731414	,12345122	,13463844	,12937504	,10834464	,5974555	,9323040	,14320169	,14913837	,14385451	,13070120	,11885350	,10571049	,7879464	,5058604	,3090990	,3549999	,2697264	,2171945	,1975081	,1580841	,1515046	,1581099	,1645865	,2434089	,3024940	,4271404	,6566954	,9389095	,10044964	,10110759	,
987671	,4009772	,4598815	,1708046	,1447705	,855822	,855309	,1381401	,2302503	,3417629	,1972248	,723984	,921615	,986895	,723723	,723210	,1380113	,1315852	,920841	,2691594	,6893587	,11556635	,13857826	,12017439	,9979163	,11424291	,14583333	,14452773	,14518830	,13726759	,10766887	,9257258	,8469800	,5255470	,3155752	,3550253	,2762797	,2237221	,1843493	,1777965	,1777448	,1580841	,1449002	,2434089	,3877676	,6041896	,5779243	,8798246	,9848357	,10503975	,
1644825	,3351842	,1971472	,657930	,1118483	,1775898	,789775	,1447448	,2038045	,1840145	,855048	,1511701	,855311	,592913	,854796	,1118479	,1839383	,1183498	,1183498	,4463632	,6630165	,10966046	,13990429	,12739359	,11884321	,11489831	,12608296	,14189352	,14846762	,13134372	,10308389	,7026723	,6566439	,5714222	,4009261	,3287342	,2434602	,1909288	,1974827	,1973798	,1711404	,1514793	,1646632	,2105637	,3680297	,7157032	,6894888	,7419428	,9059365	,10044968	,
1184535	,920073	,395017	,526596	,1249808	,3353385	,1118742	,1250329	,1184787	,1249038	,1184274	,1774869	,526346	,460810	,921102	,1118992	,1577744	,1578771	,3152915	,8338196	,7221784	,10440215	,14518050	,13661466	,10372377	,8599838	,11095075	,14716459	,14715178	,12081449	,9716517	,7419428	,5845287	,4336938	,3681579	,2499882	,2303016	,2039845	,1974316	,1580841	,1580588	,1449255	,1777187	,2040361	,3352874	,5845034	,7419428	,7485223	,9519402	,10044964	,
592396	,657930	,591626	,921102	,1908258	,2826527	,920843	,1052690	,1315599	,2693912	,1314320	,526855	,328965	,592139	,986643	,854800	,1774604	,2759194	,4465177	,7747866	,7810839	,7417872	,11819799	,13265180	,9978904	,7548959	,11624481	,15307815	,13925159	,10767650	,10241834	,9454373	,5386025	,2566186	,2500136	,2302504	,2170666	,2039591	,1645351	,1581354	,1514793	,1449000	,1973800	,2236713	,3877675	,5189161	,7682085	,8469030	,10701352	,10635299	,
723725	,854796	,1905425	,1512210	,1315862	,2037011	,854796	,591626	,986636	,1707789	,328713	,987147	,1052427	,854798	,460551	,789518	,1184272	,4203031	,5580049	,7549720	,10507540	,9190674	,12805914	,13791002	,10700825	,6892310	,12413730	,13989928	,12148261	,11489316	,9585193	,9388065	,7353645	,3417637	,1975081	,2302244	,1908773	,1908775	,2039334	,1841961	,1776423	,1515048	,1974052	,2434343	,3942950	,5583141	,7222310	,8009510	,9979173	,9453096	,
