8006724	,7744832	,8532292	,12740937	,13001282	,14255959	,12082506	,9911612	,8074047	,9784136	,9583160	,11690058	,9717308	,10700351	,6169401	,9254965	,16106885	,15178326	,9321016	,7480645	,9256516	,9583428	,13399116	,11031089	,14650428	,9385773	,8792623	,14848335	,15042635	,13133351	,6633756	,67082	,592135	,789003	,723464	,723725	,789516	,592135	,723721	,591885	,592135	,657417	,526596	,460812	,591624	,722694	,591626	,526342	,394760	,263683	,
8137281	,8007494	,10110029	,13794898	,14914390	,14451268	,12148549	,10502974	,7942463	,10111551	,8270139	,8533044	,8532541	,10570043	,6693684	,9516344	,13729855	,14386758	,10241080	,12084296	,7286591	,9978435	,16166492	,13924926	,14123059	,13989689	,11883318	,13265204	,12343851	,12805156	,6237209	,5385239	,2758417	,460810	,919823	,723975	,657928	,853771	,723210	,592389	,723214	,329992	,657419	,329478	,657417	,394756	,526346	,526344	,920073	,2364446	,
12413782	,8333889	,12872274	,14650967	,14254930	,15308121	,10373695	,7481148	,7087932	,10701631	,7941433	,9583928	,8598586	,10637121	,8861498	,12545090	,12409664	,13466695	,12672577	,13861202	,8205381	,10901320	,15111242	,14646588	,11489328	,14582840	,16229963	,13137987	,5576225	,10178585	,6830617	,8996644	,10636315	,1380111	,132362	,526855	,723982	,723462	,592139	,1051148	,657417	,526857	,461062	,656649	,526342	,394760	,985866	,3480346	,7942953	,9190461	,
11032136	,9122633	,10240067	,13923406	,14582612	,14518868	,10174527	,7218237	,6169401	,11359810	,9386046	,6956603	,8994363	,12082494	,11886396	,11753793	,13268284	,11688251	,11096130	,11491397	,10307649	,14122566	,13267520	,13989947	,14121275	,11291173	,9650476	,8793131	,6300971	,10901015	,6107663	,3677209	,7350814	,5711134	,8077332	,1576973	,132364	,526346	,789003	,855048	,789003	,1050376	,460551	,460038	,394766	,1642254	,8928544	,6629681	,9190186	,12473907	,
8399939	,9257030	,14387805	,14647630	,15839845	,15707487	,14651470	,7283771	,6299707	,9256763	,9125947	,6889270	,7415606	,11424313	,11952450	,10572355	,12477505	,12151372	,7350326	,7810115	,10831679	,15179854	,14057022	,14183216	,12739373	,8073259	,8797743	,12412213	,9717545	,9652757	,4860687	,1904149	,5775642	,10634272	,11947293	,6301208	,4138001	,2300175	,985866	,657932	,526346	,591885	,592398	,2758159	,5909011	,7026966	,11882021	,5972520	,4594726	,9647411	,
9058111	,10042951	,13069391	,13528135	,12737340	,12739128	,13860675	,7546165	,6365751	,8860215	,7021367	,9652803	,8466229	,8728631	,9254710	,8859952	,8860985	,9190713	,7152182	,9387076	,8993084	,15506517	,13200181	,13591596	,10372905	,5380647	,10639912	,13204272	,8469020	,13795095	,5847053	,6437399	,6568217	,7679516	,5776927	,6957600	,15837742	,9589783	,658189	,132613	,1182986	,1314572	,2627090	,7944467	,8141585	,10898707	,10767390	,4856358	,4004131	,5841461	,
13006168	,13398608	,10435647	,12474946	,12081477	,12278848	,11752250	,9978684	,7612987	,12413516	,8204342	,12477505	,13334095	,9058875	,7219765	,12150334	,11162683	,10833467	,13005639	,10834750	,9322556	,12939840	,10437673	,12279847	,7941672	,9519402	,8864289	,10044707	,8205856	,10180626	,3678990	,9392404	,6699793	,5778198	,3939611	,3611418	,12741907	,11691277	,2365199	,2233615	,5845010	,4990741	,8470550	,5909522	,6828053	,11227672	,10966309	,4528424	,4136485	,4135467	,
11755602	,11293509	,11228227	,13794895	,9320513	,10766911	,11094079	,10502972	,11360324	,10175549	,8859704	,11883836	,13927497	,9389372	,7745082	,10570294	,10570295	,12739646	,13595969	,10376251	,10835777	,8270648	,7482159	,9715750	,11160878	,9519402	,8667680	,6827806	,8142875	,9259025	,3940881	,2954768	,4859157	,9979925	,3744023	,4138003	,4991245	,10178573	,4859418	,9850641	,6173456	,6899228	,16039231	,4990228	,8536848	,9062163	,8270373	,5776422	,4726312	,3479847	,
10895950	,11949893	,10108740	,13332045	,11027524	,9187389	,10833209	,13334354	,14384196	,11359553	,12016963	,11885117	,10700602	,12213053	,9583930	,7286071	,8137524	,14718290	,12083260	,7416630	,7680823	,9257532	,9848884	,10308906	,10108714	,9583912	,8271902	,7024674	,5449749	,6764054	,2890767	,921102	,2758680	,5188624	,4004883	,3744274	,1839633	,5778451	,4663058	,7419665	,1510927	,8014095	,13338143	,5780246	,15374879	,7748631	,4201251	,4988959	,5775403	,4070444	,
14387035	,9450309	,8793668	,12474693	,14054730	,12017479	,9056056	,12674115	,11950910	,8858935	,11028029	,13199673	,11950657	,11229240	,9124406	,8469305	,5839156	,14059594	,13005892	,6300217	,5512506	,12346428	,8730664	,8269351	,11754281	,9190952	,11693356	,5712154	,6041360	,7553561	,6764821	,1117200	,3218710	,6959379	,3349271	,1052686	,658961	,4859919	,7682837	,4728596	,1117202	,4925201	,10177807	,4072719	,14650653	,12940063	,4792350	,5186085	,7942186	,6367540	,
10504001	,8662601	,10832202	,14914649	,16694886	,13598287	,9581369	,10500412	,8991288	,8401725	,10503742	,12147260	,10439738	,8267314	,7417399	,8469559	,8007992	,13794367	,13266242	,10441541	,5185853	,8664117	,8272683	,9914156	,8073510	,6892835	,11101981	,4268824	,2167822	,2891534	,8801293	,2037011	,8865041	,6763796	,6829589	,1971218	,1510155	,3021327	,3743251	,4991756	,4925458	,3809046	,9192466	,6107412	,12809489	,9195797	,5514272	,12807725	,15176499	,5908773	,
9844806	,8399427	,11687499	,13596236	,16099157	,14124615	,13332296	,13663823	,9846079	,9191739	,12150083	,11884866	,8532282	,10111804	,8598332	,10636601	,11031095	,11687219	,13462332	,13004865	,5578559	,5381172	,6956583	,8861221	,7612717	,8272680	,9131028	,4466453	,1444875	,919560	,1248275	,723214	,9589269	,7224597	,10177555	,2496527	,5778190	,1774606	,723723	,329743	,3808527	,4464658	,8211476	,9325845	,9979663	,4793874	,4463383	,12804135	,12282922	,4136740	,
10701642	,9976394	,10436676	,10960451	,12145979	,14515790	,14189386	,13924158	,9584443	,9517882	,12935998	,10043963	,6430780	,9582909	,8862009	,8598326	,12083526	,11422259	,13464903	,12677454	,5841214	,5118261	,9452847	,9845544	,11226409	,9914912	,7487768	,1116941	,789264	,1708559	,6240271	,5451535	,4006415	,4727828	,4071448	,1707536	,4334353	,1314572	,1248525	,4859667	,4269076	,4072471	,5254677	,3284753	,6500881	,8405521	,4398113	,9911074	,11950631	,4071204	,
8663112	,12349016	,14913376	,12474693	,11355200	,13728073	,13001278	,11291197	,8071737	,8925506	,11092801	,8533558	,6496054	,7283769	,6562098	,8074047	,12147258	,12674366	,13267004	,14590572	,6760509	,5053751	,9977900	,9321518	,11226920	,9980701	,9587728	,1576973	,1577741	,5386001	,8273937	,3547147	,3282453	,4531478	,7879955	,2233361	,4466190	,723982	,2626831	,4991505	,3678481	,2496272	,12483093	,4598293	,1117454	,4991253	,8599074	,8732194	,15306024	,5318692	,
12542280	,12211270	,16297048	,16364647	,14190679	,14122831	,11028288	,8400189	,9914693	,9451071	,13200209	,10046021	,7284028	,10374458	,7615030	,9387064	,12348999	,14056771	,12740925	,11556152	,5644092	,5512748	,9651505	,9912364	,12609339	,13136162	,8076307	,4006163	,6109461	,6765332	,4006674	,1050896	,4990228	,5844244	,6829585	,3480851	,6828819	,2955536	,2758416	,4137490	,395534	,1380113	,6762514	,3087635	,527373	,2168085	,6826525	,4333601	,10109468	,8010270	,
10046270	,13004362	,16297054	,15377502	,15044184	,16169586	,13922631	,8006462	,10965314	,11819334	,14125662	,9581110	,10833993	,12543556	,8138300	,7086902	,11886404	,12742220	,11161151	,8729912	,5840185	,5381936	,8335154	,8730672	,15575635	,12679710	,8146197	,12086041	,6830865	,2824461	,4729360	,5254166	,6631955	,4531480	,2758930	,1380624	,5975569	,5515024	,2167057	,2890005	,5122326	,4925197	,1577744	,6631955	,7025175	,8147490	,8738087	,1905436	,6893347	,8927782	,
3021340	,5648934	,8079916	,12482379	,14848859	,16693603	,13528646	,8072770	,10240320	,10963263	,11160377	,11226695	,12410683	,9385019	,6497333	,5578551	,9057081	,9123128	,9188917	,11097672	,9389378	,5642539	,9849143	,7153449	,15241013	,12222762	,4334093	,11099409	,8537358	,4204307	,4203542	,7880984	,9194000	,6500634	,3546392	,1248275	,4464910	,5579797	,3284236	,8011539	,4006423	,2168589	,2233612	,7878164	,6695438	,14916910	,12095536	,1707287	,3349275	,4069926	,
8277031	,5385241	,2824210	,6765344	,8604977	,12021565	,12542529	,8794947	,11229515	,11030858	,8072509	,8333887	,9977918	,9059386	,6824758	,6694201	,10571578	,9453631	,10768957	,12149580	,10571585	,10243121	,7283752	,7547695	,11294245	,9789207	,655885	,7422225	,15441963	,8408344	,8605974	,7488279	,2691862	,8668691	,5713424	,4859668	,2365198	,1804	,4991502	,10111250	,5646614	,1313550	,1510927	,3219472	,2561551	,10112277	,7027728	,657678	,1511951	,2823970	,
7353888	,8142876	,4530200	,4334871	,4007708	,8012580	,7945004	,8664129	,10831937	,10372417	,7547454	,10372926	,8336441	,7808315	,10111551	,9651255	,12018756	,14389334	,14782024	,12085578	,9255223	,10110257	,8140079	,10964275	,7090463	,2693134	,724236	,2889741	,10380063	,4336146	,5057298	,2036499	,3087895	,4333590	,7222033	,11162898	,1971472	,5256204	,9917206	,8603159	,3874318	,9000477	,6899232	,2562069	,2955798	,2430479	,4137241	,1052179	,2759959	,2627868	,
11688524	,14717511	,12282672	,8144158	,4136720	,8408093	,10051110	,7221034	,7088189	,9585983	,7349823	,12413265	,12544838	,10308934	,9255992	,9846079	,9187640	,11424826	,14517320	,10505533	,9189430	,7153455	,10701619	,11293744	,8932645	,919310	,1379341	,4072467	,3216147	,5187858	,5647892	,1643287	,3349778	,5581587	,9652241	,4859668	,855822	,6435089	,8407313	,7224078	,7681297	,14648864	,16230439	,9521431	,5384471	,4728596	,3480346	,3087894	,3677208	,3283998	,
13529174	,12148300	,12607310	,14387535	,10510119	,4333842	,6042138	,5320733	,8539438	,7941948	,6955327	,10830397	,12939337	,8993591	,9190459	,10965053	,7154236	,7875381	,11359035	,7745081	,6823728	,6168621	,7744303	,8204845	,3741715	,2364688	,4860946	,4006928	,6239250	,5122837	,3022353	,5646101	,7287315	,8010260	,9980944	,10375435	,3218192	,3874066	,6632721	,3940624	,4136461	,13927969	,14978842	,12150545	,5647128	,8732695	,4662805	,2824471	,2890262	,1970969	,
14452307	,11159625	,10369091	,10765894	,15639392	,12546620	,4400410	,2496272	,10447412	,11035200	,9979977	,9713473	,9648443	,7416376	,6826551	,7811126	,5315130	,8994111	,8993334	,5906486	,7745584	,10507063	,6628143	,8861488	,4728859	,3613201	,4861199	,657932	,5911054	,2102026	,2628624	,13005327	,11362833	,3939094	,3874580	,10769421	,7353619	,461329	,6237712	,4989462	,4465937	,11101466	,8869146	,11036178	,5909273	,5582099	,4662805	,657930	,986636	,1445654	,
12936774	,11357004	,13531221	,10105921	,12213579	,13658442	,13069376	,5386009	,5714715	,8211751	,13668181	,11821645	,8993860	,7876668	,5971517	,5644092	,5185075	,7876408	,9322560	,8338236	,8007979	,8399151	,5641513	,9322537	,7158804	,7948302	,8145683	,789007	,2101264	,920850	,2233612	,7946512	,8602387	,7092761	,1905428	,5057814	,7289619	,4531219	,9061392	,5975064	,3219472	,4070419	,4136469	,3413524	,5451032	,9717529	,4006166	,1839635	,4399641	,2234391	,
13268561	,13992023	,14716500	,12345429	,11027524	,13465163	,13592136	,10372664	,2694164	,1117202	,5845790	,11096379	,7744571	,6562876	,6299453	,5120060	,5120060	,6366778	,9848642	,10635579	,9321768	,8533809	,5118513	,4988700	,2167311	,2823699	,3677713	,592139	,657930	,4466958	,2825490	,4333842	,5187862	,7091989	,2890005	,1839124	,7685909	,9652755	,4859406	,1773327	,1118733	,6564885	,8797458	,4201234	,8671255	,11425049	,5317912	,6631957	,5383959	,1773588	,
12544851	,13135182	,12147019	,15706725	,11094349	,9909823	,9975616	,10898250	,8337981	,985614	,1774353	,9197365	,8403004	,6366008	,6300987	,5841212	,5446973	,8269886	,13401678	,12344898	,8072493	,8665131	,5446957	,4398879	,3482642	,4073752	,1314320	,3350546	,1052175	,3677713	,2496784	,7682576	,3480599	,7418901	,8602641	,8013332	,13861147	,12678681	,1249036	,4333840	,10769421	,11556881	,5383440	,789264	,2692885	,4925207	,5845012	,7681048	,3874066	,1052436	,
10500927	,10961731	,9647431	,13200201	,10370372	,11884874	,13922895	,8794438	,8268613	,4529448	,395017	,1380111	,3349791	,5186615	,6039104	,5775421	,5316410	,8863038	,13331520	,13201210	,8334890	,8992053	,6037548	,8801316	,5386009	,6110227	,591885	,5779730	,1183237	,3284501	,6041108	,7681555	,3416089	,4990481	,9785620	,14648597	,8338447	,10308369	,4530449	,6175507	,15895316	,7157010	,1510927	,921104	,919823	,657678	,10901528	,6175507	,723214	,4071454	,
13530706	,13002830	,11423046	,11554884	,10240580	,12808524	,14451531	,7546173	,6432832	,6039363	,2233628	,789518	,1249040	,2431009	,4136235	,5252417	,6957636	,9714760	,11226433	,9251113	,12609592	,11688502	,7085871	,6500122	,3350546	,3613201	,3350545	,855307	,329741	,7618838	,9455891	,7090451	,6434326	,8207890	,8405269	,5779732	,2036236	,9127439	,4663308	,3153426	,10182935	,1708560	,1117450	,1314579	,7685650	,3350546	,3480851	,3350294	,2232851	,5580834	,
12805966	,9056579	,9123655	,9188931	,12804939	,12673355	,9976643	,6628159	,6234951	,5907013	,4594740	,5122839	,5318425	,658192	,1184022	,3086630	,7550526	,10506313	,7612219	,7218989	,11687990	,9121835	,12020027	,9393180	,9987096	,3481102	,4860694	,3350294	,3482389	,3415568	,7682835	,7944982	,5711892	,5647892	,5844242	,1051150	,921361	,3940624	,1971211	,1379594	,5450260	,1773840	,4793875	,1905168	,9917972	,6173457	,657679	,3284760	,2825752	,3152923	,
9057084	,9057092	,9912650	,8006465	,13595219	,12737606	,8729156	,6759493	,6104384	,6169926	,5446723	,6566693	,7353637	,4070702	,1840145	,658708	,1642012	,5646127	,8272693	,6299946	,8135979	,7087405	,10505004	,10048026	,6041871	,920843	,8800277	,10378523	,7752470	,263180	,2102292	,7618066	,7945231	,4858905	,2364949	,1576722	,986897	,657932	,3417108	,3678994	,5187607	,1314572	,4005652	,3479832	,4924437	,3021331	,2364439	,4530970	,2693651	,1577490	,
7808582	,7875906	,10045770	,7481661	,10437956	,11097419	,8599628	,9518413	,6235202	,5907003	,5775680	,5842485	,3743002	,6694462	,7087929	,3808545	,2235155	,921361	,1972252	,4135204	,6235693	,8928302	,6561570	,8800790	,2430994	,1576461	,4991000	,6633486	,3677713	,4465426	,7882010	,6304532	,7156240	,5056536	,3283733	,1708813	,1182734	,526354	,7553810	,5056783	,1809	,2364949	,4727828	,5187088	,3874587	,1249289	,3416089	,5580059	,2430994	,1118483	,
7153475	,6825286	,7218249	,6366275	,6563391	,5841471	,6365761	,7286340	,5644352	,5905727	,5514048	,5776189	,3283999	,5185578	,6628158	,8336456	,8141623	,3545374	,1052688	,1248786	,2494229	,4269335	,4992019	,7882775	,2167570	,2036752	,11168799	,4467732	,5911832	,6108695	,14322466	,12082706	,8339477	,7157010	,8865296	,2824463	,2561815	,854798	,2037004	,7949857	,1775374	,3808274	,8078365	,14988108	,4073750	,525584	,8603678	,10574871	,2430743	,4071709	,
6890561	,6234943	,6300736	,5906239	,5775421	,5709377	,5710400	,5512508	,5447996	,5512506	,5775419	,6628422	,4137259	,3872549	,6038852	,6562886	,7152703	,7285560	,5840935	,1970706	,592139	,1032	,526596	,1116169	,987147	,1577227	,5450513	,6634007	,7159063	,2694163	,8667404	,7682325	,8273173	,7617559	,6172445	,4072210	,5844244	,6566928	,8210460	,15514688	,3745304	,7880971	,11427862	,15184448	,4073491	,3086620	,7552279	,7095063	,2430481	,2364949	,
6431552	,6233922	,6037313	,5971517	,5972282	,5644354	,5578561	,5512506	,6630209	,7484222	,7088959	,7745092	,4596539	,3216923	,5840960	,6299966	,8008766	,8139580	,6100532	,6824492	,3676951	,525831	,264203	,657421	,657928	,723723	,920843	,1969678	,855057	,7489047	,6566677	,10051096	,8142361	,10440215	,10507801	,8339987	,591373	,5254162	,11688977	,7355155	,920593	,9128464	,9983763	,5384208	,3349778	,3021588	,1314068	,2823958	,5318427	,1446419	,
6365507	,6169411	,5906754	,5775680	,6103103	,5382465	,5250877	,5447228	,7351104	,7941698	,8403524	,11493457	,5380922	,2495255	,5250098	,6038339	,8467016	,7876410	,10573628	,10308665	,10767925	,5119007	,3415571	,1182734	,657669	,985355	,1117452	,789005	,460553	,5517328	,3219219	,3808786	,7356944	,7158033	,7683859	,2430992	,1708559	,4662289	,4990228	,2693906	,920840	,4597265	,9915664	,4136989	,5252883	,4529938	,593168	,1971985	,4399641	,3151892	,
6430526	,5710398	,5643843	,5775932	,5185853	,6234173	,7023168	,6693698	,6365246	,6693702	,7940672	,8926788	,6169409	,2363667	,6893106	,9060429	,6429761	,6824508	,11161646	,9321259	,7939885	,5512999	,5712146	,7291930	,2562578	,722444	,919562	,789518	,921354	,395017	,985616	,328967	,132874	,920071	,2627592	,985357	,1445134	,3022102	,4728082	,6172433	,4662039	,6043670	,7814423	,2823958	,1380113	,1183761	,1118481	,987147	,5385241	,4727317	,
7086400	,6299455	,6037310	,6562114	,7480378	,8597318	,10177608	,6824005	,6038339	,5906754	,10441292	,11097678	,6102325	,2888219	,7877935	,9782089	,5970752	,5578802	,7087141	,6955304	,5838892	,5054242	,2561299	,5451541	,2103054	,592648	,855560	,787978	,525833	,658439	,789255	,591885	,657421	,657417	,329478	,525835	,658439	,788235	,526596	,1183245	,5777176	,14515481	,8737560	,395789	,1446668	,2692626	,2364947	,2495253	,4268824	,2692372	,
6037823	,5710145	,5840444	,8075076	,12544336	,8597823	,7416645	,8994119	,6956104	,6365761	,8796742	,11820623	,9455173	,5779496	,8009259	,11688275	,6760006	,5511469	,6957098	,8927532	,9520176	,4529950	,1314833	,1314320	,1314320	,920589	,5190164	,1774093	,1118220	,2036234	,262920	,526344	,592135	,854030	,591878	,722442	,984587	,198917	,526342	,526346	,1772299	,4332563	,2298379	,1576724	,7879452	,3940885	,855058	,1840399	,2430481	,2822929	,
9717581	,6825537	,6299202	,7547202	,11425613	,8665406	,7349314	,12940123	,7941447	,5775170	,9848650	,11161671	,9977415	,8014891	,8468778	,10240837	,6628931	,5316909	,5972006	,7283493	,8466740	,7552293	,1708559	,1709581	,5911318	,2102027	,5779225	,2234133	,9523741	,6701333	,3153685	,2038544	,198410	,328967	,395269	,723214	,592139	,329217	,526344	,592646	,525831	,519	,723723	,2169360	,3283220	,1642507	,461580	,920843	,723210	,591626	,
13134155	,9188165	,9716554	,8993092	,7415618	,10573644	,6957123	,11095887	,8072517	,5970492	,10704209	,13401187	,10568003	,4924445	,6039331	,10768462	,6758974	,5970732	,5511204	,9979189	,9978937	,5317922	,7489049	,2758416	,4861462	,5846041	,11363351	,8737047	,7751189	,1049608	,8210713	,10770969	,5975064	,3808273	,1577227	,525833	,460038	,591626	,591628	,526605	,1051399	,1579024	,1313037	,3742483	,3217689	,1905687	,1380622	,1380877	,789003	,723210	,
9188678	,7153475	,7942211	,7088191	,6497093	,7744320	,6233409	,11361104	,11033425	,5577019	,8597568	,12016714	,13859156	,5452329	,3217174	,7678780	,9388620	,10044730	,5509678	,7285031	,7811880	,2890005	,8211476	,1378571	,8212518	,9134886	,1838605	,2496787	,1642002	,658189	,4926992	,8798488	,10437404	,7090716	,2430489	,3153174	,1381391	,2364688	,1116939	,263434	,460810	,5780500	,12216089	,7420184	,2890515	,2298644	,4333598	,4530465	,2297626	,2299154	,
8334659	,6627905	,7678529	,6563136	,6103614	,6693952	,6036796	,10045509	,11031885	,5642554	,6496572	,7941698	,10042686	,4793641	,2102804	,5446967	,8993341	,14254142	,9520687	,5510951	,4855340	,1773840	,2036752	,1379341	,9129495	,6897172	,460812	,593166	,6961684	,3283983	,526354	,5122065	,8797205	,5908762	,5056536	,8930834	,4268308	,8207641	,6370065	,4138254	,854030	,4270100	,11623701	,5843480	,855058	,2825490	,5122327	,2890254	,4728598	,3218968	,
7283779	,8271176	,11295310	,6365499	,6102852	,6103363	,6431550	,8204354	,7679291	,5250364	,5710398	,6037562	,7744571	,5121325	,1380113	,6103355	,7348532	,9581869	,10507574	,5051945	,4200481	,1379341	,1052427	,1051410	,9786388	,6371859	,657679	,657168	,8604691	,5124369	,2496022	,7356180	,6631191	,4465687	,5581587	,8142100	,6960146	,1511701	,2036750	,3349776	,1052175	,1642263	,4005661	,3480600	,2824722	,1117970	,1576209	,2824712	,6568206	,328716	,
6496321	,9061195	,12412752	,6103103	,6562878	,6168633	,10045509	,8733511	,5841474	,5709888	,5972800	,5381174	,8731464	,8668216	,4139545	,6762550	,8860983	,6101797	,6692657	,4725536	,3151385	,790795	,723210	,5059095	,11363862	,5714453	,329994	,985868	,2759181	,1512463	,6503704	,7750162	,8076313	,6172443	,4728082	,2626830	,2168590	,3678479	,1183245	,985616	,526603	,723721	,4006166	,1840146	,2299156	,4137752	,1839381	,526344	,395017	,2627084	,
6365761	,8337219	,9783111	,8862023	,10374735	,6758466	,11689037	,8663876	,5905724	,9652041	,8073544	,5251647	,7153723	,7810615	,8015399	,5842738	,6365489	,4726565	,4855077	,9651253	,5188646	,854545	,7095580	,9918748	,4531732	,5254675	,2759179	,264203	,5319959	,3677460	,2562069	,1709842	,8273426	,6829587	,1446419	,461327	,723984	,1774606	,921102	,855050	,4531221	,3217425	,395020	,1772812	,5451292	,7550738	,1773842	,855570	,1839632	,4989210	,
6497094	,7481411	,6890553	,11692625	,13007448	,6299706	,9718337	,6760507	,5577537	,8205381	,7416380	,5186105	,5775678	,8074306	,7554340	,4923693	,5577771	,5841964	,5249829	,8470574	,6831135	,6043672	,7224856	,1905677	,1905679	,7290902	,2364939	,1576974	,6174480	,5649936	,5648142	,2956049	,8076818	,5450262	,2496785	,2694163	,6697748	,2234380	,657166	,722959	,5778966	,7419412	,4926226	,1184015	,5711383	,4662805	,2758408	,657671	,2365452	,1117452	,
6760004	,7810123	,8336205	,10242120	,12543055	,6891833	,6956857	,5316919	,5578551	,5841723	,5776183	,5643835	,6761020	,12215111	,9527351	,4267305	,8796467	,10374711	,7089711	,4199457	,7421983	,8935964	,1051397	,1248525	,1181964	,7819036	,6306840	,3546895	,6767644	,1708813	,1446158	,4401939	,10769172	,4530969	,4400411	,5974804	,8932116	,3809038	,3021588	,2890516	,5057046	,5056785	,11229455	,855309	,2168336	,5385237	,10245646	,3481104	,3742480	,1839882	,
7875915	,11162960	,11690587	,11755095	,13596511	,8008515	,5315891	,5185337	,5709628	,5709887	,5382967	,5644607	,6235451	,8795713	,5384996	,5056039	,11755835	,7481131	,5643556	,4791848	,7552029	,5780246	,2431761	,6241559	,1032	,7424794	,3614480	,2431762	,13666081	,3875090	,4006674	,4269585	,10902030	,7486991	,5187607	,4400913	,8667153	,3939090	,1970189	,3481110	,6238480	,2430740	,5187088	,2035731	,1380111	,919821	,1314051	,2824463	,2168073	,2562065	,
7350349	,8467015	,8862025	,8598853	,11030604	,10112076	,5380922	,5118778	,6957373	,8930887	,5251381	,5644603	,6825021	,6234940	,3677737	,4595492	,9057584	,7352105	,4855844	,3808033	,9064991	,7948569	,789003	,1970959	,2496523	,9195799	,2036750	,2102797	,5779982	,2562318	,4269327	,1578001	,9259023	,6696980	,3021331	,3940624	,3874318	,4728851	,592396	,526346	,3086099	,3481362	,5515802	,9652238	,3743504	,1031	,395017	,525835	,592135	,2628111	,
8140627	,10507348	,7023168	,8334156	,8599880	,7023940	,5578561	,5840960	,6760509	,7549761	,5185337	,9061191	,10179139	,7088961	,3611944	,3480350	,6498097	,6759469	,9190961	,3874079	,6043672	,5387541	,919823	,592648	,1773840	,2693388	,4927760	,2693906	,2168336	,592648	,4793872	,2365717	,7748367	,10770709	,4926741	,3020046	,855307	,6500884	,3283985	,1905168	,2234129	,1511951	,2430479	,14191391	,3417611	,197128	,855561	,854282	,723723	,1642253	,
8205134	,9981268	,5775427	,9914196	,9061446	,5645377	,5644092	,9589067	,7484743	,5316670	,5316157	,9193030	,7876676	,5776443	,4530477	,3676189	,5905449	,7023144	,9782841	,3610903	,1773840	,8144918	,4007444	,2431759	,3416336	,328973	,1183243	,2167820	,3744272	,776	,4859667	,8866323	,6500882	,11229202	,8538901	,4205326	,1577741	,1642254	,1904648	,1906192	,5647643	,5121816	,6696469	,9788691	,789003	,526344	,4727568	,1051146	,592137	,658443	,
8536907	,10506830	,5972800	,8073805	,7417156	,5710400	,5513019	,11361103	,7418435	,4990015	,5841723	,6758715	,5907003	,6038850	,4465454	,2823961	,6761771	,11623475	,8269097	,3808537	,3021840	,4072719	,2036752	,1773580	,2167568	,591624	,526092	,657930	,919564	,4860687	,5779215	,3940109	,5713173	,10636303	,8602387	,1183761	,9128982	,4927760	,263174	,461580	,1052680	,7616283	,6500371	,2364171	,263174	,723212	,2496525	,723464	,723723	,1183245	,
8860750	,8468805	,5971777	,7744581	,6628929	,5186623	,5513536	,7745343	,5973059	,5841725	,5643833	,6564157	,8271679	,6957886	,7815477	,2758168	,5316135	,8006696	,8140081	,10118447	,5254162	,7490071	,5583378	,3087381	,4861967	,986893	,2628109	,723723	,723462	,2299406	,1117193	,1642767	,5515794	,10835476	,8734737	,6437912	,4795669	,1773580	,723214	,1641741	,986893	,4399635	,2234644	,394245	,1577225	,3020813	,1577225	,985868	,723975	,1380365	,
7153733	,6825538	,5907518	,10573395	,8994119	,6103363	,5185853	,6104384	,6234171	,5251646	,5709374	,6760515	,8533822	,5908028	,5974061	,2691862	,5184549	,9914926	,9716528	,8344358	,1707020	,9722646	,5451794	,8146197	,4992272	,8210452	,6632721	,329226	,1709840	,985866	,1905677	,2955796	,6107663	,14126881	,7818012	,12685100	,6770976	,521	,2758670	,6171408	,920589	,1642767	,2167057	,723725	,4269327	,1511181	,526344	,1576463	,527373	,3810317	,
6693702	,7087177	,6431552	,10833744	,13663319	,7351882	,4988987	,5447998	,6891590	,6760258	,5775680	,5776193	,6103103	,5710398	,4333096	,2692887	,6694439	,11685431	,9391654	,6698001	,6109463	,1905168	,1511180	,2824209	,2562577	,8737048	,2955788	,197641	,6766876	,4533521	,197641	,1446415	,7549969	,7220755	,7750671	,5321235	,1643788	,3808786	,6896918	,6372633	,1971731	,1970959	,789516	,1379846	,5975826	,780	,7094287	,4927760	,1380626	,3810069	,
6103106	,12281944	,10900817	,8006722	,9388101	,5776963	,5644095	,5708860	,9849931	,9716813	,6891330	,5775427	,5775421	,6037312	,4595241	,2954263	,9850157	,11031610	,6500383	,5779732	,7948569	,3088911	,4138767	,3087122	,4927509	,8341009	,723723	,329741	,3677452	,3349776	,1117705	,1707795	,7089689	,5252883	,2824209	,855309	,592396	,7221522	,12611348	,15180584	,7222035	,3086352	,526092	,659211	,2955538	,4793613	,6829839	,2759699	,3021588	,5121814	,
6103105	,10636624	,10968402	,6233409	,6956102	,5972032	,5382463	,5775421	,8072768	,9716554	,8074824	,5446975	,5645377	,5906237	,4661802	,3217178	,6693926	,7414309	,3216409	,1051150	,3219472	,2234382	,3481611	,2299405	,3021327	,2102796	,854798	,460553	,3350795	,4203792	,7026196	,5975828	,8208144	,8338964	,5057046	,4990732	,4005652	,2692623	,2167057	,4531472	,1249036	,855048	,1905164	,919560	,7489309	,6305045	,2101775	,3283731	,2956309	,1708559	,
5644094	,8466246	,7744832	,6102852	,5972798	,6170688	,5776191	,6628931	,6562112	,7349059	,6628422	,5448509	,5644607	,5841473	,4463655	,4858143	,8006185	,9980980	,5189151	,723464	,855311	,1708811	,2825492	,460810	,986636	,591886	,3742993	,3874316	,1288	,2430479	,5909772	,4992021	,8667153	,8076818	,1576720	,4531219	,3086352	,2626831	,1511699	,67082	,592137	,1840146	,8012555	,919562	,9001241	,4994326	,3349014	,3153428	,1774352	,1117705	,
5841474	,6300233	,8009032	,7286342	,8534598	,9981258	,8403014	,9651788	,5839933	,6037570	,6233921	,5776193	,5973051	,5971777	,5118000	,5645096	,9453106	,12345904	,3744021	,264460	,1116939	,2496272	,5189903	,2167820	,723723	,723210	,3875090	,5976331	,855309	,1773840	,461578	,657419	,7681555	,6040083	,592399	,6370066	,4859408	,5711892	,5450254	,1969932	,2035472	,920841	,1839633	,658189	,591886	,3283983	,5843732	,2167317	,790025	,920073	,
6167364	,6102854	,10177358	,8600139	,7285568	,8270913	,8139329	,8665924	,5643584	,5776193	,5644354	,6102338	,5775930	,6431550	,6497075	,5118249	,6824492	,6499102	,3480081	,4205334	,1643788	,7686679	,2101518	,3809295	,395789	,657421	,3481613	,9653781	,8144667	,5057296	,593418	,5977877	,9323024	,5515028	,1801	,4136209	,6959379	,6040851	,5187341	,4990743	,1117705	,2955788	,3874577	,460812	,1511697	,2891281	,2496785	,1839373	,985866	,789007	,
5644095	,5841986	,7547715	,6563136	,5842236	,6234943	,6497347	,6431550	,6168899	,5907264	,6037572	,7547713	,6432068	,7614274	,8731448	,4921387	,5314603	,5580320	,3416851	,2692877	,1708559	,4335631	,2889741	,6765336	,5780751	,920073	,592648	,3086606	,5648146	,6568466	,2823948	,6108180	,9653268	,8799001	,5520669	,855050	,1249038	,198155	,5319959	,7158283	,776	,1051150	,460038	,2693136	,6500884	,3218710	,1970961	,986633	,657928	,723212	,
5251906	,5447998	,6037821	,5972030	,5513538	,5447743	,5775932	,5709374	,8272203	,7876927	,5578301	,9259334	,7418686	,6497086	,6366252	,4987178	,7547954	,11558446	,4402707	,395019	,3087381	,723471	,7814673	,6895631	,4335382	,1119245	,1707536	,5454623	,5255957	,6898963	,3614480	,2101775	,8799250	,11427349	,11894315	,1510668	,2824723	,657417	,1380362	,724236	,657421	,789518	,723723	,3611916	,6434841	,2364690	,1577490	,1117454	,2036752	,526857	,
5841474	,6299455	,6037823	,6103105	,5906754	,5905984	,6037823	,5775170	,7876929	,7679301	,6563130	,7678786	,5645122	,6366275	,5316662	,4529186	,8665645	,5907228	,1380364	,1577227	,9000989	,1774353	,6699541	,2758416	,1839892	,3743506	,4334604	,9723164	,1511950	,4599055	,5058066	,4531478	,7484176	,7943442	,7681038	,3481112	,1117200	,723725	,2693136	,1117452	,1380362	,789257	,1971219	,4137241	,2758680	,2037012	,1183243	,592396	,4793875	,2364939	,
5840193	,9521736	,9059912	,6957373	,5644607	,5513789	,5775170	,5840960	,6497085	,5775419	,9455171	,6826300	,7746626	,11360337	,5512506	,4856613	,5578275	,2102547	,723723	,1117450	,2561037	,4665111	,1839882	,1380111	,1314571	,2233100	,3547154	,1116173	,920073	,263950	,6434839	,6105874	,10635537	,5383188	,4795671	,15116086	,3743756	,658191	,2889995	,3349011	,2233613	,1118222	,4596246	,4072469	,1118732	,1380364	,920843	,263431	,3021064	,2167819	,
5840961	,7811136	,10176073	,8798019	,5511746	,5382205	,6367807	,6301247	,6103355	,5710400	,7745341	,7350334	,8730436	,9124159	,5183792	,8994865	,8995112	,1707538	,3810067	,3349776	,2037011	,3285515	,789767	,1116943	,1117452	,2168590	,5978387	,2167570	,1116941	,723210	,3482383	,3349011	,7485205	,4793875	,4202515	,9656855	,2562831	,1379341	,1445904	,1905418	,592139	,3415571	,6960152	,6960654	,198921	,2429965	,8602900	,2168590	,66055	,395271	,
5841474	,5907518	,7219518	,6563391	,5578561	,5316159	,8600393	,8009536	,7221317	,6890812	,9125956	,9256005	,9520958	,6233401	,5381174	,7415339	,5317148	,1773327	,6240279	,6305043	,3941903	,788235	,198660	,919310	,1183245	,591886	,1576203	,7684118	,1774606	,722959	,1773580	,7090449	,10373392	,5122578	,919821	,526344	,2824463	,2955795	,526346	,592650	,2102796	,4663066	,3021329	,1117454	,723723	,788235	,4269838	,2561291	,460553	,460803	,
6826308	,5644607	,5841725	,5645886	,5775427	,5449025	,6432319	,6300736	,8666694	,9651523	,12081993	,9190469	,6498616	,8863814	,7286591	,7220783	,3413275	,593418	,1248527	,3022093	,394756	,525833	,329992	,1248525	,985866	,591878	,196617	,3612168	,4532497	,8873507	,1707534	,3742993	,9257748	,5186829	,2496272	,3742480	,1708046	,1446155	,460810	,1708046	,4071705	,3743255	,1840145	,3612938	,329478	,920338	,986119	,2956045	,591885	,723721	,
8603463	,4988474	,4924470	,5251646	,6629701	,6892352	,5710400	,6562627	,6826048	,7482688	,11359811	,9980480	,6891831	,9191488	,6762547	,7220523	,3347735	,855307	,658443	,460300	,591624	,2167820	,3088146	,1052427	,986634	,460553	,460553	,66569	,2037004	,7356182	,4400913	,2957585	,7483414	,4464660	,5845262	,8995087	,4925201	,526603	,854798	,3022353	,5056276	,1709329	,1115920	,2430214	,460551	,395271	,4335118	,2364688	,1971211	,131335	,
6039866	,5251644	,5578810	,6235970	,10768964	,8667715	,7222087	,9718597	,6103868	,6039102	,9453381	,10572866	,6892346	,7945535	,6563641	,8140853	,6830878	,789768	,789255	,330503	,262669	,4008209	,7028245	,131848	,394506	,920841	,1051659	,1379084	,854796	,1576714	,4531981	,4139281	,1839884	,1249289	,1379848	,5450000	,2629140	,657930	,1709581	,4859418	,5384467	,1052429	,3087371	,592646	,2955538	,526857	,2561802	,1840395	,460551	,4796946	,
5514553	,5907769	,6433347	,7220799	,10373706	,6366529	,8271938	,9588804	,5382463	,6432320	,9651012	,8863552	,5973309	,6036534	,8207677	,10967612	,7289370	,2430992	,591626	,2365968	,1840915	,723721	,1183498	,658441	,985103	,2035982	,1116941	,723721	,854796	,789003	,657678	,1775123	,525831	,263172	,1031	,396296	,2563860	,592135	,1446158	,3547924	,1708811	,1379595	,2693388	,985353	,3676687	,1182215	,197640	,5845515	,1379594	,2825739	,
5841474	,7352392	,10504781	,7022146	,7416392	,5907779	,6695492	,7022916	,5383741	,6433084	,9913925	,6432830	,6169407	,6958399	,9453633	,8994610	,2627860	,1182732	,197128	,8345122	,4338193	,593166	,921354	,2758927	,3546642	,1183245	,789003	,854282	,723721	,1116941	,855560	,1905938	,723721	,263431	,591626	,460042	,2759699	,658182	,329224	,854282	,855050	,657417	,395019	,131845	,3086603	,4005902	,67081	,920075	,591626	,197641	,
8009794	,9914445	,12215882	,9717064	,10047058	,6498625	,6038852	,5973051	,5907516	,6104384	,7153723	,5841982	,5252157	,5646135	,10308166	,5382963	,1249806	,723464	,985614	,2364941	,1576203	,657419	,1052427	,8671503	,5319957	,1116941	,854798	,592137	,1181966	,723210	,133898	,3415309	,4006415	,66055	,460289	,329476	,1380364	,658441	,656649	,328965	,722696	,592137	,263685	,1971723	,3612938	,460549	,526596	,592648	,132613	,460551	,
10505030	,7220549	,9257545	,8335681	,10045259	,5973568	,5973311	,5973059	,6300733	,5973572	,6432319	,5514553	,5186877	,5120830	,6762815	,4333098	,1576974	,1708813	,1839884	,1249291	,6437650	,7030298	,2233615	,3809295	,3876112	,5057296	,657421	,985864	,855050	,1839882	,657417	,5778449	,6500371	,131077	,460038	,264199	,1447697	,1182993	,395010	,461062	,526092	,657932	,394506	,2628622	,5912587	,460813	,525831	,328973	,2366479	,1511434	,
10703174	,7745860	,6496573	,6694462	,9061452	,6300997	,6367554	,6299714	,6104894	,6497345	,6497347	,5644607	,5316923	,4988987	,5382716	,3217702	,4007698	,4664083	,198921	,3022353	,5977361	,12154657	,9724453	,3351567	,3612938	,6239249	,657678	,1773839	,920589	,985353	,723214	,2627080	,2954766	,394249	,263685	,329224	,1511948	,1905425	,394247	,394756	,526346	,855050	,722959	,460038	,262408	,395271	,1117452	,2101518	,8016153	,2761231	,
7153732	,6170436	,5776191	,6039101	,6235200	,6234951	,6562625	,8536138	,7945034	,6234691	,5775938	,5316661	,4923701	,4791608	,5448256	,2824738	,1839886	,1774606	,855048	,1576973	,1379081	,7490587	,8476968	,262920	,920840	,1643020	,526344	,1182732	,985866	,592137	,789255	,329996	,394756	,394760	,394756	,262920	,1576714	,2101775	,328714	,461062	,591628	,592135	,527623	,526346	,264451	,855050	,1248778	,1051399	,657419	,526085	,
5776189	,6037572	,6234691	,5907775	,6432070	,6366275	,6693182	,10967634	,9850701	,9258570	,5710650	,5186366	,4595508	,4990012	,5185335	,3350055	,1971731	,2234383	,1117450	,1839884	,591885	,2233361	,6372116	,1446158	,2562065	,2496523	,1840135	,657679	,854800	,4071697	,3414286	,4399886	,132362	,590856	,395010	,263431	,1446158	,2628370	,1031	,460292	,525831	,591624	,592137	,657166	,328965	,1510921	,1905677	,263433	,394756	,656901	,
6760768	,7614276	,6432070	,6037825	,5840961	,6498112	,7153735	,8139331	,8337732	,9982018	,5578550	,5250876	,6893635	,5515581	,6565438	,3808813	,6832410	,4992783	,1313548	,7290902	,1051657	,3677460	,5189652	,1249291	,1707785	,2430991	,4074001	,592135	,723464	,2234895	,4005652	,4859667	,526857	,328965	,328963	,394758	,1051657	,3350543	,460549	,591878	,460551	,592139	,526596	,853771	,460812	,525831	,525833	,788487	,198406	,526346	,
10244428	,11099212	,7023166	,5907779	,5120833	,10639435	,9784136	,5972549	,6498626	,7418686	,5579582	,5054525	,7026491	,5515068	,9785155	,4598829	,2299924	,1118222	,526344	,3153936	,985868	,2300686	,1641741	,723725	,854798	,1249036	,4072206	,461064	,330254	,2628109	,7878677	,3742994	,1445134	,460038	,460038	,328963	,789514	,4073491	,460549	,328965	,329994	,394758	,591876	,592139	,657928	,657671	,525831	,395020	,394760	,526344	,
9256264	,11427148	,10508113	,5643841	,5841986	,12018774	,10704462	,6234173	,6498113	,6169407	,5777472	,5120571	,4988987	,5252155	,9584958	,4334887	,1511447	,5124888	,6701333	,1840913	,788752	,855818	,1511948	,1313548	,789514	,4795921	,3021329	,855309	,6238988	,6042389	,8469525	,3415058	,724236	,395271	,394247	,526344	,657930	,4072208	,854028	,394760	,328965	,329478	,394760	,526857	,656901	,591626	,525831	,328456	,132099	,526342	,
6693702	,8796491	,8732238	,5643582	,6234949	,9057872	,10308683	,6892103	,6365508	,9192517	,6498626	,5055038	,4661049	,6959675	,9585219	,3611434	,7820581	,5781011	,5649171	,3415820	,3153679	,4137742	,3153424	,4270353	,132617	,1643536	,592137	,789768	,4531468	,4924947	,6041360	,2364941	,1314833	,789003	,526344	,395271	,263433	,3876112	,985868	,328965	,461064	,656903	,461064	,526092	,592646	,460549	,329227	,1641994	,3153164	,460812	,
6432070	,6760782	,6104386	,5514302	,6236993	,10306897	,7680069	,6301247	,6367040	,11691847	,6303040	,4858428	,4727351	,5580344	,5841722	,5713452	,8604967	,2102797	,1773327	,2430992	,1380622	,3088144	,3481878	,2628113	,2037516	,854028	,921354	,789003	,920841	,2037011	,2365719	,591885	,1380362	,657930	,264453	,460038	,328203	,3876623	,1182983	,395269	,526342	,789003	,1248525	,986633	,3282702	,525580	,329474	,1905417	,3612170	,329226	,
5776708	,5907777	,5186111	,5251898	,6431805	,7154249	,7154754	,9849929	,6105148	,7088961	,5316923	,5383484	,4988985	,4858678	,8404027	,8601655	,4533022	,5847063	,2168849	,5057812	,1906188	,4665361	,10576151	,3482642	,4401171	,460810	,986893	,855561	,1315601	,2496274	,3219217	,2758927	,1708559	,657930	,460292	,526342	,2058	,3875088	,1774089	,394506	,526342	,854796	,1052429	,592650	,1181705	,132615	,461060	,526346	,526605	,526344	,
6826058	,5841986	,5448255	,5579329	,5906762	,5121598	,7089223	,10046029	,5448507	,5841986	,5055808	,5120058	,4988475	,6039102	,11362120	,10308405	,4925985	,2365201	,2234382	,6437912	,1313550	,5649171	,3810326	,3941903	,1182732	,789514	,1182734	,1576973	,1576973	,1511950	,723723	,1839632	,2430479	,460812	,460810	,723210	,526346	,3415569	,2168590	,197638	,394499	,855822	,986382	,329224	,526344	,787724	,460040	,591628	,854796	,394758	,
9915213	,5775168	,6038853	,5055805	,5710145	,5644605	,6038339	,6760258	,5973060	,5383232	,5120579	,5054268	,5186615	,6234940	,8861245	,14654568	,10642996	,1380624	,855048	,6963216	,2365199	,4992019	,2430991	,4926731	,4138765	,263950	,1249291	,2168085	,1905685	,1840915	,4794124	,1314829	,2758670	,788489	,460553	,592139	,460551	,2890513	,2496784	,66824	,460803	,657678	,526603	,3415822	,2497806	,657419	,132615	,394245	,1314571	,2430734	,
10770253	,8534600	,5973308	,6433602	,7483971	,5251647	,7812166	,6169926	,5448507	,5775421	,5709634	,5580093	,7417924	,10177607	,8794687	,13600098	,8013869	,1381392	,789516	,1903886	,1315080	,789264	,657419	,1774091	,1772810	,1839886	,2167568	,2497305	,8013075	,2496785	,1643020	,1051659	,592648	,329478	,526342	,723210	,592650	,1839886	,2102797	,132362	,460290	,591626	,591106	,1183498	,2233102	,1510668	,790795	,1445387	,2627344	,1051908	,
7810122	,8469064	,6038342	,6367554	,7154752	,5514302	,9125705	,5973057	,5776193	,5317186	,5382203	,6630979	,10507849	,8732994	,7219779	,10110007	,6106927	,1249808	,1116689	,986384	,854800	,460551	,4533521	,3088913	,1291	,3350025	,4072206	,4006423	,8934424	,2956045	,1052177	,657166	,2232336	,2167570	,394758	,526344	,460549	,1774352	,2234129	,328713	,461064	,526346	,526344	,787978	,592137	,460549	,723462	,854278	,1904396	,723464	,
6234691	,7416907	,9061191	,5840711	,5775167	,6563906	,6760519	,5513538	,5645122	,5252157	,5316672	,6038591	,7417148	,6234949	,5972546	,9058623	,9456695	,1578254	,2693902	,4598293	,592901	,526093	,6371089	,4992021	,855822	,1642256	,3284753	,5975317	,2692372	,6240532	,4467219	,198410	,1380362	,1182985	,264201	,460553	,525831	,1708300	,2299406	,329224	,526085	,525831	,460551	,461580	,526342	,591886	,460800	,460299	,394506	,3218190	,
6103367	,7547464	,8863303	,5251395	,5448258	,8664644	,6891843	,7418435	,7616069	,5840193	,5513286	,5448255	,5579834	,5972798	,6300997	,7350332	,5580593	,1578005	,2168849	,3284753	,986634	,657932	,2560529	,8076055	,4137488	,1380875	,5779479	,6565396	,2758417	,2234129	,5122316	,1117705	,526857	,723725	,526085	,723210	,329478	,1183243	,2956560	,263172	,198406	,460551	,591624	,788489	,657928	,591626	,592139	,656649	,592135	,526344	,
6430790	,7349835	,6562886	,5840960	,6234438	,7022149	,6366527	,6433602	,7352131	,9061193	,5446975	,5578301	,8076606	,7481407	,5907007	,7679817	,8734520	,2957086	,1184015	,1182734	,789257	,526093	,3154190	,9259791	,1510410	,1379343	,4859154	,8206099	,3217938	,5123091	,1511180	,723723	,4333838	,1642253	,328963	,329478	,855048	,1249291	,3218959	,328452	,264199	,591624	,985868	,657928	,788489	,526855	,526853	,395271	,657417	,460551	,
7351882	,11228237	,7877705	,5709885	,6496581	,6497094	,6038340	,5972800	,7087939	,7679819	,5709377	,5644352	,7483454	,10242373	,6694465	,11294797	,9915965	,2825501	,2233364	,1643536	,723464	,920071	,1314571	,6175256	,2299659	,3809297	,7747091	,8469523	,5711635	,6040849	,853771	,657679	,1576712	,919821	,788489	,526092	,789003	,1248525	,3547406	,526092	,328967	,592137	,986382	,592396	,854796	,788235	,592650	,590858	,460553	,657932	,
7680580	,11358799	,6367556	,6891841	,7941698	,6299714	,6432070	,6957637	,8797512	,5905988	,5513791	,5775167	,6300993	,8665922	,6432579	,8794700	,7087678	,2299421	,4466707	,4400913	,329996	,854796	,855057	,2759695	,3417099	,5450262	,6696218	,8470801	,4334101	,1906188	,6110225	,591885	,526346	,985866	,789003	,1248262	,262920	,1970957	,4992530	,723464	,394499	,985868	,1642766	,1117454	,460551	,1051148	,461060	,1380364	,1510919	,263174	,
7155267	,8205383	,5512770	,8074824	,8205384	,6892873	,8667718	,8008014	,9323336	,5709888	,5186372	,5252157	,5907007	,6235200	,8009281	,8270145	,5316669	,2563108	,2167570	,1576461	,724236	,724234	,1314320	,526344	,1116941	,2693906	,6763796	,5975317	,264461	,1314829	,5648912	,3546895	,592139	,657419	,985866	,1838605	,197640	,920071	,4466707	,1117452	,263431	,986634	,1381904	,919560	,592135	,3218706	,395271	,1181964	,985866	,1511180	,
5908294	,5579841	,5447998	,6760257	,6496581	,8271176	,12610382	,8861257	,6891077	,5645888	,5775170	,5841986	,6235200	,6037570	,7089470	,9650503	,5973570	,3087394	,1184012	,724236	,854798	,789005	,1708560	,4139284	,1445906	,5122837	,8995599	,5253905	,5254674	,1904399	,329224	,2692626	,1905679	,1248525	,787974	,328967	,395522	,132362	,3744276	,1510921	,329227	,1184012	,1380113	,1379846	,2102796	,854280	,526083	,460810	,198660	,1314055	,
6693700	,5905986	,5710400	,6760258	,8139339	,7744840	,9913155	,9126734	,6037321	,5317439	,6827331	,6562112	,5514049	,5841473	,8339264	,8930371	,7285572	,4203822	,1052690	,2365198	,1249291	,526603	,3744274	,9983763	,3284753	,6236947	,6631959	,3874831	,4138254	,3021581	,263431	,4136459	,6105613	,1708047	,395787	,131847	,788489	,394758	,4071695	,2101516	,66820	,1248779	,986382	,1248008	,1182983	,263683	,526092	,920591	,262663	,2759695	,
6760768	,5971779	,6103103	,6760519	,10769232	,7089223	,7744842	,6827078	,7811403	,6300746	,8402760	,7088961	,5448772	,5448256	,6630209	,6304067	,7813446	,5122866	,987671	,4664337	,2628113	,789005	,2168340	,1576974	,3611665	,7353370	,6302992	,1576724	,657679	,526606	,2823958	,656649	,461064	,854800	,526344	,526342	,525833	,263433	,3745037	,2365452	,263424	,1249038	,1314829	,2101775	,854533	,460553	,330246	,1904650	,1379595	,8081695	,
5972549	,5710400	,6103363	,6760004	,8335430	,6038850	,6694473	,6432581	,9454924	,8664907	,7547461	,6169925	,5973060	,5514553	,6564419	,10047561	,6432068	,4858163	,2037275	,1642254	,5976344	,2431761	,657930	,855820	,4727830	,8141589	,6107414	,3481362	,2694155	,3743754	,1314318	,7031068	,3284753	,2101524	,526603	,394758	,656901	,261	,2891792	,2890252	,66054	,1052175	,1249040	,1840395	,854533	,460292	,329227	,66824	,6964504	,4401171	,
6760008	,7285570	,5973059	,6693952	,6694726	,6366790	,6693960	,6432583	,8465992	,9454662	,8010815	,5776191	,5973057	,5514314	,7416905	,10638158	,6233921	,5120823	,2365466	,658443	,4928020	,4993302	,394507	,2890256	,5843993	,5711892	,2890002	,3612948	,6106903	,2628363	,1380365	,8935196	,3742993	,3285014	,1314572	,526344	,1182986	,1839886	,2562570	,2956300	,1031	,526855	,789514	,460553	,3021580	,1051659	,131077	,5059093	,6109973	,2695183	,
7942219	,8073797	,8469058	,6826308	,5841733	,6497094	,6235719	,6496834	,7351112	,7417154	,7023681	,5776961	,5645888	,5973060	,6499142	,9059906	,7483978	,7223619	,2102814	,1248779	,1576974	,1444877	,330505	,4137488	,5384469	,3480599	,1970961	,7225875	,6894610	,789518	,3350543	,1576463	,460812	,1379594	,1642253	,591624	,855047	,2430740	,3744533	,4072206	,772	,2102545	,1511951	,329741	,854021	,1802	,2561548	,8145180	,2693904	,7293472	,
6694724	,6038593	,7811138	,6826048	,6564165	,5710400	,6170438	,7746626	,6890814	,6302264	,5841210	,6038589	,5907264	,5972547	,6695751	,8995659	,9457485	,8537669	,4794920	,2037774	,4072208	,3547147	,1250319	,4268049	,6566677	,4269589	,1445906	,1905418	,2365199	,7288849	,2496527	,460810	,329996	,3349514	,4531729	,131335	,395271	,329224	,3809549	,4599055	,197130	,1380616	,1183498	,920075	,591878	,263433	,7226128	,3088144	,6571807	,1906190	,
6104384	,5514049	,8402499	,8864076	,8271685	,7155267	,6038850	,8074824	,8271938	,5776193	,5249586	,5120569	,5251644	,4858439	,10440528	,12610380	,7483201	,7746364	,6107440	,2364688	,3809299	,2890002	,7028757	,6239000	,5252883	,4597012	,1117968	,657938	,1839375	,7616781	,1904396	,1905418	,4793361	,1576460	,1380362	,460299	,656903	,591110	,1117705	,4993803	,197638	,1117968	,1774606	,526342	,776	,4926737	,4926737	,4863767	,3351058	,198155	,
5317440	,5513536	,7285319	,8729418	,7417158	,7745862	,5645634	,6827590	,7614276	,5710400	,4463655	,5250352	,6763074	,5186877	,7746119	,7547711	,5907266	,6432320	,4268845	,1381653	,2037778	,921353	,3217938	,5384469	,2430229	,1643536	,3350545	,3610646	,2889494	,2429962	,132613	,855047	,2299148	,1839635	,1446670	,592650	,329217	,395019	,591624	,1642766	,460810	,723723	,1183245	,198406	,2103309	,5846804	,4271127	,4402453	,1288	,723975	,
5841731	,5907526	,6234692	,7350082	,5972547	,5775176	,7813959	,8599629	,8467526	,5580093	,4594225	,5446452	,7351363	,5645884	,5317186	,5514048	,5054776	,5186102	,4793138	,2890262	,1380364	,920589	,1971981	,2431761	,4925461	,2430732	,5778467	,6561835	,6689824	,6560045	,2821917	,657417	,395785	,985866	,1445388	,656901	,263170	,460292	,263683	,460549	,854018	,788489	,1182985	,1051661	,6175258	,3811857	,4863509	,789003	,855050	,722696	,
7286342	,5842752	,5316672	,5252165	,5448007	,5512259	,6629699	,6562878	,7154756	,4989244	,4463920	,5841471	,5775681	,5316669	,5186877	,5121084	,5055037	,5844286	,5711153	,4071967	,1970959	,789005	,3022099	,3021589	,2759444	,1577741	,2494995	,4397602	,7150902	,8986474	,10234773	,6364745	,919814	,527373	,1774353	,722696	,460290	,526342	,460292	,657421	,1051659	,592648	,593164	,4664596	,4467217	,4532757	,1510157	,592139	,657417	,592137	,
10110033	,6170175	,5186372	,5119807	,4988993	,5973067	,5646917	,5709888	,5840963	,5185083	,4399407	,5120573	,5645124	,6958915	,5578301	,5382979	,6039365	,7352646	,8470586	,4269599	,4466955	,657421	,4203285	,4137241	,2824212	,1380616	,4530242	,2889514	,3938591	,6234175	,8332419	,7676769	,6039570	,2364686	,920841	,919564	,723464	,722444	,526346	,920843	,591624	,131847	,2890002	,5715479	,460810	,722696	,592389	,526605	,789516	,657421	,
9779534	,5643843	,5055038	,5775681	,4922432	,8207942	,7155015	,4988732	,5121347	,5052987	,4333098	,4137778	,5907775	,7483970	,5973311	,7746624	,7878212	,5251906	,5646905	,6237985	,2101775	,1380624	,2496785	,2168340	,5123089	,3088411	,3546953	,854798	,460813	,2758167	,3283498	,2428961	,2954253	,2495758	,460810	,526603	,460292	,460812	,525833	,1379848	,1905939	,1051399	,6503445	,1641994	,591628	,657417	,657421	,592139	,855050	,657669	,
9454411	,5315905	,5251908	,5251906	,5053246	,8796742	,8732230	,4202298	,4792384	,6300466	,3217954	,4072747	,8798019	,7089220	,5775680	,10309194	,6432579	,5579842	,5710649	,4334889	,1052426	,1839633	,2235155	,2102805	,1380622	,1708826	,1052700	,460551	,6963475	,4007991	,5321531	,3482634	,4467217	,395020	,789777	,854282	,591624	,460038	,460812	,1248778	,1773840	,5058073	,3678994	,921866	,1051400	,657671	,657678	,657928	,592396	,657671	,
7219013	,5316159	,5317440	,4989245	,4857661	,8141384	,7813955	,5119293	,5120318	,7417910	,3481377	,4532518	,7878977	,6236219	,5775680	,7219264	,5579841	,5055038	,6761284	,5516582	,854796	,1839633	,2168851	,1839373	,526855	,394766	,3612688	,1314571	,5781786	,3285818	,6240279	,6109712	,4598027	,526605	,789003	,657932	,590858	,789514	,395019	,1576714	,5058063	,4008209	,1052179	,1116689	,657671	,591628	,658443	,657671	,723210	,657419	,
6234689	,5775431	,6037321	,5513021	,4989245	,6432328	,7746372	,4988993	,5120058	,5249586	,3284260	,2563365	,5579842	,5775680	,5775678	,6038852	,5449534	,5580609	,8140099	,4399657	,1644316	,2104337	,5122326	,986636	,526857	,921364	,3809295	,921351	,1709090	,920593	,1510416	,1575182	,394768	,526342	,3546125	,3611665	,132362	,591878	,774	,3087633	,6765073	,776	,789003	,657930	,723725	,592139	,723461	,723210	,657932	,723464	,
7614026	,6367554	,8468553	,4988482	,5251644	,6302022	,8468813	,4922943	,4725813	,4528943	,3873835	,2890790	,7090753	,6105158	,6234691	,6169148	,5579841	,5842503	,8994119	,4465963	,2299675	,2562845	,2889743	,526083	,723984	,1183245	,526092	,1445904	,2628122	,1380364	,395019	,198667	,789003	,789516	,1182986	,1773839	,461064	,263685	,1643020	,8012824	,9659173	,2234644	,591878	,724234	,461064	,723464	,723723	,657417	,1576461	,723982	,
9322059	,6563914	,7417158	,5380930	,5120579	,6038601	,5775167	,4988225	,5119290	,4200229	,5844268	,5711417	,8795211	,6563657	,5841731	,6432581	,6104384	,5512766	,5775678	,5186356	,5123882	,2563355	,1116941	,919823	,1183512	,920843	,460551	,1117705	,1773839	,2955534	,8209684	,6041873	,2365199	,985353	,3152662	,2298643	,789255	,591377	,6109211	,4335370	,5323556	,10914119	,2101514	,1051659	,657932	,592137	,657419	,723725	,460553	,461062	,
6628167	,6102852	,6102854	,5382465	,5251397	,5775942	,5775168	,4531004	,4922163	,3478305	,5845295	,9128017	,9979221	,7613003	,6037572	,7548740	,9126727	,5512509	,8075078	,6104887	,4139561	,1709591	,592650	,1052177	,1248527	,920073	,461062	,855048	,1117200	,1642766	,6764297	,7089938	,10245920	,1709581	,1708047	,2890262	,3481362	,1050376	,854031	,921102	,1247505	,6768684	,9072188	,460810	,854282	,1314322	,789003	,657928	,1182734	,1182732	,
5841733	,5906762	,5185604	,4922943	,5840963	,6432328	,5382465	,5184573	,5512245	,2757664	,3873073	,8600654	,7877455	,5841474	,5906239	,7547210	,7876678	,6036543	,6892354	,6629447	,3284519	,789007	,723214	,789524	,985355	,592137	,591885	,854800	,2560525	,4464658	,3349263	,787724	,2298895	,1051146	,526346	,1839120	,3809299	,1839632	,657417	,1248527	,1970192	,788237	,8479026	,7625006	,786955	,1183498	,592139	,789005	,1117192	,1117968	,
6168909	,5775431	,5054018	,4857661	,6104646	,7550021	,4988225	,5578814	,7483444	,2233112	,5911091	,7613775	,6825294	,5907017	,6169411	,6431300	,6037570	,5841473	,5972806	,6236480	,2365468	,394499	,724234	,855307	,723210	,395271	,592137	,723974	,2299157	,1314571	,1510670	,723984	,591885	,788235	,986895	,5057047	,2759179	,460299	,66055	,461064	,1510927	,1118479	,1576974	,10252854	,4337953	,197640	,658441	,984585	,920073	,460551	,
8467791	,5973059	,4988987	,4661050	,5775429	,6366278	,5184835	,5906239	,4922412	,1840666	,5122865	,6825297	,6366026	,6365508	,6104646	,6169925	,6104895	,7877448	,6563140	,5056570	,920843	,460300	,723721	,1183243	,460038	,592396	,920073	,724236	,1446157	,985868	,723723	,723721	,1970959	,3678228	,2759181	,10768920	,6239000	,2036754	,8345629	,3220500	,1970706	,4399384	,2628373	,2824723	,9462835	,2367509	,394507	,658441	,1510668	,526605	,
7023940	,5250625	,5120318	,5316669	,5578561	,5447491	,5054788	,5382455	,4069674	,2103066	,4070702	,8534610	,5447240	,6826829	,5973321	,5777474	,5711681	,7285318	,6301763	,2561046	,1031	,1117454	,2037014	,985866	,788487	,723723	,1117705	,920073	,1576461	,3152397	,461578	,920589	,855050	,1839375	,1117200	,2233613	,3613715	,13268500	,10905629	,2300686	,3611415	,5055001	,1642513	,1576463	,4532507	,9134638	,1051659	,657419	,657419	,788487	,
5578561	,5447998	,5512257	,5381950	,5316418	,5578563	,5184832	,6368318	,4989988	,1578780	,4792633	,7680593	,6761036	,8665681	,6562384	,7681098	,6433602	,6104907	,4004909	,460299	,657417	,3285020	,4136987	,394249	,789257	,789264	,854798	,789005	,7359003	,3809297	,920075	,658443	,723725	,657930	,985864	,329994	,1971218	,7946259	,1970191	,264460	,1380111	,1643020	,1642253	,2168598	,591626	,9591076	,9527333	,263434	,722959	,789257	,
5316420	,5119811	,5185600	,5381180	,5709377	,5381960	,5513286	,5053236	,2430493	,2103838	,4137786	,6299990	,7942736	,7942222	,7351112	,7812166	,7023687	,5710915	,1247755	,460040	,1315860	,3810089	,920071	,920075	,592139	,789516	,1052427	,592139	,5716247	,7815193	,2364688	,657421	,789257	,920589	,526092	,1445641	,3678483	,1510668	,328965	,789003	,1116939	,1117968	,1183245	,1708560	,855568	,3282702	,9591335	,6045990	,1031	,789514	,
5316669	,4988736	,4922941	,5120061	,5185854	,6695494	,5907524	,3939371	,1839892	,2365474	,5120831	,6235469	,6234187	,8403271	,7219779	,5579080	,6300746	,3413287	,67335	,920591	,4466226	,1380365	,329224	,789264	,2496785	,2957328	,788237	,1116689	,2101265	,2890767	,1249038	,460812	,919564	,789003	,723725	,1510668	,5318676	,1576460	,460553	,1248778	,1183243	,1380113	,2758417	,1314831	,1380111	,723723	,787724	,7952169	,4664604	,1031	,
4923454	,4857661	,5186113	,6958397	,5118263	,7221569	,6170687	,3348262	,1971482	,2956073	,6302535	,7089735	,5841481	,6958666	,5317960	,5776456	,4923444	,854282	,525833	,3612712	,3808812	,132613	,854796	,592145	,2562316	,3546642	,723214	,592135	,3677200	,1905677	,1707789	,4399894	,2102027	,657421	,657930	,724236	,3217425	,2232586	,132617	,1511951	,1577490	,1445134	,2365719	,1249040	,1642766	,1446155	,985357	,1971472	,8871213	,2759957	,
4726589	,4464698	,5120322	,6761285	,4922679	,5447228	,5185854	,4792107	,2497060	,5650228	,8468045	,7089482	,5643851	,6038091	,5645124	,5973572	,2562075	,263172	,1511194	,4071207	,920073	,132099	,985355	,1184272	,920850	,1708047	,1774091	,1576461	,3021591	,1839886	,1379848	,2692877	,1249036	,591885	,789518	,723212	,854796	,526605	,591108	,657421	,1248525	,1249036	,1118220	,1314579	,1051407	,1117200	,1314571	,592399	,2694933	,9725233	,
4922943	,4595005	,5054529	,5579592	,5120060	,5054776	,4660282	,5976105	,3088413	,6435903	,6563916	,5316685	,5449287	,5907526	,6169926	,4857146	,1051407	,197638	,3348772	,2035735	,461064	,1314581	,3088160	,1577753	,1642507	,4464406	,2299406	,921100	,1510416	,657419	,723721	,723474	,723210	,1117202	,788485	,920591	,1708046	,658443	,591624	,723723	,1051912	,1642767	,3218710	,920841	,1773840	,1380111	,1052177	,1052427	,657930	,4402204	,
