529701	,529444	,726051	,661028	,595494	,1253175	,3752280	,6251889	,7369077	,7697530	,7500679	,7372953	,8492723	,10860240	,11781075	,9147302	,4408155	,1843758	,1909806	,2107704	,2701387	,3689308	,4479091	,5070709	,4675688	,3622994	,2436913	,1842980	,1316373	,920850	,725012	,856851	,792088	,727073	,662315	,857631	,986643	,462871	,399398	,464946	,659745	,659737	,726045	,595494	,529704	,594459	,594204	,529444	,1187129	,1977150	,
988962	,923424	,857376	,988962	,988962	,857124	,1712176	,3817548	,5922148	,6578019	,6183778	,5791601	,6517904	,7770030	,8490922	,6843260	,3748661	,1448986	,1579291	,1776670	,1579808	,1711655	,1910579	,2371381	,3489357	,4015188	,2963007	,1843492	,1448475	,1184533	,1118740	,1053715	,988953	,1053979	,857378	,923169	,857114	,791575	,922391	,987935	,857376	,791321	,921888	,988453	,923169	,923161	,922390	,923161	,922919	,857116	,
1251358	,1251355	,1316636	,1185054	,1185565	,1382944	,1251104	,1909034	,3750462	,4933966	,4802630	,4211013	,4212057	,4938099	,5396843	,4407882	,2631468	,2236449	,2171430	,2039844	,2236710	,1973792	,1907999	,1776924	,1909285	,2895154	,2632498	,2039844	,1907999	,1842206	,1841693	,1579543	,1645084	,1710618	,1514266	,1514527	,1579812	,1646116	,1514781	,1710367	,1710367	,1710880	,1645856	,1646367	,1449758	,1711647	,1710626	,1645852	,1777700	,1974052	,
2040874	,2040612	,2237221	,2105638	,1974821	,1975078	,2040359	,2106152	,2567218	,3422014	,4210500	,4012609	,3618625	,3882827	,4606296	,4670539	,3289399	,2631981	,2763314	,3027766	,2896951	,3027254	,2829360	,2763054	,2631982	,2763306	,2828847	,2829099	,2500645	,2501163	,2697775	,2631979	,2631981	,2501163	,2632233	,2566186	,2435630	,2304043	,2369577	,2238251	,2238251	,2172457	,1975849	,2173228	,2172974	,2303792	,2304046	,2369836	,2239284	,2238769	,
2633527	,2764597	,2698291	,2500910	,2567215	,2567216	,2501425	,2500910	,2501941	,2764343	,3882049	,5197138	,4935506	,4540495	,6055284	,6975876	,5988970	,4013121	,3158326	,3093559	,3158840	,3488060	,3356731	,3487809	,4474451	,3751490	,2698801	,2567216	,2370607	,2370866	,2370868	,2764597	,2698804	,2567216	,2698542	,2436146	,2371127	,2370353	,2435629	,2303531	,2041642	,2303792	,2107445	,2041905	,2238251	,2107443	,2173751	,2041388	,2173236	,2172986	,
2634042	,2567994	,2304822	,2370355	,2435630	,2435632	,2303792	,2304560	,2435117	,2435119	,3226426	,5723989	,6842983	,6842474	,7173506	,8886193	,8756147	,7041920	,4934483	,3947069	,3289650	,3289902	,4012870	,6318207	,8030634	,5267316	,2502963	,2041642	,2238251	,2369579	,2042152	,2239021	,2369837	,2303784	,2107947	,2043192	,1976888	,2107443	,1844784	,1713200	,1647923	,1582132	,1451581	,1517638	,1647923	,1581352	,1582132	,1517367	,1517628	,1451071	,
2106932	,1910066	,1844273	,1844526	,1712425	,1844013	,1778220	,1712423	,1974566	,1711906	,2567216	,5460819	,7434347	,8289916	,8948377	,10990541	,11322325	,10599368	,8884383	,5855074	,3159095	,2631209	,6315635	,11058901	,10338267	,5597572	,2042155	,1777187	,1908259	,1908258	,1843231	,1777953	,1777699	,1646114	,1647405	,1387067	,1254705	,1515306	,1187632	,795191	,992060	,926267	,794942	,925497	,1055786	,1317164	,1252144	,925752	,860224	,991559	,
1251882	,1251621	,1185828	,1120803	,1252134	,1054757	,1120035	,1186079	,1251356	,923673	,1644574	,4145470	,7237482	,8225154	,9278104	,11319496	,12306397	,12702436	,11914460	,9083559	,5789792	,4012095	,7831194	,10669031	,9155792	,4083311	,1251356	,1250845	,1120793	,857368	,1119512	,923160	,1055260	,989213	,925481	,467507	,597551	,596524	,465715	,530990	,662067	,203581	,465718	,661038	,333102	,399931	,333878	,334130	,399671	,269376	,
725532	,659739	,594457	,660252	,726045	,594459	,593944	,725014	,528149	,724754	,658959	,2368556	,6053985	,8027510	,8554117	,10069687	,12174813	,11979740	,11978202	,10931156	,8952746	,6978437	,8234941	,7775683	,4085881	,1186856	,789518	,659218	,855571	,659218	,594966	,661014	,661280	,530982	,333854	,332061	,396825	,333865	,202544	,267559	,268337	,202025	,135460	,201506	,136750	,201517	,333110	,332602	,71233	,6741	,
593174	,462358	,462358	,397078	,462871	,528151	,593428	,527633	,461840	,527373	,658189	,1250329	,4473673	,7501683	,8027259	,8883092	,11189458	,11846616	,9545152	,8562618	,8957116	,9220537	,9417667	,8428973	,4741485	,2500914	,856849	,658189	,592396	,527886	,594966	,464663	,464149	,202779	,334116	,267300	,268072	,73013	,202797	,5935	,72508	,202027	,135983	,202544	,137012	,465476	,202569	,397892	,201273	,202321	,
593174	,462356	,462356	,396563	,462356	,593428	,593426	,527632	,527375	,527886	,527886	,659218	,2435119	,6121570	,7633526	,7632249	,9806004	,12175065	,9675966	,5135992	,6125194	,8563898	,10404560	,10601674	,9810628	,7771292	,4542548	,2040614	,660753	,724236	,331023	,528403	,659989	,398357	,332315	,70693	,203826	,137264	,135975	,72502	,73807	,203340	,71484	,6198	,71735	,11632	,206206	,203611	,266029	,462379	,
528151	,462356	,396563	,462356	,593428	,593426	,593426	,527632	,593168	,527632	,331536	,659472	,1119769	,4344648	,7042931	,6713457	,8225429	,11452117	,10399691	,4475492	,2108733	,3757418	,5731979	,7708597	,9813963	,9944260	,9018530	,7110531	,4674904	,2172711	,725263	,789775	,594195	,594716	,463130	,268840	,202543	,267307	,138042	,139081	,6725	,136761	,267569	,268850	,464686	,75372	,139107	,72532	,401000	,466538	,
528151	,462356	,462356	,528149	,593428	,593426	,593426	,593426	,527633	,592915	,593425	,789775	,921361	,2764594	,5333085	,5266269	,5988200	,9477816	,9808585	,4342877	,1316638	,989475	,1451574	,2439769	,4351874	,7444396	,9220545	,9091780	,7903907	,6518137	,3424320	,1449505	,790805	,464149	,530204	,530982	,333092	,465201	,270665	,203585	,464689	,334656	,270667	,399684	,397603	,335167	,137277	,333110	,598395	,927402	,
725528	,856600	,856600	,856598	,725012	,725012	,725012	,725012	,594196	,659219	,987154	,790804	,922390	,1712423	,3620927	,3225145	,3290938	,6909831	,8099505	,5001836	,1382433	,1382944	,1056037	,1186092	,1385013	,2701137	,3758196	,4946061	,6260878	,6718334	,6256756	,5005668	,1911598	,1118743	,790553	,727324	,530720	,595235	,661804	,531257	,466496	,269627	,204614	,532560	,726572	,595235	,529969	,858166	,793428	,924775	,
1053464	,1119257	,1119257	,1053719	,987926	,987926	,987926	,987926	,1053719	,856597	,1052947	,857621	,725781	,1251355	,2303268	,1776413	,1841691	,4143431	,5925757	,4608870	,1646632	,1448477	,1382942	,1448735	,989213	,858138	,1185313	,1777967	,3293257	,5465195	,6521479	,5535611	,3688785	,2040871	,1316891	,1250328	,1053725	,857631	,924452	,596526	,1054765	,858916	,858166	,532572	,924745	,793653	,924986	,858419	,727083	,727096	,
1316119	,1381914	,1316119	,1316119	,1316119	,1381912	,1316119	,1316121	,1381655	,1381914	,1315608	,1512726	,1250326	,1578773	,1579030	,1710620	,1513241	,2105384	,3752018	,3556180	,1974566	,1448986	,1710626	,1514528	,1513501	,1447446	,1251094	,1251098	,2303016	,3820881	,4743015	,4740956	,3885386	,3290681	,2370090	,1777953	,1317149	,1316891	,1317414	,1186596	,1447972	,924962	,1448232	,1186618	,1317678	,1515067	,1318206	,1514029	,1448750	,1515082	,
1973788	,1973792	,1907745	,1842206	,1907997	,1907997	,1907999	,1973792	,2039585	,1907745	,1973792	,1842463	,1908256	,2039583	,2039074	,1973539	,1908258	,1908508	,2566705	,2632759	,2236972	,1975078	,1842980	,1909028	,2105374	,1842463	,1842466	,2039332	,1778723	,2633011	,3817799	,3951179	,4147017	,4081484	,4147531	,3752519	,3225915	,2829875	,2894640	,2303016	,2105386	,1581614	,1842992	,1386568	,1451071	,1712176	,1581360	,1777969	,1777726	,1909850	,
2040359	,1974566	,2105637	,2039844	,2105124	,2105637	,2105637	,1909028	,1974051	,1909539	,2236962	,2170405	,2105635	,2171167	,2170917	,2106405	,2171430	,2171169	,1975071	,2237993	,2237999	,2107698	,2040359	,1974821	,1974821	,1908775	,1711907	,1909028	,1843746	,2302246	,2500395	,2370866	,2567732	,2833475	,3426123	,4281183	,4940907	,4744042	,4676193	,5924201	,5857899	,3159622	,1910325	,1582942	,1583455	,1189969	,1585775	,1648218	,1778504	,1651351	,
1777448	,1777702	,1777442	,1908256	,2039585	,2039844	,1843235	,1843235	,1909026	,1843235	,1974052	,1909028	,1974819	,1974049	,2039842	,1910055	,1909802	,1843493	,2105124	,2435121	,2043970	,2240072	,1908783	,1713189	,1712685	,1909037	,1777187	,1777448	,1711655	,2039332	,2039585	,1974051	,2039074	,1908259	,2039331	,2369585	,3426385	,4612205	,6192011	,8167606	,7576235	,5727338	,6315876	,6515073	,3158088	,1383217	,1388671	,1519744	,1191033	,1126788	,
1318182	,1383460	,1448737	,1514270	,1514268	,1514268	,1514268	,1580063	,1514017	,1579808	,1448988	,1448477	,1514270	,1646114	,1646892	,1712685	,1909054	,1646381	,2039583	,2304570	,2241108	,2043471	,1451833	,1645865	,1383720	,1383981	,1318440	,1383720	,1580321	,2104865	,2893604	,2827557	,2367521	,2039072	,1843483	,1843746	,1908259	,1910315	,2834767	,3230815	,3755098	,6449773	,11911362	,12704479	,10197664	,6250343	,2768248	,1058930	,1252939	,1055810	,
989477	,923682	,989474	,989217	,923422	,923674	,988954	,1119770	,988954	,1053977	,1184535	,1250326	,1053977	,1185563	,1449515	,1648468	,1519748	,1452371	,1777702	,1779769	,1585246	,1518429	,1058116	,1186604	,1121581	,991294	,990783	,1120811	,1382431	,2302244	,5063481	,5785407	,3550250	,2696735	,2171169	,2039074	,1776413	,1645084	,1184535	,1249554	,1513500	,6320515	,12443375	,13233140	,12901600	,12572380	,10332096	,4345003	,1585833	,1388445	,
529189	,594719	,594716	,594717	,594717	,660252	,659735	,725012	,725011	,659989	,658959	,789775	,659219	,660502	,792624	,1384542	,1257863	,1651057	,2633278	,4146274	,3689082	,1978729	,2173012	,2040136	,1450319	,1057380	,990540	,857639	,1053464	,2170656	,5588029	,5980733	,3812136	,3089187	,2893601	,2763045	,2433830	,1841691	,987926	,856849	,1448737	,2899289	,5470103	,7706297	,11455967	,14809854	,15793150	,10003155	,1652659	,1193145	,
397603	,463133	,397591	,397080	,528411	,528664	,396817	,461840	,331023	,592917	,461329	,396298	,527632	,659735	,661290	,923991	,926303	,990771	,3949387	,10137524	,10794700	,9149622	,9674168	,10596551	,8951742	,5533345	,2044758	,791591	,1185050	,2236186	,4469035	,4205603	,2695193	,1709076	,1906970	,2564636	,3288110	,3091244	,1907745	,1053977	,1120793	,1515818	,1121856	,1979240	,7968966	,13825020	,14941182	,10136267	,2043018	,992401	,
398118	,332061	,463130	,528411	,397337	,462871	,462869	,462358	,462105	,331285	,461582	,657932	,395534	,790807	,858154	,925517	,665200	,662355	,2370355	,8033692	,12309469	,12704481	,13362151	,13889522	,13626872	,10405833	,5204595	,1713718	,1448485	,2630439	,4139812	,3613979	,1579283	,1183761	,921364	,1578771	,3155231	,3879982	,2960693	,2434603	,1317149	,1318188	,1910854	,1848169	,3888544	,6589378	,7573704	,4280717	,1383774	,1123183	,
267300	,267046	,463649	,528419	,397854	,331796	,462871	,528926	,332839	,397856	,462358	,723731	,723471	,725528	,794166	,926301	,468084	,530765	,659745	,3424593	,8031895	,11387589	,13163487	,13626869	,13694462	,12442589	,8953236	,4740954	,2435895	,3158842	,3683119	,3745052	,2103317	,986382	,658961	,1316121	,3350817	,6508119	,8618133	,6514814	,2696751	,1384235	,1977936	,2110567	,2834310	,3690148	,3689120	,1978229	,1451620	,1516383	,
334393	,333631	,399157	,333100	,463398	,528926	,464162	,464435	,725816	,725289	,593695	,592915	,790029	,922133	,1252662	,1057630	,860518	,661306	,790547	,1119261	,4277834	,9345177	,11782088	,12837607	,13298676	,12838632	,10798271	,7703432	,4344658	,3094078	,3223605	,4009248	,3023382	,1775635	,1577494	,2170660	,6052463	,11519717	,13626110	,10331593	,3618372	,2631217	,2374241	,2505848	,2967691	,3560091	,2898812	,1780070	,1649774	,1910126	,
597330	,465227	,465223	,727617	,726318	,792096	,662058	,661816	,857386	,856865	,791325	,658708	,855057	,1118483	,1185832	,1253963	,1122653	,1120055	,922133	,987673	,1843492	,5266522	,9677993	,12047576	,12902374	,12641255	,10602695	,8627353	,6977656	,4869973	,3289398	,3682349	,3811617	,3351066	,2695706	,3089442	,5330035	,8561101	,9152462	,6580625	,3817550	,3423818	,3098232	,3492758	,3625621	,3425928	,1714255	,1450301	,1319233	,1843545	,
924496	,793414	,662093	,858441	,792624	,924198	,989492	,988720	,791846	,791325	,725781	,987154	,1117717	,1250069	,1316122	,1187119	,1318466	,1250606	,988437	,856851	,922390	,2303786	,6189168	,9744821	,11389907	,10468808	,8431783	,7840409	,7902609	,7310220	,5199454	,3093049	,2960685	,3156259	,3089440	,2696225	,3223357	,4014680	,3685461	,3618366	,3816772	,3885145	,3295602	,2965878	,3030899	,2372963	,2041410	,1709353	,1317677	,1648460	,
1055294	,1187408	,1186656	,1251407	,1120825	,1187121	,1251635	,1316395	,1119772	,1185562	,1185303	,1447448	,1381914	,1250069	,1513239	,1514017	,1580071	,1382433	,1383195	,1251096	,1382684	,1644573	,2765365	,5070437	,6454144	,6652039	,6653567	,6521730	,6190710	,6258045	,5860467	,4145220	,3289137	,3552822	,3881787	,3223346	,3880245	,4077887	,4079679	,5266012	,7835797	,9152948	,7704998	,5596542	,5662076	,5858424	,5396079	,5727097	,4546162	,2899030	,
1581124	,1450069	,1449802	,1645880	,1580339	,1646129	,1711153	,1645865	,1711398	,1645603	,1973800	,1777187	,1581344	,1710626	,1973792	,1908259	,1974051	,1843746	,1777442	,1908005	,1711649	,1843233	,1777442	,1909286	,2831421	,5661029	,7372163	,6781569	,6323076	,5464166	,5528930	,5989734	,5792102	,6053732	,6187111	,7238010	,7702158	,8030353	,8294029	,9810354	,10996949	,10865873	,10337987	,10271416	,10271416	,10928319	,9613748	,7639708	,5793922	,2963029	,
1517410	,1319256	,1450301	,1646650	,1646650	,1580850	,1580850	,1450028	,1581611	,1516094	,1909054	,1646130	,1515811	,1777187	,1711647	,1842982	,2039583	,1711645	,1777442	,1974051	,2039072	,2039844	,1908259	,1974821	,2042155	,3622727	,5992310	,8098458	,9022642	,8165783	,7830907	,7765632	,9279897	,9937051	,10792360	,11716293	,12046540	,12505284	,12440016	,10469824	,9876399	,9351078	,9349788	,10007720	,8889512	,5732992	,3625565	,3424611	,3291266	,2834308	,
928631	,1057879	,1319493	,1320006	,1385547	,1319497	,1385280	,1516614	,1714014	,1715831	,1450568	,1646393	,1514797	,1711657	,1449504	,1580320	,1776670	,1973539	,1908259	,1581342	,1843492	,1646630	,2106154	,2170917	,2106152	,1779761	,2502456	,4481642	,6324868	,7837075	,10466485	,11652291	,11848392	,11323069	,9744812	,6519424	,6583409	,9017226	,6848124	,5068632	,8162685	,9542531	,7635311	,6323577	,4477786	,1911604	,1185832	,1516096	,2378628	,1857912	,
795756	,730984	,796005	,926552	,992098	,1057637	,1254757	,1387406	,1322637	,1122902	,1057100	,1383494	,1317688	,1318707	,1579812	,1317149	,1842463	,1711906	,1580063	,1382941	,1317149	,1579293	,1843235	,1844009	,1450018	,1843492	,1778478	,1449253	,1778216	,2898491	,5468278	,5995386	,5005919	,3294540	,2173228	,1710366	,1710366	,1645854	,1250326	,2236449	,6056030	,9478553	,7174006	,2964296	,2240319	,2109262	,2370643	,1652320	,1343642	,1331540	,
664940	,535189	,337015	,270691	,336486	,663667	,862353	,1256345	,794996	,991320	,1385072	,1253478	,925517	,923444	,1185062	,1317665	,1580069	,1448224	,1381912	,1447707	,1250847	,856851	,988183	,1185052	,1579808	,1974052	,1777448	,1711647	,1250328	,1381914	,1185563	,1249815	,1117968	,1184276	,1249816	,1250580	,1776409	,1644314	,1578523	,1382429	,1514530	,2369585	,2043184	,1449002	,1648953	,2437965	,3889782	,2257557	,885663	,1074286	,
75917	,10126	,75907	,141186	,534677	,995004	,928962	,467352	,862110	,1586623	,1716407	,1188484	,859219	,727106	,988461	,792087	,989474	,1119769	,1317149	,1514268	,1710367	,1251355	,1053466	,790543	,1381915	,1645862	,1383971	,1185562	,922390	,791058	,1119770	,1315608	,1185052	,1053717	,1118743	,1250328	,1381915	,1907999	,1316119	,857114	,922390	,1317151	,1449002	,1320508	,2372434	,2506579	,2655112	,2663851	,1478564	,1805971	,
75141	,11153	,10145	,469415	,471493	,1063654	,1126100	,1193421	,1981672	,2899955	,1849562	,730241	,464198	,595770	,856867	,593942	,726302	,987932	,922139	,1842982	,2566966	,2041913	,1449012	,1054495	,1316122	,1382944	,1514795	,1447972	,987926	,921878	,1119512	,1053719	,987671	,921880	,922133	,1052436	,1317151	,1120540	,923424	,923949	,925766	,1319758	,1909322	,1780823	,1982565	,2182740	,1348757	,4240831	,3976384	,4832198	,
78774	,340406	,406728	,340424	,539355	,1263605	,1523952	,1326573	,2508016	,2376694	,1454025	,597625	,597086	,791858	,267034	,987172	,858669	,791608	,922660	,2106932	,2305083	,1712948	,1844548	,2107201	,1449768	,1383722	,2040887	,2106942	,1449513	,1317665	,1316899	,1120288	,922390	,1053977	,791574	,1119007	,988184	,726302	,858417	,991056	,927080	,1713507	,2177407	,2973311	,2718082	,1334636	,821661	,2275275	,3381418	,1688287	,
12985	,210631	,209095	,340430	,540640	,738798	,1066477	,1787890	,1785584	,1125571	,728457	,1057689	,1319810	,332590	,135462	,860225	,1121900	,661349	,1515845	,2305350	,1582138	,1449020	,1778506	,1647684	,1055535	,1120035	,1448486	,1318440	,1318442	,1581362	,1712435	,1252395	,1251882	,857378	,989215	,1055521	,661541	,793414	,1251390	,1580097	,1517151	,2180228	,3109561	,6598093	,5090480	,1475990	,1152695	,755368	,5157303	,2334399	,
406987	,79821	,407757	,871667	,610552	,212708	,1132529	,1919992	,932317	,10665	,1650363	,2307802	,992401	,269135	,859481	,1256072	,1123205	,1121651	,1976673	,1977700	,1583471	,1582198	,1450335	,1253704	,1187649	,1120308	,1382970	,1252413	,1119534	,1317929	,1580608	,1843794	,1843521	,1120299	,988199	,1054780	,1646946	,2109583	,2239091	,1845340	,2314902	,2393268	,4101291	,4448495	,3651789	,5350823	,5752535	,1545119	,3986145	,2781824	,
276681	,473548	,673255	,1200377	,279526	,19943	,1202170	,1459954	,536774	,1127628	,2311916	,2043593	,532602	,402554	,468359	,1256090	,1452952	,1647241	,2109827	,2176659	,2308010	,2109851	,2108285	,2174058	,2239855	,2108018	,2568333	,2174075	,1974361	,2238302	,2568056	,2700671	,2304349	,1056073	,1385316	,2307732	,2635165	,2506410	,2506408	,2380719	,1798847	,2198450	,2332592	,180452	,1745358	,6278881	,5824752	,1941942	,1358564	,1795717	,
668607	,734912	,867027	,473811	,342477	,281563	,411356	,603327	,733372	,1261532	,2178273	,1714347	,992385	,796558	,993690	,1191079	,1715891	,2175670	,2110631	,2570677	,2898613	,2767531	,2504104	,3029161	,3161258	,3292595	,4212941	,4474557	,4147126	,3882915	,3093887	,2701184	,2766725	,2437786	,2180041	,2900414	,2635694	,1983657	,1928401	,1797336	,1607355	,2067118	,3782358	,1282749	,745096	,895950	,2869984	,1814728	,301533	,1074572	,
996018	,797346	,602028	,604096	,668080	,602026	,731547	,533396	,996016	,1454275	,1649849	,1713820	,1058192	,1190040	,1650349	,1781682	,1781936	,2043304	,1779092	,2239913	,2897594	,2765750	,2832580	,3226826	,3422918	,3489997	,3686601	,3555013	,3095216	,2699927	,2175369	,2767262	,2504872	,2636734	,2374348	,1978793	,1387139	,1458065	,2261443	,1278145	,1419976	,1013662	,3645629	,1931666	,1200223	,27007	,2598080	,4442846	,299989	,1860481	,
1255571	,1057400	,1058695	,1124757	,1125260	,993670	,1123961	,1189500	,1125260	,1649050	,1779607	,1712773	,1384569	,1450632	,2042787	,1779615	,1713550	,1648773	,2041738	,2305189	,2437292	,2436785	,2437559	,2765245	,2370729	,2306210	,2566560	,2174111	,2107531	,1911179	,1780106	,2108044	,2109332	,1715595	,1383782	,1253728	,1389687	,3039899	,3446720	,759485	,290964	,872822	,1070201	,939102	,934737	,1069682	,882593	,2470103	,493231	,4034458	,
1517177	,1581171	,1385591	,1386365	,1256585	,1322114	,1321340	,1779844	,1583232	,1845649	,1910162	,1582982	,1910665	,1582467	,1975695	,2435997	,2238351	,1975953	,2239653	,2173860	,2369701	,1910164	,1845398	,2173336	,1975175	,1647480	,2108044	,1779330	,1778548	,1582192	,1384282	,1449814	,1384544	,1449814	,1450582	,1851006	,1725338	,2468314	,3587536	,289955	,1339804	,1006463	,1066590	,1664620	,2451327	,941946	,874899	,97982	,689582	,1151412	,
1255806	,1386628	,1517949	,1518201	,1648260	,1911179	,1322128	,1519764	,1519244	,1452683	,1780896	,2175654	,2041746	,2238349	,2567591	,2569399	,2371491	,2108327	,2174387	,2174375	,1779615	,1779854	,1779079	,1976723	,1844869	,1450602	,1386110	,1515619	,1582451	,1844863	,1648234	,1516900	,1646943	,1847163	,1787557	,1469081	,744585	,2601432	,1933208	,292774	,892619	,872808	,2192257	,3061442	,4107713	,3839400	,1346485	,92309	,437721	,1079721	,
1126554	,1256844	,1584538	,1521584	,1455268	,1322385	,1848498	,1914541	,1652909	,2110900	,1717161	,1716908	,2110898	,2176434	,2439616	,2701260	,1847475	,1913788	,2374347	,1649839	,1124244	,1387668	,1649553	,1978277	,1846176	,1321071	,925792	,1320299	,1714574	,1649302	,1715853	,1716106	,2178993	,2843604	,2058412	,1606039	,1470076	,2067365	,1858400	,619919	,622250	,2710621	,4369329	,2928076	,2795210	,4832976	,415343	,935768	,961484	,1153473	,
1192609	,931496	,1654477	,1063349	,1063343	,1391292	,2113745	,2244555	,2705119	,2835679	,2573019	,2244820	,2311126	,1720268	,1787090	,2181082	,2112464	,1915085	,1654485	,1520571	,1320848	,1520032	,1455805	,1455553	,2176191	,1650590	,1122920	,1323163	,2179011	,2509775	,2312648	,2507202	,2974698	,1933793	,3049096	,2665649	,2597294	,939620	,2457479	,1870742	,1348007	,1349555	,4578291	,4300480	,611444	,3121593	,1861752	,1283499	,829906	,311276	,
1325759	,1325769	,931254	,1520311	,1392080	,1655516	,1723366	,2248682	,2706151	,3231725	,3363050	,2510825	,1919462	,1787098	,1523138	,1720026	,1916886	,1456082	,1456080	,1586892	,2309081	,1915604	,1128130	,1983449	,2571216	,2309582	,2113990	,2839778	,3627762	,4549880	,3635964	,3505653	,3244252	,1940687	,3180955	,5154984	,3125956	,1341562	,3062473	,4178636	,107725	,1293018	,3978185	,2458010	,218726	,3120053	,5551548	,3327698	,1424616	,245724	,
1261524	,933323	,1259204	,2046671	,2047192	,1721825	,2246887	,3100655	,2904554	,2839529	,2904300	,1985768	,1657319	,1457371	,1128392	,1590497	,1327068	,866241	,1127370	,1588957	,2048994	,2638828	,2182634	,1918183	,2310621	,3233008	,3762174	,3827964	,5075198	,6130430	,4432126	,2722259	,3127766	,3920076	,3444364	,5164248	,5426930	,1936782	,5163971	,4836574	,180701	,1751750	,1273224	,1346714	,1620689	,1206652	,4238768	,6737875	,3068135	,3904654	,
1198813	,1328608	,1589986	,2180320	,2114012	,2377192	,2771954	,3231474	,3099880	,2774260	,2379251	,2114020	,1458915	,867027	,1130975	,1590499	,1327586	,1194711	,1196772	,1655528	,1917672	,3037693	,2380276	,1261285	,2708728	,3827451	,5207806	,4945150	,5737214	,4494332	,3779048	,2994648	,2997720	,4969943	,632772	,4252158	,6018020	,1871241	,5876900	,5230301	,1165015	,1284768	,940657	,5356991	,3854559	,1528937	,431801	,3717079	,4572140	,5554645	,
1198304	,1394660	,1393633	,1523676	,2638559	,2903276	,3102198	,2970095	,2376933	,1983465	,1786597	,1129686	,995784	,603342	,999904	,1329639	,1263846	,1133032	,1132006	,1587678	,2771699	,3302397	,3037693	,2314735	,2645756	,4683262	,4881406	,5082365	,3772907	,946878	,3460838	,2799322	,3252403	,3786196	,2078168	,4513779	,2067368	,4899261	,5295571	,7002355	,2080467	,3263443	,2731198	,4242107	,6284535	,2529459	,3648971	,807282	,237509	,1279389	,
1391833	,1458911	,1654235	,1719515	,3362033	,3756026	,3623409	,2375903	,1130201	,735180	,864196	,996297	,1391829	,1393381	,1261283	,1523942	,1063642	,538571	,734160	,2115816	,2971893	,3432190	,3170558	,4353278	,4225534	,2849529	,3051253	,2601966	,1881557	,1737625	,2660791	,1339016	,3123379	,4048626	,1289695	,1349034	,1352117	,6618878	,4305089	,4695486	,2349289	,3664114	,837861	,169408	,4309470	,1020070	,1222350	,815745	,478300	,748934	,
1390551	,2046171	,2440929	,2704617	,3427061	,3096805	,1848270	,1455566	,1522388	,995529	,1127115	,1653982	,2049769	,1983715	,1786336	,1588959	,1853412	,1262565	,1918437	,2708729	,2643187	,3042302	,2850558	,2454258	,1986501	,1873097	,3926264	,4247260	,764607	,1606816	,610152	,934729	,3779258	,2926537	,151154	,425365	,1749957	,5429992	,1400684	,3174260	,5230546	,3132902	,309983	,1554898	,617603	,417386	,36785	,1157818	,2854799	,1819614	,
1914836	,2506460	,2965984	,3426283	,2569684	,1517750	,992944	,1061835	,1062868	,1062864	,1128659	,1652958	,1983468	,1721836	,1722344	,2906620	,3104251	,2380276	,1723122	,2250741	,2590206	,1406427	,878527	,543891	,1202289	,3901067	,4382706	,3064804	,1089222	,214615	,804685	,2255481	,883355	,870739	,1333839	,1676444	,3193028	,5163756	,2451828	,3248527	,2409953	,6480119	,314354	,371402	,1333098	,1744555	,441821	,360609	,3053997	,3657952	,
2767316	,2242512	,2111442	,2046162	,1780930	,1454528	,1126850	,1390287	,930761	,1191105	,1456854	,1983970	,1261025	,1982949	,2182898	,2054132	,1266665	,1330397	,1202137	,1736429	,826086	,741236	,685194	,1884888	,1281685	,2193537	,2538208	,897257	,690624	,1147267	,1331542	,743019	,1805985	,2269071	,1674628	,1433591	,4715258	,2864073	,1086886	,699856	,692672	,5029854	,2801906	,1221069	,3513507	,5359563	,1753051	,758188	,1675943	,4237489	,
1979582	,994217	,861861	,1321651	,1257398	,995509	,1126064	,993446	,1124775	,1126325	,1521346	,1195479	,1524696	,1525208	,1462495	,620004	,20908	,413849	,1534353	,893918	,94892	,1854293	,2076097	,1437437	,881546	,1542310	,631001	,28074	,885661	,2677215	,1660495	,1798261	,3996158	,3002573	,1739154	,3002080	,4381665	,1072738	,548720	,495541	,1213856	,1070703	,5543098	,1425893	,1354938	,2988701	,3591656	,1952492	,1804696	,1271163	,
990330	,1122691	,926606	,928407	,666775	,1058453	,861316	,864404	,929688	,862088	,1060771	,1329344	,556516	,613562	,214666	,214902	,208712	,740458	,1732250	,350346	,540246	,1274502	,1343655	,497611	,476508	,221840	,340571	,539205	,1483439	,3722181	,1724498	,1801105	,3062234	,1549486	,1276798	,2736598	,2075085	,418415	,1683874	,1342851	,343633	,1466477	,1679051	,172231	,41166	,24204	,3717590	,3913934	,2921368	,665397	,
1449565	,1255019	,1257087	,734088	,929159	,930438	,740508	,871580	,667256	,669580	,737675	,1335721	,493785	,672104	,1187623	,1121831	,1253665	,603470	,542820	,996163	,1133911	,758463	,562385	,747165	,928820	,1122090	,1391168	,2382159	,2007214	,3387303	,1261378	,1408659	,1809095	,688547	,938599	,3068386	,2067637	,98464	,1033922	,1013616	,610125	,1140598	,235192	,226201	,160418	,608864	,1195868	,1805743	,3979735	,859688	,
1451859	,1518693	,1061498	,931469	,802706	,351922	,546975	,668764	,865373	,870538	,1467030	,689868	,481174	,1386030	,1652022	,2052694	,1458755	,2052190	,1404307	,806002	,1270159	,1019084	,679315	,1008771	,1264207	,1988971	,1608356	,2643029	,2396316	,3387814	,1325110	,1990525	,1933481	,946854	,1196112	,2591391	,1524306	,747129	,1099483	,1408390	,1072485	,1330249	,1213331	,1218723	,812154	,1063506	,1252639	,1530225	,2717068	,1388085	,
1322076	,1388392	,1192834	,604809	,348591	,156093	,866403	,1325914	,934755	,1400467	,1150423	,417438	,1651017	,2315866	,1866387	,2198176	,1396834	,749722	,1000801	,927031	,871805	,1201033	,1401997	,944267	,1666942	,2074583	,750502	,2509659	,2466484	,2597807	,1321007	,996169	,1668239	,1133674	,1061178	,1062215	,1401701	,1272182	,1678522	,1402236	,1529188	,2718834	,1014159	,1678259	,1596770	,1323845	,1791329	,1466473	,1254956	,1455681	,
1456256	,1129624	,1193600	,738453	,222423	,936333	,1465218	,1802414	,1270664	,544637	,680081	,1594987	,2635318	,2977913	,1416904	,820129	,1587528	,615828	,1066341	,1855833	,2714499	,2461104	,755892	,1335428	,2131878	,1015202	,1070712	,1732997	,2463162	,1740192	,2646627	,799806	,1004123	,1919054	,2970454	,951969	,900814	,1016973	,3321292	,944258	,1157055	,3979950	,1405562	,1742247	,2586727	,1794929	,1487052	,1990237	,2118753	,1321777	,
869535	,670865	,999315	,152235	,477574	,1331568	,1343914	,1550034	,1077135	,1532286	,2597055	,1344407	,2254197	,2980240	,827085	,617098	,1478839	,489124	,2261397	,1668995	,1872057	,622760	,541022	,877191	,1070712	,1262677	,1799047	,2465994	,1808330	,2129823	,2203298	,1467504	,3912628	,4230004	,3895400	,1025480	,1627876	,1534324	,1668991	,1592661	,2931146	,4113607	,2652277	,2612202	,3576210	,478040	,1941706	,2915980	,2599353	,1615797	,
671645	,607907	,153791	,217236	,1076884	,956617	,1223134	,770032	,2459051	,1685728	,903413	,747642	,2341340	,2215934	,99528	,21114	,222341	,2059649	,2607063	,1067859	,149865	,606815	,1264743	,940657	,873837	,1406617	,1281987	,955591	,1863051	,2799321	,1930126	,2803413	,5832190	,2792605	,1476250	,1289168	,2998749	,1131338	,1328962	,1602171	,3517883	,3911876	,2517611	,4050641	,3644315	,1126201	,4503759	,1331558	,1077374	,2874859	,
610239	,415690	,220623	,96979	,490687	,306411	,378622	,373997	,2405608	,966908	,32431	,2002093	,2219261	,894169	,740198	,4085839	,3962749	,2807797	,1420236	,2451569	,1601147	,1019299	,1813958	,2015698	,814212	,150114	,547968	,1669521	,3323086	,1416378	,1802134	,3584448	,4577001	,1339776	,883342	,2874873	,1816292	,1543842	,3789528	,1146766	,5692137	,3647170	,680298	,3848648	,2854825	,1256489	,1667443	,878450	,551040	,2999260	,
153547	,350665	,157649	,32479	,236527	,569342	,106219	,2409202	,2350845	,107763	,477571	,300741	,166850	,617360	,2316884	,5482394	,4695222	,1623025	,953784	,3066844	,2470837	,2396053	,1754333	,2670544	,816002	,477539	,541774	,1478051	,690087	,1535358	,2006699	,2863823	,3063018	,1462627	,1215641	,2214895	,1480631	,5499637	,5235697	,1069148	,5359319	,1927028	,1066315	,3915734	,2462887	,928036	,675928	,817282	,286326	,5029841	,
26068	,30955	,92632	,35557	,641019	,368379	,1092854	,2086142	,303063	,27312	,611192	,1340557	,2333622	,965330	,1734534	,2934757	,3200766	,369910	,630737	,2352638	,2528154	,3126712	,4055020	,4049099	,1142898	,563630	,1078404	,1068118	,1530464	,2786444	,3648440	,2992842	,1145488	,348521	,95905	,226200	,1822183	,5563130	,2596014	,669498	,943730	,1196093	,1131592	,949146	,2535850	,1868173	,2006212	,1741456	,1526350	,2390673	,
223969	,30696	,30962	,302586	,38893	,222905	,231625	,30901	,560063	,237769	,2582905	,2275275	,2286077	,1154488	,2467785	,2873339	,1094120	,354465	,2607079	,1820904	,2783614	,3068125	,4910069	,2331802	,625046	,1108990	,2680572	,1145990	,1066568	,941418	,1286072	,1939364	,3118738	,1610661	,4569279	,2075309	,3793388	,3790334	,27284	,277060	,606017	,938063	,675415	,4501942	,4435111	,1865863	,2270146	,2933710	,2314828	,1139576	,
29411	,31196	,220606	,161247	,295114	,753071	,758476	,831977	,114683	,294065	,2726319	,1686508	,242147	,350590	,626626	,556205	,1006964	,1735306	,2011872	,889006	,4101269	,4307920	,3270395	,1597535	,959926	,3274494	,3859697	,179664	,1162705	,1339776	,234665	,3066318	,2872789	,4645624	,7272182	,688535	,1484756	,1543591	,945268	,875104	,1811377	,1565676	,6282201	,4644074	,1860971	,739931	,1349822	,2611432	,1874574	,1075314	,
93923	,30935	,30661	,40166	,234198	,1357806	,1430014	,638206	,32985	,1155801	,2285565	,570620	,486053	,1857652	,2000026	,3647924	,2464669	,1093331	,760781	,1748931	,3462895	,3129581	,697031	,1206124	,3257289	,5369851	,2672337	,380903	,3273214	,2402744	,1558495	,3665150	,2541773	,5951459	,4309201	,882300	,1007983	,2337196	,1366498	,1289907	,1420218	,7274238	,7790829	,3526130	,1199979	,1659992	,2926534	,1755361	,2010807	,493733	,
29163	,95965	,170734	,103919	,33254	,112633	,436728	,32995	,368613	,773630	,437997	,1734828	,5541005	,5217703	,3527146	,1820127	,290186	,363203	,2602969	,3396595	,3988734	,1422571	,229023	,2602435	,3725310	,2011359	,2003627	,4582142	,4448487	,3247765	,5819609	,3530483	,3388097	,5759230	,1285057	,244693	,1681079	,1884361	,2093052	,3459787	,1163223	,6416121	,2991549	,1344917	,612453	,552573	,2723739	,4378345	,2670294	,2605780	,
94178	,32493	,163821	,29915	,34029	,487376	,554952	,1288676	,371936	,811426	,2908545	,5016715	,4502720	,3458530	,1228791	,618391	,2113866	,426937	,898272	,1021895	,890309	,167879	,561847	,3530238	,2345716	,894414	,2670043	,5101304	,2337729	,2144202	,4441573	,2007487	,3580864	,2205391	,309455	,1761780	,2405307	,2477268	,4979453	,5096648	,4709602	,3260137	,737109	,347996	,543579	,734005	,2523272	,3059924	,1217199	,2407366	,
24784	,25557	,29413	,99313	,97749	,1015743	,1485268	,766174	,1272479	,2773863	,3638674	,3323595	,2738415	,1029882	,302299	,1470854	,1412278	,1090259	,1087680	,1089222	,366277	,220543	,98718	,303552	,228004	,2936048	,3267323	,1353433	,2861506	,3262695	,1813992	,216434	,483456	,1147035	,2024184	,2354422	,699076	,2933457	,7467255	,2000796	,2144204	,1405320	,1993585	,549749	,285559	,476751	,807781	,2070961	,941435	,1021360	,
24261	,157651	,28378	,159953	,28341	,296141	,38872	,30390	,941210	,1142451	,300771	,371184	,427979	,884406	,1283754	,1017508	,102351	,29612	,621996	,424617	,1795191	,955030	,1087405	,1679274	,357512	,237773	,422301	,232634	,1424874	,956096	,1345709	,1480906	,352122	,306384	,1954043	,1217961	,1148833	,2603739	,2337498	,225161	,486777	,1013123	,573140	,975590	,3653306	,862255	,142141	,291205	,1221033	,630450	,
151467	,23490	,24779	,90567	,159694	,94928	,25266	,549804	,554689	,159682	,684996	,1273260	,1347000	,632772	,1009521	,1414325	,948635	,884634	,1545133	,2583667	,3698033	,1822686	,2350320	,2006438	,3230815	,2184808	,1005675	,93837	,283759	,1014163	,1353932	,421791	,353679	,832739	,237280	,937578	,1408420	,1816290	,956355	,622473	,2135686	,3253918	,1683649	,2619390	,4771785	,5533796	,3629399	,3447454	,3798002	,1213072	,
278938	,18602	,217007	,218553	,221904	,22970	,285875	,225210	,620217	,2196653	,2859714	,2137028	,562627	,809325	,1665672	,1803428	,1468534	,1546162	,1547453	,1927024	,4684150	,3778234	,1559011	,1201250	,2251641	,2065550	,435122	,1094337	,749172	,613233	,931910	,538199	,31417	,38354	,741489	,407108	,357021	,478326	,1610391	,1679266	,2933440	,2536881	,1151663	,3331309	,3835275	,7515559	,7059608	,4756115	,2594735	,740959	,
800661	,802966	,803215	,413347	,542351	,1005978	,1078964	,551591	,1008278	,1608641	,1545159	,816818	,1655643	,2121836	,1932183	,2186865	,2127503	,2728888	,1997196	,1804196	,2922928	,2461884	,1403265	,2837058	,3957870	,2062740	,1027540	,1357006	,1864834	,815231	,2583917	,2063240	,868961	,1001823	,1208960	,2130314	,1674133	,1920333	,2464417	,2328974	,4182745	,1341837	,1485759	,1940427	,5466746	,6929838	,3841189	,881296	,1283002	,631753	,
932231	,671367	,1065096	,1264259	,1137293	,1011879	,1143204	,1200249	,1983852	,2055805	,2643565	,3032146	,3560530	,2456979	,2193298	,3037797	,2660274	,1540756	,1602448	,1548233	,1742787	,1080483	,1791319	,4025697	,4355187	,3964303	,2145242	,1609886	,2789786	,1932432	,2397120	,2470605	,1336945	,1274502	,1938612	,1873856	,1802126	,3713194	,2924191	,2322570	,1998754	,1398111	,2994624	,1211307	,2925248	,3718095	,1335426	,1598849	,1210010	,356510	,
870035	,1268117	,2189470	,880809	,555200	,816307	,1466501	,2971244	,4941156	,5006690	,4158847	,3634320	,2915477	,1672360	,2196133	,2198724	,1143955	,1592158	,943754	,1338516	,1603224	,1800330	,2062988	,2794173	,2403015	,2661579	,1021637	,3189683	,3318436	,2066851	,1022410	,808831	,553608	,1214628	,1481662	,1010060	,2973558	,2921655	,1797756	,1538711	,1798798	,1540494	,1338239	,940149	,168896	,1146537	,1395290	,2055279	,1400171	,1730936	,
943279	,1149382	,363221	,30164	,155831	,349325	,1271966	,2920366	,3445933	,3381682	,2794958	,1352150	,886461	,1871034	,1612741	,621234	,2262963	,3056842	,2927827	,2267585	,950187	,1478072	,2473446	,3130846	,1948130	,1151673	,3119285	,4379093	,1798259	,944516	,1796994	,1129040	,609636	,878466	,1665669	,3243672	,2794948	,811400	,1069138	,2521483	,2663598	,1086114	,3187373	,1606801	,942214	,803168	,802389	,1266802	,2067352	,4371880	,
816844	,229337	,100593	,93144	,481699	,1143728	,231118	,496590	,1149633	,1608895	,1871287	,2848904	,1463921	,488094	,549527	,550813	,629457	,1224927	,1092820	,1409695	,2058125	,683682	,104894	,1220030	,1413810	,3968665	,5557199	,3842974	,3576465	,4960694	,2725529	,1141119	,877713	,947869	,2009292	,1872570	,1208458	,1540246	,3703688	,4763586	,2849406	,4634305	,3983300	,940383	,1267051	,1263452	,1664381	,3583437	,2862531	,2993580	,
96470	,164071	,33254	,560093	,696289	,1291750	,236757	,1007504	,4155500	,6322560	,4884878	,3633772	,2974565	,1804949	,2007739	,1997982	,3503502	,4553102	,5931660	,5218992	,4110521	,2003112	,2920624	,4766153	,6083294	,4839403	,1946833	,4689295	,7129801	,4571583	,1209463	,3131875	,3453892	,689331	,1547712	,1339274	,2798280	,4113883	,4378092	,1877968	,2786965	,4300461	,2136241	,1335675	,610939	,946313	,2461096	,3716300	,3251873	,4621719	,
291018	,35802	,106724	,175074	,114155	,40418	,1077161	,2913420	,3903904	,3384768	,1541031	,3107715	,5211785	,3905179	,3249834	,4167086	,4962241	,5878466	,6140365	,4048849	,1679789	,1076874	,2072765	,5433850	,5955055	,3455436	,4766921	,6280170	,4177104	,3234899	,4501944	,4908272	,1680320	,431839	,166849	,1482188	,3527411	,3720423	,1548484	,2205886	,4051947	,5484235	,5680816	,4313561	,2650751	,219781	,946323	,2195866	,6011582	,8097169	,
219568	,159943	,357322	,228042	,556490	,423354	,1675699	,2662584	,1485522	,1541283	,2260904	,2729936	,3908793	,2137272	,2199205	,4632249	,4374745	,3788526	,3327722	,3977164	,4378593	,2599872	,1086651	,1609136	,1358293	,5364461	,7596020	,4313059	,1149346	,5541520	,6413797	,4106408	,7319470	,6010579	,5480113	,2667725	,760006	,40149	,2009035	,4511736	,3523044	,7647668	,9550778	,6149588	,3643802	,351102	,1403024	,2066087	,10661815	,11193055	,
20905	,22454	,218537	,1860507	,2703969	,1130863	,1990265	,2586510	,2848142	,2650751	,2984620	,2537957	,3319763	,2133181	,699086	,2923951	,3388625	,3063521	,4568792	,5880265	,5095623	,5942466	,1430014	,3128803	,2734809	,2872027	,3919322	,4433846	,5030608	,5166830	,5026255	,9156011	,12045222	,11190711	,7724770	,5361109	,4299183	,2531789	,1422548	,1419727	,3777208	,10536120	,8765897	,6666931	,8236697	,3310745	,817319	,4484489	,8896721	,11133426	,
157651	,20382	,1523052	,2835028	,2181734	,3491408	,6772303	,10062455	,5469315	,2446713	,8755348	,6850193	,2252183	,6056306	,4097692	,4561329	,3515322	,5294815	,4835034	,2928074	,8960455	,8501724	,568043	,1560574	,2608110	,1295589	,2278888	,5498356	,5626341	,6667980	,9224649	,10470329	,11191483	,8575459	,4773103	,5490644	,5165277	,5299435	,4636636	,3653593	,4508902	,7134450	,4771308	,6212057	,8308169	,6211030	,3385019	,3113642	,5490153	,11855866	,
350147	,1064823	,1587279	,151704	,1068914	,6641486	,9796448	,6054765	,1134221	,5729409	,12489834	,4350854	,2773887	,8285790	,9274754	,4751296	,3372741	,10731193	,12369072	,6987462	,6533342	,8367566	,3772627	,3255777	,3258610	,3192060	,8958692	,9422305	,7068398	,4839932	,5298685	,5820659	,5494265	,2926820	,5478330	,8569298	,3385043	,1817314	,3264492	,6084070	,6608106	,9757163	,7116454	,4171714	,4107471	,4632768	,3770006	,5012367	,3054797	,10412282	,
869524	,2240586	,1196648	,2965860	,7824731	,8350293	,4931644	,670563	,615856	,7171698	,7240075	,3171236	,6579300	,8552312	,6584978	,6780312	,13219255	,14732218	,7966654	,9151960	,14207430	,8106212	,9085389	,11442843	,10267854	,9941979	,10012142	,14739174	,11123406	,6725832	,6076110	,7188950	,3182034	,6458055	,13221062	,12366800	,6328025	,4369630	,6927058	,10274514	,10404570	,12764620	,11644347	,8495811	,9879255	,6202039	,4882606	,3843027	,4176878	,12903162	,
930404	,2436921	,4011315	,6904405	,6970447	,7232584	,2835041	,92620	,3435687	,4548241	,2383274	,8817820	,10852234	,9931134	,9273713	,8415837	,9079172	,6326467	,6459093	,14207938	,12174033	,7119584	,11248560	,13614774	,12107480	,10403818	,12312056	,14344943	,11059943	,14997975	,12240848	,12897748	,13751263	,14276570	,13550288	,7247312	,3321842	,11788015	,14999523	,13816538	,13291742	,12826842	,8687812	,12042449	,14012630	,4831469	,6332373	,3916789	,9691902	,14935540	,
1387606	,1321538	,1585479	,1329272	,743055	,89772	,91078	,1265298	,2112869	,2243946	,8681845	,10654341	,5466235	,8484201	,8285031	,7695459	,7699069	,9215417	,10983833	,12365486	,10203867	,9277866	,13218991	,12827590	,10202579	,11061997	,14608626	,8831483	,11327228	,13560558	,6146544	,13162979	,13554662	,12764381	,10727114	,4630240	,4636905	,15987447	,12572138	,12108264	,10729699	,9938888	,13092307	,13683414	,9220069	,9286891	,9751266	,7528444	,13296893	,14148342	,
1385551	,1124176	,86165	,291036	,29925	,1075404	,5202824	,3026229	,3747883	,8613719	,12562585	,6976380	,7042430	,11905686	,9472387	,9798521	,11048335	,13484459	,13877425	,12171717	,13486277	,14796728	,12698326	,11514832	,13158610	,14341847	,12831977	,9816058	,11327482	,8966901	,6935294	,14211550	,12304849	,15785943	,6927322	,1815542	,13229293	,14935791	,11388391	,10861036	,9745890	,9680873	,13095656	,12042991	,8498942	,12242162	,10147065	,10346494	,14017019	,13951214	,
1318232	,2501702	,3425120	,2966650	,4344944	,5458776	,5064783	,3026476	,4274738	,8613986	,7302772	,3694474	,9799550	,7370107	,6057596	,12430752	,12237239	,8425678	,6722016	,8890068	,8559556	,8498139	,7515122	,10201298	,14078160	,10930671	,11782892	,11259891	,11720956	,11393274	,12770800	,13750996	,16311513	,12698829	,3774947	,8699881	,14934500	,11582951	,9089784	,9679842	,12701925	,13490923	,13160176	,9415415	,11781873	,11917299	,12636655	,12900344	,12966394	,12246513	,
1581378	,2634565	,3749952	,2042155	,2896959	,5854289	,4999490	,7761769	,8091502	,5132885	,4544104	,7894382	,11378313	,4350074	,6318957	,5727113	,3174859	,4884439	,7315146	,10466505	,6071008	,6532590	,12043993	,11055039	,11645900	,10204899	,13355478	,12111589	,11127280	,13028829	,11976654	,11059149	,12895954	,6982080	,10993623	,15261404	,12436191	,9808099	,5942777	,9291252	,13753582	,13685732	,11778788	,6991348	,9095419	,12767979	,12503012	,10337776	,13359855	,12313848	,
2369075	,2436920	,2964034	,4278087	,4279374	,3754075	,5792364	,4544632	,3362678	,3818591	,7498343	,8285021	,7305605	,3362425	,7301734	,8093830	,7179702	,9740721	,12038577	,13154991	,8168648	,11648970	,11780053	,11646665	,10530774	,11121361	,13553368	,10073824	,12173523	,10662604	,10797008	,10731728	,6658002	,4356813	,11321561	,10534115	,9936838	,4691182	,7782907	,13162474	,13947865	,9876443	,10535656	,9031415	,8637950	,13553646	,9609714	,9483496	,12964832	,12966899	,
3421238	,3752259	,3293000	,3949397	,5329492	,4013385	,4080206	,3092548	,1978177	,5264729	,5065558	,4014927	,5460576	,7368038	,9668992	,9473163	,8027803	,10590379	,10462140	,10068909	,9872838	,11119556	,10070477	,11909323	,8426176	,11052723	,11186384	,9742028	,9347018	,8823747	,12504281	,6529231	,9151429	,13357270	,10988746	,9937348	,8298953	,6794471	,11586788	,11583444	,8628688	,12833509	,9421553	,7585525	,11586273	,9281772	,6586346	,6594780	,11982060	,12634074	,
3881787	,3814715	,4472384	,4209725	,3091507	,3749688	,5263691	,2501174	,3226702	,4082524	,3295328	,5856617	,8223612	,9341593	,7566748	,9272203	,8552089	,10856123	,8095933	,8428490	,12632005	,9935809	,8755659	,11777222	,12432308	,11972281	,9806533	,8229066	,8623044	,11977675	,11187140	,10858945	,12105150	,10331853	,10594241	,12696258	,8556475	,10003912	,11318991	,9415635	,9353448	,14606054	,5615095	,9353949	,10067654	,5663186	,7506363	,10994648	,12307931	,11054010	,
3355441	,3684149	,2894640	,3882298	,4144183	,4605258	,3686215	,3422014	,4868682	,4736847	,5001044	,6578022	,8944273	,9275812	,10854054	,9604783	,7505866	,8620985	,9081279	,12039876	,10922703	,10134214	,12827073	,11378868	,11644366	,9672124	,8752063	,8949699	,12238538	,11842752	,10267068	,10463166	,11250102	,6985164	,5541582	,9474994	,9933235	,10988999	,11119554	,9545946	,11384794	,9809623	,9221086	,10790076	,10854337	,6134232	,8174313	,12437459	,10266303	,8953801	,
3288619	,3090729	,3354416	,4077877	,3223093	,5985874	,6379092	,6773848	,5655116	,6115928	,7631737	,9540512	,10528185	,8887748	,6656222	,7245010	,7764650	,10590389	,10856911	,8625372	,7571406	,8356286	,11250113	,9806542	,8228815	,10002631	,9938376	,11581898	,12040394	,11316671	,8366797	,6135763	,10138567	,7119582	,3114727	,9282504	,12039619	,10591420	,6789338	,5540578	,10329802	,6985966	,10595270	,11578565	,11583965	,5025016	,11978721	,9677763	,6923484	,10862049	,
4407870	,5985875	,5460817	,5921622	,4998726	,4210500	,9341052	,11906466	,11968658	,11183783	,5472966	,5078481	,4749781	,6326744	,9281487	,8818868	,12499128	,11908818	,10529234	,9940955	,8429023	,10923990	,7839195	,9414362	,12433866	,12764368	,10072020	,10531025	,10465224	,6009825	,2141942	,8439019	,11583955	,12962525	,13553109	,10726864	,9214918	,9018566	,11321571	,9016033	,10856649	,6262773	,9609941	,15852763	,8825063	,10731241	,11911115	,7779555	,12834799	,9416421	,
2697775	,3027254	,3290687	,4802897	,5919060	,4342599	,5131866	,5792890	,7832742	,9345979	,8556976	,12039876	,10791356	,10856631	,12368581	,13815249	,12498638	,13487072	,14406098	,11188684	,11386067	,9611733	,7772886	,13554395	,10733286	,10074843	,11320029	,11448517	,4238581	,6275833	,10407927	,13818339	,11386326	,12439517	,11058388	,10793679	,9354204	,10730966	,12045283	,12369636	,8691686	,8625891	,11586536	,10734315	,13225708	,10534116	,11123152	,11720177	,11258599	,8034265	,
4999755	,4869460	,6381669	,7235949	,7959665	,8813944	,9274503	,8357790	,8821187	,8495067	,11975630	,13946828	,13355979	,12500427	,12830170	,11975902	,12632284	,14275553	,11650536	,10206952	,13816278	,13486815	,14471137	,11913698	,9877476	,11188704	,15392991	,13881833	,10405105	,15067124	,13555678	,10992596	,10140895	,9486568	,9423602	,8374754	,9681124	,10469873	,11058414	,9087982	,8297698	,13422301	,12638712	,6206718	,11981045	,11059426	,9617899	,11719150	,10072533	,11844568	,
5592918	,5722702	,6773583	,3684156	,5201772	,5136504	,6581127	,11314338	,14537153	,14735050	,14670550	,11319251	,8692951	,11121889	,12041695	,12829669	,13158374	,10400998	,9814009	,14278908	,14211316	,15528185	,14476026	,11256296	,8963055	,6734330	,10866412	,13751266	,13689079	,13884140	,14932953	,12506599	,4702973	,9557758	,8704509	,12572908	,14015978	,13227250	,11321058	,6663671	,12375789	,8440306	,11655677	,12703224	,10994916	,12242662	,12833772	,12175065	,12503778	,13361906	,
3559014	,4544106	,6841181	,7759195	,5591391	,5928855	,6256801	,10064797	,11906221	,12499142	,8820675	,8166114	,10925283	,15066096	,14209772	,12699125	,12109295	,11257846	,13555450	,12633598	,13093882	,10339326	,7324157	,11263741	,11330813	,11524861	,9944830	,13556215	,13095907	,13422812	,13096431	,10996985	,10082046	,16120316	,13227750	,13880795	,14473698	,10406379	,7456762	,14938107	,14935791	,13099774	,11785459	,11586283	,14936051	,12504554	,12372441	,10275053	,13886718	,11392758	,
8749181	,8817301	,6847122	,9014672	,11511457	,9275022	,10986931	,11515850	,10858197	,9936335	,12170965	,14276076	,13815539	,12896250	,12240381	,14343929	,14211049	,12701673	,10927349	,13686772	,13225971	,11456253	,12513277	,15726845	,16052728	,15921916	,15394300	,12242673	,9351389	,9617650	,8368634	,14342908	,14608376	,13950444	,15132649	,16051687	,11393783	,5165310	,13757945	,14539752	,14279148	,13360625	,13818605	,15003383	,12835580	,13886197	,14673914	,11457790	,11787001	,9888765	,
3890313	,7898268	,5276610	,6985413	,10005703	,12305613	,14014171	,14868707	,15593202	,15396075	,11845872	,12502775	,13880815	,11976431	,12176628	,12369636	,10468079	,10145276	,14738939	,13883627	,11519219	,15398141	,13820667	,12636140	,13555435	,12045559	,9355255	,6142206	,10801389	,13621756	,12768765	,13425909	,11322074	,11913961	,13952253	,15789309	,10673406	,13691894	,14802914	,12438753	,11452646	,11457015	,15071227	,13624828	,13622526	,14739196	,13427196	,11327742	,13692413	,11133693	,
8294053	,12040645	,12306649	,5085417	,5938911	,10401750	,11651313	,11717619	,12244217	,12768757	,11253999	,14078196	,13551601	,12304618	,14273496	,13092330	,10404343	,14541809	,14802925	,12963577	,13817067	,12831199	,12110049	,11586285	,8634357	,13360106	,11985142	,14215415	,11389182	,16052989	,13030647	,10859990	,7581917	,5423870	,7452158	,13162748	,15263733	,14866144	,10933236	,8439805	,12768254	,14413054	,15199223	,13427701	,13623038	,12374524	,10146046	,14215422	,13235453	,13824766	,
13222335	,8956110	,12243943	,14147825	,11650276	,15196641	,13883103	,10335731	,11450103	,13289719	,14077947	,13291261	,13752315	,15920378	,16119036	,15723514	,14012151	,11846125	,13621495	,14674169	,11449550	,14210524	,14607350	,9555707	,13363196	,14933730	,12962525	,13031152	,12372467	,9878009	,12109034	,14671847	,13952510	,11984382	,11587579	,14276078	,11122393	,9947376	,11789054	,14083838	,14738686	,13160427	,13228521	,14609150	,15528702	,12180478	,12442622	,15134972	,13495550	,13755634	,
11910091	,13879751	,8823497	,13094884	,15001833	,10405877	,8961270	,10007267	,10332120	,11451114	,14014197	,14080766	,11975675	,12110333	,12438270	,11844858	,11451126	,11583478	,12897271	,12174829	,11779299	,12242174	,13293819	,14671590	,13881296	,9810392	,11847390	,12042194	,10730202	,12704251	,11192823	,10078460	,12967677	,16642558	,13685231	,8431319	,8045047	,12641790	,15397882	,15000060	,11518698	,4241140	,10017020	,15068414	,13162233	,11059690	,12376830	,13951741	,14079979	,12964317	,
4746911	,10467806	,14144217	,10989258	,13156555	,13749975	,11647188	,6847922	,7241126	,12827066	,13551820	,14866936	,14671347	,13881581	,13948643	,10796268	,13290976	,13816287	,14671590	,15459322	,14540279	,14805243	,13290974	,6926809	,8112103	,14806509	,14737370	,10794700	,11456747	,12571889	,11516129	,12636142	,11190771	,10730214	,10730715	,13888248	,14281981	,11325950	,13096434	,12699615	,13423077	,11987710	,12181758	,14867702	,10204127	,8108532	,13690108	,13816554	,13684692	,13031399	,
11771529	,7767719	,8953543	,8818894	,9674190	,11710931	,9415142	,3759824	,4939712	,10462153	,10596837	,10663916	,13222645	,13024243	,13944284	,12040656	,11056609	,7974652	,10864371	,13749742	,11716344	,12634359	,9487095	,11396604	,12768480	,7971019	,8233678	,9681124	,8762099	,10533362	,12044244	,8634858	,9292270	,11784414	,13094874	,12833780	,12899302	,12436704	,11584996	,11588082	,12376569	,14082810	,11848936	,9744346	,9947117	,14544378	,14340831	,13224922	,13359077	,12569563	,
12360067	,11175787	,9735046	,12301232	,12628655	,12695228	,8099547	,8360937	,9873902	,11581946	,12175869	,13488126	,14474494	,11914747	,8498393	,12829896	,13223892	,10468570	,7185639	,8628712	,9484023	,13028331	,13884128	,12500932	,12696511	,12962260	,12573162	,12900341	,12832766	,12505596	,13491693	,12901353	,15327190	,14934752	,8962287	,8895977	,12505834	,13884392	,14409706	,13620206	,12110560	,12504548	,12700377	,13098484	,15462394	,14604255	,14210010	,13227226	,12766162	,12700108	,
9729903	,10588288	,10066088	,5534123	,5664680	,15258812	,15062202	,13747926	,11646173	,9021675	,8104690	,8762871	,6334968	,7583987	,9030125	,13026513	,14737121	,14014695	,11453947	,14936318	,14014187	,11118273	,13880785	,14933982	,14213357	,12507636	,14936569	,16711422	,16184827	,15526896	,14273221	,14340816	,11457260	,6277118	,11264507	,14081520	,11783656	,14148845	,13820658	,9818613	,12640244	,14145754	,13751272	,14540027	,15262963	,14738672	,14870258	,13685457	,13552070	,12698825	,
7098694	,8877415	,10460309	,10394299	,5468599	,5995195	,7044543	,13088959	,15521984	,12498889	,10725835	,11515329	,12173774	,14076103	,12171456	,9744861	,9877231	,12110584	,13750511	,13156817	,12370642	,10730964	,12570087	,11258876	,9812985	,6663420	,8500734	,13688828	,13620465	,10069962	,9742036	,12110586	,10867966	,12771309	,12963036	,11586287	,15199223	,14084599	,11456747	,13097447	,14537684	,14014946	,14934259	,12702446	,13555427	,14013155	,13554665	,13027275	,13028305	,12830666	,
9273464	,9928814	,10983303	,9078674	,9210517	,7437741	,4018361	,2643402	,9280474	,7898593	,8090540	,8748437	,11181977	,7971522	,9223127	,11782363	,12832735	,12632015	,12892079	,12231571	,14010813	,12239316	,11122652	,11976419	,13357042	,13882600	,12042212	,9414615	,7315435	,9416680	,12765935	,13224928	,12895177	,13552329	,14342886	,14212852	,12704254	,11453398	,12369862	,13031662	,13818607	,14408693	,12374010	,11716069	,12568280	,12632531	,13421520	,13685203	,13091526	,10137020	,
9340284	,10062201	,7103586	,8223622	,10459028	,10524301	,10197663	,6979248	,5269167	,7962806	,9211557	,6780593	,7901356	,8495293	,12371406	,11445937	,8948109	,9469813	,13346192	,11178115	,7764879	,7241108	,9678789	,12307418	,11318750	,9152987	,10531805	,11256809	,13095412	,12764644	,10531568	,9014443	,9740211	,12762828	,13684968	,12765149	,12828354	,12169646	,12827843	,12897750	,13491693	,14081270	,13095666	,12894399	,14141370	,13487314	,13553106	,12762554	,10858674	,2128540	,
6510928	,8876641	,8285783	,5261146	,6515334	,6188713	,7502780	,12170943	,9541813	,9149391	,12366513	,8878985	,8553100	,11839911	,9933981	,6122874	,8488326	,6119275	,4867438	,4152970	,6130092	,10662326	,11910075	,11057370	,12240093	,13553115	,13422050	,12829913	,12236754	,11645666	,7771097	,7117268	,7118557	,11057623	,13685221	,13749449	,12365222	,11708333	,11379107	,12300719	,12304596	,11710141	,11510426	,12957863	,12498861	,12829376	,12829633	,11648194	,3053243	,89233	,
7826795	,5327971	,9472387	,9472385	,9011572	,9013389	,8225439	,9868200	,11249592	,7108778	,7434897	,7894909	,8158594	,8613994	,9997703	,11775393	,12298902	,8024701	,8160141	,10066855	,10198442	,8820399	,7441054	,9866117	,9407907	,9609138	,10395823	,11319502	,12042714	,13685205	,11846367	,11384030	,11448008	,11053759	,8027283	,8219495	,7235968	,9869227	,11184297	,10722717	,10390664	,10129275	,10786703	,10855583	,11252662	,12503503	,11645371	,3576515	,157872	,214916	,
9337708	,8616825	,7762296	,7170426	,6509673	,8154223	,6970726	,8220526	,9337709	,8743262	,8153694	,8813429	,8091763	,6513505	,4604746	,9139560	,13020315	,10261126	,9337719	,7893881	,8554899	,8356992	,9538453	,10850707	,7505066	,8496575	,12235956	,9215933	,10264498	,10986939	,9802156	,7501204	,9667986	,10588286	,9864573	,10722968	,9868701	,8947086	,10195086	,10983820	,11181712	,12103594	,11382441	,11051946	,11249065	,11246491	,4556714	,28599	,348798	,215668	,
7168353	,8022886	,7957855	,9206635	,8944239	,9273717	,8813700	,8157051	,5459805	,7431527	,9933454	,10589323	,8877425	,4735833	,5262178	,9469552	,9073002	,8086872	,8152154	,8483686	,9469816	,9076100	,5330582	,6843812	,11905702	,11511467	,9082293	,10202292	,11446691	,10789025	,8749440	,9735046	,11311758	,9798772	,10127486	,8815787	,10983319	,10062722	,9143168	,11511204	,11775920	,9541794	,8817567	,10261899	,10720902	,5796489	,94641	,156819	,413552	,543079	,
10127745	,9600629	,8744801	,7165259	,4011061	,5654597	,8615525	,10656659	,9734803	,9012891	,8224941	,8552089	,9340298	,8290195	,10527686	,9803185	,9474469	,9670821	,12036269	,11052721	,9540013	,11709626	,12234428	,10721697	,10263456	,8748678	,10984598	,10721175	,10063760	,8615031	,7825766	,7167577	,8680816	,10920611	,12567754	,11581643	,11120322	,10985639	,10000797	,11315885	,12170417	,8757176	,8949655	,10390404	,5405583	,289181	,92835	,218750	,281965	,873838	,
11249574	,9276312	,10720912	,11707027	,7891302	,9994607	,9534310	,9074796	,9666153	,9472377	,11838090	,11308151	,10848627	,9600362	,9012353	,10528697	,11451876	,10268647	,10991074	,10727902	,9213641	,10263493	,10524319	,10456457	,7762581	,8223132	,11510946	,12365483	,12366251	,11246492	,11971242	,12039619	,9609161	,9145754	,9278630	,8687006	,9144978	,10197137	,11382702	,11776696	,8038081	,4885176	,10002341	,4688297	,423340	,25493	,26011	,221064	,744570	,875894	,
