5754282	,2783578	,2247993	,1926489	,4245430	,6413254	,6935485	,10530195	,12969157	,2980178	,7040064	,9139011	,10722408	,16710382	,16250342	,15063475	,16187130	,9998962	,5585940	,5717789	,5849371	,6703140	,6900517	,7361832	,7755560	,7032356	,6834724	,6900517	,6901030	,6835236	,6901030	,6637860	,5653536	,4996635	,4535320	,4142102	,4667158	,4733721	,4930078	,4733212	,4471065	,4733212	,4732699	,4667417	,4864796	,4799001	,5128221	,5259805	,5522718	,5522464	,
2910035	,4304527	,2309687	,1271129	,3921339	,5882796	,6743003	,4023369	,13164483	,5230245	,6066271	,12295267	,12692345	,16052177	,15068616	,15527890	,16711413	,13744505	,7491876	,5979167	,5784093	,7097896	,6770724	,7230248	,7820843	,6901283	,6768931	,6900521	,6507303	,6375715	,6507301	,6310183	,5588257	,5456673	,5258527	,4668444	,4996123	,4996122	,5258267	,4864536	,4405274	,4666904	,5060635	,5060635	,4995869	,5128219	,5324569	,5522718	,5720354	,5654302	,
3041864	,4229234	,3042650	,4693127	,1472090	,5160097	,5039056	,1460798	,8360044	,9031068	,11063970	,13616522	,12627835	,12893323	,10996386	,13754812	,16116161	,16706746	,10912336	,6177049	,5784607	,6572581	,7098151	,6966571	,7032358	,7031589	,6440997	,6244392	,6309926	,6113056	,6048033	,6244390	,6178600	,5784871	,5521697	,5127966	,5324318	,5062428	,5061915	,4733208	,4207897	,4207127	,4601372	,4536860	,4733210	,5126939	,4996122	,5718816	,5916193	,5587743	,
6011798	,6403743	,5420688	,9170903	,6594694	,3764554	,5020801	,737328	,7522214	,6256720	,7504214	,14074499	,15980966	,12630666	,10863000	,14081459	,15325595	,16313027	,13548959	,6573860	,5849373	,5718046	,6375715	,6507301	,6507042	,6507042	,6178590	,5850400	,5784356	,5586979	,5521697	,5718816	,5784611	,5390111	,5324318	,4931100	,4799005	,4667676	,4667928	,4340246	,3749144	,3814169	,3879190	,4273690	,4274203	,4142617	,4798492	,4733721	,4536090	,4535579	,
5362615	,2987388	,4365189	,9168596	,11664867	,8706743	,2968894	,665114	,8570555	,10085060	,4623189	,13482614	,12497526	,10856312	,13946538	,16711405	,16710101	,16711142	,16579048	,9337162	,5125911	,5061916	,5389851	,5784093	,5587743	,5653023	,5455646	,5192732	,4995355	,4929562	,4930587	,5062428	,4733469	,4338713	,4338711	,4076822	,4076571	,3878938	,3615768	,3353368	,3222040	,3155989	,3549977	,3222040	,3287835	,3353368	,3156759	,3221527	,2959127	,2565139	,
5291162	,1872765	,3115894	,7140055	,8186567	,6017467	,4369039	,5750694	,4231024	,10223349	,6274970	,6777146	,14466947	,10986617	,13620129	,16711417	,16711144	,16382179	,16645873	,11971454	,4404498	,4470038	,4798743	,4731932	,4732958	,4864283	,4602137	,4011546	,3878940	,3944474	,3879192	,3879190	,3747354	,3550747	,3419161	,3221529	,2892825	,2498325	,2235153	,2300948	,2432274	,2366994	,2433301	,2367509	,2302229	,2236436	,2629911	,2170643	,2038805	,1907221	,
5998936	,2457960	,3246197	,4435102	,4691577	,2795926	,2510916	,7854011	,5621927	,5232830	,4580045	,4023616	,11508313	,13217654	,12693110	,15258785	,15786673	,14993291	,11782327	,11389360	,5522726	,3680784	,3485714	,3353885	,3484954	,3156247	,3024409	,2696473	,2237205	,2499346	,2761491	,2499094	,2235923	,2498580	,2629911	,2236436	,1776401	,1709840	,1512208	,1316112	,1316624	,1315599	,1446415	,1315598	,1447185	,1447187	,1512978	,1512463	,1380622	,1118479	,
3773557	,2175270	,1056022	,1651244	,2119743	,2121295	,1118990	,4166524	,4900524	,4368790	,2469022	,2518363	,7628602	,12888685	,12623205	,11702352	,13280872	,12228439	,9744009	,6201490	,6445119	,1775885	,2628887	,2104850	,1711629	,1842194	,1709587	,1512978	,1579024	,1973010	,1775635	,1447698	,1250576	,1118732	,1316112	,1315601	,1052939	,1184526	,1052686	,921100	,1118222	,1052429	,986893	,986895	,986895	,1118222	,1314829	,1184013	,1184013	,1118733	,
2264451	,1711129	,724236	,2453082	,3708781	,1790014	,1057565	,1453351	,2125409	,2123607	,1528651	,1192497	,3944735	,6509362	,8021051	,7494701	,9534024	,8347697	,5660492	,3171416	,4868925	,1249808	,1118990	,1315599	,1315598	,1184526	,1315598	,1511697	,1315599	,1184526	,1250318	,1183761	,1446158	,1249806	,1249806	,1184526	,1184272	,1117968	,1052686	,1052940	,1380622	,1381391	,1447187	,1315858	,1710610	,1579283	,2235157	,1710869	,1710867	,1842196	,
989977	,854796	,988433	,1782316	,2508347	,1457201	,1718831	,1453601	,1186332	,1123360	,1319972	,856849	,1052427	,2696987	,4141851	,7099442	,8480061	,9138496	,6054991	,3694929	,5463632	,1709842	,1775122	,1579796	,1709840	,1578770	,1645076	,1513491	,1644566	,1775635	,2038805	,2104339	,2170643	,2171159	,2171412	,2433812	,2498327	,2234642	,2104085	,2104598	,2235671	,1907985	,2301718	,2104596	,2433561	,2762269	,2827290	,2369049	,2761752	,2696984	,
1912099	,1779745	,1516062	,2244662	,1982512	,1189664	,2177072	,2448206	,1985851	,1982514	,1650215	,1056022	,2111018	,4604205	,8019253	,9795395	,11306316	,12095058	,10065266	,10333577	,13025169	,6771766	,2564887	,2566170	,2894102	,3090454	,3024920	,2894102	,3288092	,3354139	,3551004	,3812886	,3419159	,3485211	,3485211	,3617051	,3682078	,3681051	,3616020	,3681302	,3419159	,3222293	,3156757	,3222040	,2960410	,3354138	,3943706	,3354390	,3682329	,4076056	,
2771258	,2641724	,1450265	,2912345	,3370588	,526083	,2045225	,4562819	,2916718	,2581840	,5483410	,3703662	,6006918	,5663311	,9077064	,13344608	,15384959	,16178092	,15457722	,15658975	,16711415	,13416320	,4865574	,3814426	,4470816	,4601372	,4667678	,4667676	,4996382	,5061662	,4864798	,4799003	,4273690	,4470300	,4929560	,4732951	,4601626	,4404504	,4272920	,4403736	,4010263	,3878938	,4142104	,4338714	,4076569	,4274201	,4601372	,4207897	,4667419	,5128221	,
3105864	,2642490	,985604	,2513996	,5230265	,2045486	,728349	,4561022	,3912087	,3054219	,4762770	,6150583	,8447176	,10940356	,7763271	,14466428	,16708288	,16711410	,16185578	,14869444	,15463120	,15325103	,9469015	,4930842	,5653285	,5455903	,5849634	,5783841	,5849884	,6178338	,5915427	,5061662	,4864796	,5061915	,5718049	,5521439	,5325087	,5062173	,4865047	,5061397	,4930329	,4864796	,4996122	,4799003	,4732699	,4536858	,4930591	,4930080	,4799001	,5062428	,
6077591	,3431739	,1645076	,1790540	,5701361	,3181695	,2718826	,4229745	,5414522	,6084546	,7857097	,5425066	,6673601	,6613203	,2311209	,11180144	,16711422	,16710103	,9996891	,4939839	,13627852	,15921868	,13352355	,6442023	,5981986	,5784861	,6244129	,6506792	,6310433	,6178847	,6047263	,5719076	,5850404	,5653023	,5849886	,5784611	,5784609	,5455646	,5455393	,5718300	,5981468	,6047261	,5653532	,4996380	,4929310	,4274971	,5258525	,5389853	,4471319	,4667930	,
11205872	,5811847	,3832415	,1467993	,3202252	,2005650	,5554355	,6410431	,2574641	,4493178	,10090990	,10550511	,5298118	,4305817	,2843981	,6529905	,14870986	,16114362	,6308893	,1914676	,11721661	,15723454	,15988208	,8744774	,6112797	,6311205	,6311205	,6507816	,6638889	,6375715	,6047265	,5653025	,5586977	,5521437	,5849121	,5915425	,5783839	,5454877	,5192474	,5718300	,6440995	,6507042	,6572067	,5587743	,5061146	,4930589	,5061915	,5192985	,4404756	,4208924	,
3970180	,5888708	,3498571	,994864	,807496	,1134143	,1662288	,3053183	,1455657	,2246202	,5093793	,10351852	,5761239	,3240031	,3044180	,6070658	,7512427	,14863506	,9794625	,1912099	,6327403	,9622174	,16187132	,10459770	,5718296	,6507814	,6311205	,6441761	,6506790	,6112543	,5916193	,5783839	,5521439	,5455646	,5586460	,5455903	,4996635	,4864537	,4535572	,5324058	,7098400	,7623202	,7098149	,6442021	,5062424	,4996122	,5717789	,5258265	,4208147	,4011546	,
598810	,1598035	,789003	,1715756	,1121300	,2179639	,8439994	,4103040	,1785132	,6209705	,8640699	,5221771	,3782571	,1395783	,1189654	,2120771	,2459229	,8427872	,11568977	,2763806	,5871223	,9819291	,13958908	,11125169	,6047514	,6507814	,6638628	,6375969	,6179367	,5784607	,5914914	,5783839	,5652256	,5651992	,5521696	,5062426	,4996883	,4929302	,4470040	,5192470	,7426596	,7952421	,7886376	,7032867	,5455642	,4996380	,5587228	,4996123	,4273688	,4142100	,
4233581	,2179378	,460803	,5162666	,3566674	,2458736	,9761759	,9699054	,6471845	,6599831	,12582645	,9493437	,3635799	,794393	,4225384	,9500897	,7131316	,3903326	,6449222	,1581594	,5475435	,10410912	,12516082	,14083025	,7689768	,6572065	,7031589	,6376481	,6375969	,6178849	,5719068	,5587741	,5390878	,5259294	,5259041	,5323807	,5126938	,4535833	,4403736	,5520667	,7230246	,8346409	,8411689	,7098149	,5390110	,5520669	,5651994	,5454876	,4666390	,4339479	,
3830106	,1052175	,1585964	,6411963	,3162165	,4754551	,9494713	,7990226	,4699813	,5740415	,10285270	,9895150	,8583132	,3696982	,2646352	,7461312	,12712683	,7591592	,3383175	,2183505	,4681295	,9225867	,13105394	,16643804	,8875573	,6374173	,6639653	,6770465	,6834724	,6375456	,5718814	,5784091	,5325085	,5390111	,5455903	,5324317	,5126426	,4142613	,3945236	,5782816	,7295528	,8346409	,8346407	,6704933	,5259295	,5651742	,5324571	,5127709	,4797974	,4996123	,
1453347	,923664	,989716	,7720626	,2307884	,3364418	,10678488	,7594179	,3188378	,2453611	,7530704	,6876885	,5159586	,3039052	,4563336	,6081199	,8381134	,12582654	,6672564	,3316892	,3768416	,9289592	,13104590	,16711422	,13019778	,6506012	,6967072	,7426083	,6836007	,6572581	,5654053	,5784607	,5587741	,5456671	,6177307	,5521435	,4995355	,4141586	,3485714	,5193250	,6836519	,7755814	,7886885	,6245412	,5258527	,4996122	,5127708	,4996123	,4471319	,5259292	,
3978384	,2379571	,66304	,5613718	,4877932	,1260590	,10551022	,9428406	,3711113	,6420	,3568731	,6213036	,2193512	,1325865	,6336410	,12647918	,7198392	,8316372	,7985871	,4769213	,3898745	,5141311	,8433539	,16645881	,15592406	,7952427	,7295012	,7229987	,7228965	,6638627	,6309922	,5916955	,6047263	,5653534	,6177309	,5455903	,4666908	,3877909	,3287571	,4799003	,6441762	,7295010	,7229733	,5916193	,5323805	,5061916	,5324317	,5126941	,4931099	,6244895	,
6273954	,2778700	,197120	,3112818	,6072476	,598808	,11134946	,10809304	,5082225	,4685937	,5548426	,2715479	,2455403	,1323560	,4958615	,11073248	,12319210	,9037260	,8118482	,2128746	,1722942	,2254666	,2124357	,12506028	,16441531	,8347949	,6967842	,6836256	,7031589	,7098662	,6508582	,6508065	,6703393	,6046752	,6113056	,5785122	,4930591	,3616538	,3155989	,4535829	,5915164	,6703393	,6639141	,5653023	,5455903	,5521184	,5389853	,4996635	,6113058	,7690538	,
7588522	,4176799	,1393211	,1595214	,5359024	,1458739	,5226417	,9895671	,4947551	,6866616	,9960417	,3839099	,3710601	,1200193	,2732455	,7790016	,13238014	,10018248	,3985600	,1196083	,3189898	,5692098	,6278325	,6863246	,10532737	,8418380	,7098149	,6965793	,6835237	,7231014	,7165482	,7033637	,6900772	,6113824	,6639140	,7097381	,5850913	,4274201	,3550227	,3880213	,4996635	,5653021	,5982240	,5521437	,5325087	,5653023	,5586460	,5915675	,7098660	,8151853	,
9498082	,5426606	,2656893	,1136195	,3256477	,2128754	,3787712	,5960168	,3636066	,8443577	,7390881	,3770223	,10811112	,5741192	,3055753	,5482896	,7266768	,9826535	,1540722	,5350795	,9300687	,4564102	,7191970	,9302238	,7594941	,7581577	,6508841	,6965796	,7034150	,7822634	,8149549	,7755050	,6441762	,6048541	,7230246	,7951402	,6836520	,5390878	,4207379	,4338713	,5192221	,4996635	,5455894	,5521439	,5718818	,6113056	,6112545	,6770978	,8149546	,9135666	,
7859166	,6743504	,5879184	,1472619	,1671795	,3190183	,3000261	,3194536	,1587243	,8177834	,6064750	,1722932	,10413784	,13630970	,5289633	,797727	,1529936	,2388581	,4558962	,6148022	,11269606	,8376747	,4623715	,11861752	,8645333	,8707781	,7303240	,7425572	,7952682	,8413742	,8610097	,7756328	,6573345	,6573348	,7559213	,7887917	,7689770	,6114083	,5324317	,5322777	,5258776	,4996120	,4865047	,5587741	,6507554	,6835236	,7229735	,8084779	,8742445	,9727284	,
7263173	,8518128	,6866594	,2660230	,931892	,1918269	,1788223	,1988424	,592389	,5012077	,5210486	,726793	,6274720	,10354430	,5344903	,1060374	,2911064	,1595202	,7984833	,8051909	,3574123	,3169609	,2259039	,6809562	,9895674	,10092003	,8823671	,8017182	,8676401	,9071664	,8741937	,8084013	,7426083	,7164194	,7821096	,8084525	,8215599	,6902053	,5784607	,5586460	,5126938	,4996633	,5193501	,6573347	,7427365	,7755561	,8478511	,8938546	,9201971	,9794358	,
5154446	,8186073	,4830368	,1984061	,197120	,4296575	,8053700	,6414012	,2313537	,2572861	,6598303	,1125680	,5884876	,6615778	,2251351	,1519643	,6611395	,7790544	,5225631	,9431504	,6868898	,3846296	,7928813	,5366483	,8516069	,9893872	,11849646	,7955499	,9071410	,9726775	,9202739	,8414512	,7755561	,7755561	,8084779	,8347436	,8217131	,7034660	,6310433	,5587993	,5192731	,5587230	,5981470	,6639140	,7822636	,8545328	,9070899	,9400116	,9662772	,9794358	,
8053714	,6018753	,1860697	,989457	,1386014	,6145199	,8642504	,6676683	,4109997	,1528657	,3639166	,2252383	,4308171	,5486760	,990755	,1057298	,5355936	,9890522	,9295557	,3715213	,6546380	,2998959	,7665639	,11006699	,4777167	,9633016	,14283754	,8486735	,9072175	,9662522	,9466679	,9005619	,8347949	,8348717	,8873520	,8873523	,8414258	,7559464	,6901029	,6047004	,5521437	,6374434	,7031586	,7163940	,8347697	,9005366	,9070900	,9335347	,9925684	,9793077	,
6874332	,6808018	,1656634	,5019009	,2181692	,8707270	,6799520	,4380098	,3184015	,797224	,2837312	,3175265	,2320994	,4286539	,1319961	,1128753	,4772036	,6737330	,7727831	,6610890	,4242342	,1804670	,3856065	,11402995	,8318175	,6154453	,14155504	,11117692	,8939563	,9401140	,9598008	,9400888	,9202485	,9137718	,9137457	,9136692	,8676916	,8149548	,7228967	,6112545	,5521948	,6244129	,7295528	,8149800	,8741935	,9004855	,9005620	,8874031	,9333044	,9136178	,
5170905	,3060909	,2245426	,6861465	,992790	,9427140	,8838602	,3909517	,2055244	,1849904	,6073758	,9894899	,5947820	,3112542	,7393460	,4622961	,3978935	,6208414	,4968639	,5621943	,2188881	,2658172	,2994845	,8514780	,12517117	,6613462	,11131060	,11316358	,8742699	,9269043	,9597754	,9598006	,9334584	,9071672	,8941105	,9334321	,8743730	,8216879	,7360551	,6178849	,6113054	,6770467	,7756331	,8479535	,8940339	,9202996	,9136946	,8807728	,8610349	,8281645	,
4640953	,999997	,658692	,5607800	,1843732	,4228467	,10026750	,4421472	,4360052	,5736562	,7519393	,8905935	,5954503	,4109978	,10809823	,10352352	,3641997	,2846564	,2456683	,1800304	,1191456	,4176541	,4501128	,5419158	,7266518	,3118210	,3044440	,5728591	,8281896	,9070899	,8744755	,9465909	,9137203	,8677167	,9071410	,9202485	,8480305	,8150572	,7230246	,6704674	,7557671	,8084013	,8808241	,9071670	,9597756	,9860919	,9399346	,9004337	,8544555	,8083755	,
6199928	,3765095	,4294250	,4488554	,3955031	,1124123	,7660509	,3768181	,4687735	,9283208	,10932913	,7984827	,5823170	,2712925	,7393209	,9174502	,3368541	,1061158	,3643778	,4297860	,2912854	,7857099	,6019246	,1991492	,2782810	,2061148	,4043936	,4553829	,7757609	,8611119	,8808240	,8874542	,8939313	,8347949	,8415025	,8479022	,7953191	,7755303	,7427112	,7560230	,8478511	,8939573	,9663547	,10320699	,10583614	,10321216	,9400629	,8873521	,8281386	,8083239	,
7576975	,5609355	,9236443	,2510916	,5740688	,1126700	,5292730	,1849912	,2049855	,5865579	,12176820	,9427901	,5955003	,1062960	,4693653	,7989196	,3312241	,5491119	,5683108	,5355174	,5759172	,8574401	,11727067	,2063964	,7128998	,7197109	,3454107	,3903359	,7369807	,8281383	,8676401	,9070899	,8872755	,8083755	,7821354	,7755563	,6967842	,7098658	,7493158	,8347951	,9202485	,9728563	,10320699	,10583612	,10649664	,10452286	,9991224	,9004592	,8084268	,7754791	,
9356995	,5150344	,9433317	,1789763	,3169873	,989714	,2914925	,1189926	,1586981	,3835246	,10932929	,8250828	,5212263	,2182980	,3242347	,5214322	,3249800	,7127987	,8512720	,4764051	,3513479	,5755835	,12713722	,7525814	,4098161	,7394488	,2584407	,2053445	,7254156	,8481847	,9267764	,9137716	,8677167	,7756328	,7426598	,6835236	,6441762	,6704933	,7361319	,8347440	,9531704	,9597747	,9992504	,10255674	,10453053	,10255676	,9860149	,9266735	,8346411	,7426083	,
9096644	,6266767	,5670007	,2049855	,3171675	,3232578	,6275506	,2052935	,4295263	,5297076	,10014127	,8845022	,4024648	,7394256	,10877420	,3959641	,3844255	,6077096	,6865828	,7397575	,4897200	,4442044	,7600359	,8519407	,7069123	,5285256	,1389353	,4101757	,6538151	,9408596	,9333804	,9137205	,8610097	,7558182	,6901029	,6178336	,5915679	,6179619	,7492391	,8413229	,9531704	,9532213	,9794872	,10189114	,10452028	,10320699	,9597747	,8937770	,7886376	,6703904	,
7058605	,1523511	,2382151	,7194806	,4629644	,6995630	,5683621	,3899501	,8904623	,5229230	,7514506	,4227954	,2247734	,7197891	,11271673	,6996662	,2467240	,6015422	,5941893	,5492676	,5499884	,3782058	,5164463	,7667438	,7264713	,11464934	,2256992	,5876124	,9106915	,8293463	,9727785	,9399864	,8216363	,6836769	,6440478	,6178336	,6178077	,6901283	,7952939	,8676655	,9399348	,9400116	,9334582	,9598008	,10189114	,10254907	,9465907	,8937517	,7885607	,6310176	,
7912120	,1056797	,2116156	,8445384	,4700326	,7327935	,6800821	,2979940	,8772291	,5038542	,3243379	,4484955	,4885365	,7653039	,8909528	,5428955	,2334122	,3319449	,5083249	,3651237	,2663839	,1526080	,1928021	,7205868	,6219480	,4429182	,2187339	,4492655	,12058364	,9286291	,9005360	,9070899	,7560234	,6507554	,5718816	,5980961	,6112796	,7164451	,8347436	,9005620	,9728565	,9662259	,9005617	,9400629	,10058298	,10254907	,9662772	,8938544	,7885607	,6047261	,
3635062	,460038	,2245173	,7128495	,4433294	,6858393	,8446926	,2384207	,8508349	,6539432	,2389097	,10545885	,7322016	,5215362	,8840645	,5563620	,3650746	,2716003	,5473640	,2913893	,2517336	,4429955	,3313782	,3719336	,3598044	,1611143	,5032125	,5486231	,10089184	,12122597	,8618061	,8018212	,7295012	,6309662	,6244131	,6112804	,5850911	,7165225	,8413744	,9662009	,10122810	,9596466	,9071153	,9465141	,9728052	,9925429	,9662259	,8741935	,7754790	,5981723	,
2378050	,788740	,3363405	,9824722	,3233861	,3557951	,11139825	,2976857	,11790812	,11135430	,4486998	,7657927	,6604723	,2514774	,7982777	,5885887	,1663830	,2575418	,3757883	,1516570	,5090442	,10417886	,6342569	,6738606	,4116414	,1265739	,2979426	,4567447	,6672313	,12386044	,8163169	,8147230	,6836007	,6309663	,6375969	,6309663	,6112543	,6836006	,8215852	,9136944	,9267252	,8479276	,8150572	,8347438	,8610862	,9004592	,8938287	,7886634	,7228965	,5652507	,
2576709	,2046765	,3432529	,8634804	,1453601	,3501659	,7716012	,5474951	,5803387	,12123894	,5279602	,9229249	,7398091	,2384218	,2446152	,3109983	,2649953	,7461059	,4489059	,1324069	,3377281	,7590329	,8449245	,7597524	,6074521	,1137476	,6347708	,7331782	,4761220	,10156782	,8167043	,6702873	,6505759	,6178590	,6178336	,6178849	,6244131	,5980961	,6703653	,7098662	,7163426	,6771235	,6836006	,7098149	,7492905	,7492389	,7032608	,6507042	,5783580	,4600595	,
2106390	,1384215	,2840390	,4690822	,3832679	,6142873	,4099717	,5288108	,730129	,6929578	,5215888	,6327419	,8444608	,3302738	,6269328	,2722423	,4435604	,8177834	,6403994	,3315850	,1594189	,3839877	,4769714	,4378808	,3843467	,1661257	,2185548	,7324588	,6533514	,6412476	,5346947	,5126159	,4799003	,5127706	,5719325	,5457184	,5390111	,4995352	,4995353	,4930842	,5062428	,5259292	,5915164	,5719066	,5784609	,5391393	,4930842	,4798490	,3551248	,2893588	,
987404	,1386784	,4356705	,2579278	,4225384	,6210983	,3052681	,3317406	,526082	,2716267	,2589568	,1188385	,5881778	,3301709	,6464662	,4366729	,4437922	,5216899	,3636329	,2457980	,2121038	,1723456	,2516566	,2787966	,1388835	,1319194	,1782053	,2587492	,6015647	,4693117	,3431765	,3353101	,3287320	,3616538	,4141849	,4075288	,3419157	,3288086	,3156246	,3288345	,3222039	,3419161	,3549975	,3549462	,3548694	,2827795	,2695698	,2629653	,1973010	,1644564	,
4738854	,790029	,3232571	,1710620	,2909006	,4166011	,2394236	,2326915	,1052688	,1533798	,2134411	,1255459	,2654850	,1849904	,4421223	,3434326	,1259317	,2314567	,2510908	,2052943	,1519918	,989456	,1522481	,1252636	,1391408	,2054728	,2183232	,2384720	,2780759	,3102026	,2175019	,1971983	,1644813	,2038546	,2170130	,2234642	,1709840	,1644049	,1250319	,1512463	,1709327	,1381904	,1315601	,1315599	,1512463	,1250319	,1315599	,1446157	,1249805	,1184015	,
4544295	,920841	,2304034	,1187095	,3301192	,3829336	,1723716	,1462617	,922644	,1255208	,1466467	,1122592	,1121053	,1252377	,1713702	,920841	,1386267	,1848358	,1580313	,1187095	,920075	,1517089	,1850415	,1717548	,1185816	,2371628	,2242865	,1519142	,1646617	,2962476	,1711645	,1249040	,920843	,1380113	,1709842	,1644817	,1709842	,1511950	,1512208	,1578254	,1775374	,1710608	,2301718	,2433301	,2565139	,2564887	,2301975	,2235923	,2104850	,1644817	,
1712663	,1249805	,1513491	,1052688	,1319194	,2640192	,2107688	,1580059	,920850	,1516062	,1321262	,855822	,1718829	,1657664	,989977	,1918769	,1979431	,3563854	,1909276	,1183245	,724236	,2115909	,2639171	,2381640	,1980720	,1524021	,2912604	,2581586	,3104330	,3621946	,2632998	,2563858	,2498067	,2958103	,3549975	,3419157	,3222293	,3155989	,3549977	,3551256	,3879708	,4142102	,4601883	,4667165	,4339483	,4339483	,4469789	,4010778	,3879712	,3157529	,
1383965	,2770230	,3882279	,2104847	,859670	,3246961	,2915443	,1447959	,1789752	,1923918	,726292	,659470	,3044711	,2849901	,1855294	,5153157	,2642500	,4952957	,1915956	,2310204	,1252886	,1666665	,2261106	,2324327	,1734257	,2058076	,2529676	,4111273	,5556914	,1522740	,2174500	,4076056	,4667928	,5325087	,6178590	,6376226	,6112545	,5719329	,5587230	,5981470	,5916447	,6047003	,6309662	,6440997	,6113572	,6375717	,6244129	,5719068	,5062428	,4011799	,
1055250	,3500370	,6460764	,5266737	,197640	,3110235	,3786430	,2052935	,3042899	,1190693	,1519144	,1056287	,4764575	,3841935	,4230521	,5610117	,1455148	,4558197	,2189133	,4234884	,2914912	,1598564	,2786935	,3574646	,3252126	,3116682	,3846054	,4513242	,2922882	,2122841	,3502172	,4208155	,5587232	,6901030	,8018475	,8676144	,8675374	,8281643	,7755560	,8017962	,7822124	,7690538	,8280364	,8346411	,7953193	,7952170	,7361319	,6704672	,5718814	,4274201	,
1052429	,5411701	,7456423	,7838044	,1379333	,4624260	,5294270	,2057816	,3233097	,2124630	,3318673	,1323819	,4627348	,3574646	,4160353	,7977377	,1980714	,3366217	,4818032	,2709837	,4951936	,1659716	,1851705	,2185801	,3913631	,4108975	,4172187	,2258022	,2252881	,3964012	,10149573	,5526311	,6637600	,8017963	,8873006	,9267249	,9268530	,9399085	,9070381	,8807981	,9333042	,9070130	,9465143	,9595187	,9004592	,8872240	,8214825	,7361319	,6244131	,4601624	,
593168	,5935482	,8503467	,8960122	,4280110	,5215635	,7849664	,3237462	,3827806	,6475696	,4501403	,3696732	,529165	,4167034	,5221521	,6270882	,2911316	,4159593	,13827838	,7330504	,11533805	,7055259	,2454114	,5748903	,3315072	,3190435	,1857865	,6271890	,6407335	,4959371	,12844794	,6714700	,7819552	,8281383	,9070122	,9136174	,9267760	,9267249	,9595185	,9399346	,9661743	,9531700	,9860151	,9728054	,9333296	,8807979	,8411693	,7557932	,5719325	,4470040	,
1386012	,8369316	,9422243	,10142340	,7236428	,1520688	,7981512	,2643779	,2447180	,7858917	,4897705	,4818812	,2576711	,9305561	,6998200	,2448997	,2248773	,4623990	,10550000	,6803650	,10678235	,7984584	,5556916	,9956056	,8775381	,1800291	,1527620	,7530452	,10681570	,7070394	,4302737	,5724982	,8346150	,8675374	,8938286	,8938797	,9070124	,9136178	,9464882	,9267762	,9661489	,9728565	,9793845	,9465907	,9464112	,8806701	,7887147	,6901799	,5259807	,3878677	,
793364	,7317663	,10670262	,9026692	,9932389	,526596	,4623761	,2179890	,2905672	,7459020	,4439714	,2322528	,6333843	,10419168	,6280637	,2518888	,1650993	,5747610	,9106654	,4109996	,6403494	,2058838	,4040866	,7134665	,7403756	,4173477	,1795930	,3319701	,9170137	,8570805	,605229	,6052150	,9332013	,8674863	,8544556	,8610348	,8938284	,9267760	,9333553	,9201969	,9530673	,9990197	,9727284	,9400114	,9136176	,8215854	,7623977	,6507042	,4930848	,3288086	,
1184274	,3633004	,8571556	,9942926	,7764575	,1646367	,3838345	,1192487	,3108184	,9957093	,6270607	,2058325	,5348238	,8774603	,5560766	,3646356	,1927527	,1729119	,8968383	,5684137	,2387048	,6793881	,4034946	,4369566	,5693648	,3187612	,1397576	,2655602	,8313798	,9691601	,2716255	,6913377	,9134373	,8675625	,8281897	,8413482	,8742188	,9398835	,9530157	,9267760	,9531186	,9924661	,9596468	,9399346	,8938799	,8148778	,7360294	,6113056	,4733469	,3024660	,
2179893	,2576460	,6665878	,9282444	,2697764	,2377772	,4958606	,1123109	,1920058	,9038814	,9753536	,3702372	,3905669	,7319444	,7393963	,3315851	,1195836	,332045	,4759185	,6201993	,1528901	,10810852	,11730676	,4828037	,5354905	,3781289	,2057562	,3374434	,8114355	,7067594	,7329724	,8962201	,8478763	,8478248	,8609832	,8610349	,8873004	,9595437	,9463599	,9333294	,9333296	,9399089	,9595698	,9135665	,8609579	,8148519	,7163174	,5850400	,4470040	,2695955	,
3379325	,3374197	,6336675	,3360831	,2506288	,4495229	,4427900	,659470	,594960	,5938571	,12057069	,3034429	,4554608	,12451558	,8301701	,2248506	,4029797	,1920838	,5033680	,2970187	,2779470	,7650719	,5939850	,2644543	,6268548	,4439472	,3375473	,4359272	,4620127	,2786675	,11992041	,5150847	,6573348	,8346409	,8542761	,8609321	,9069354	,9398060	,9266733	,9332528	,9135663	,9266222	,9332528	,8806701	,8215593	,7952167	,6901029	,5849886	,4076309	,2499348	,
4898733	,2792078	,1786942	,459520	,3829856	,4951676	,2178103	,2445373	,2112047	,3760985	,11599600	,2970956	,2176557	,13238004	,8040600	,7188372	,10878712	,4172440	,3581608	,5934721	,12189424	,5094555	,2383430	,4365189	,5673066	,3440490	,2386263	,2910287	,1451799	,5684391	,7791055	,3107666	,6836266	,8214059	,8411175	,8805930	,9069356	,9332265	,8872491	,9069356	,9004079	,8872493	,9004592	,9002797	,8477995	,8215342	,7163944	,5456925	,3748374	,2432532	,
4308656	,2016189	,924952	,1118483	,1979691	,7911081	,2178351	,5486742	,3364164	,5010799	,10813173	,2180922	,65538	,5998195	,7783345	,10145214	,10616556	,4759698	,940885	,5941901	,11203805	,7658959	,3246712	,10417637	,8308652	,1795666	,4762005	,1456421	,1725510	,9828328	,6210216	,2975826	,7295528	,7819813	,8016933	,8937516	,8938286	,9266474	,8740905	,8609319	,8675115	,8282154	,8806958	,9003052	,8347949	,8215090	,7294760	,5587482	,3681048	,1841426	,
8299663	,10924435	,2103307	,1582104	,1977122	,9225911	,4027754	,6015157	,3768683	,3630435	,4560527	,725004	,65536	,2310457	,6138268	,7782316	,7987908	,3369822	,3239252	,7123348	,9690815	,7526594	,2256482	,8251095	,9822425	,4435863	,8582881	,6540729	,1208681	,7656383	,13369082	,5946280	,6511414	,7884066	,7820835	,8739880	,9134638	,9398060	,8937770	,8609834	,8347689	,8805418	,8871724	,8545066	,8543790	,8214323	,6965795	,5062175	,3024661	,1512978	,
12695194	,12096351	,2238240	,791058	,725261	,7782064	,7384990	,5940624	,3522983	,1789001	,793364	,2181174	,722181	,3174246	,4626823	,10738891	,7116917	,6591111	,10745824	,6005907	,9952696	,4491639	,860447	,3901820	,7067079	,5946793	,7464400	,7465437	,1335633	,5289892	,10943739	,9498082	,8884850	,7227676	,7820581	,8346150	,8937516	,9200427	,8937770	,8543529	,8543788	,8346411	,8412204	,8215850	,8018220	,7689008	,6571813	,4732958	,2892310	,1315599	,
12233086	,4740427	,2244913	,2704184	,459011	,5478801	,7979443	,8372132	,5938043	,790547	,2712658	,2050624	,2182454	,4100479	,2650210	,10407106	,9614749	,5148278	,8575167	,3901558	,8573888	,2438694	,2443583	,6067590	,3313019	,3053961	,5821377	,5300690	,2255191	,2585700	,4832688	,10346966	,10926753	,7359001	,8082726	,8412200	,9003309	,9397295	,8937768	,8805931	,8411691	,7689767	,7951399	,7820330	,7557673	,7032105	,6046500	,4141853	,2563605	,1249806	,
8486495	,1379594	,4286036	,6793111	,1513491	,595219	,4948339	,11927280	,4355679	,856338	,2981236	,2640709	,6731421	,3579025	,1197889	,4746849	,9229251	,6332803	,7919042	,4572085	,6010794	,2374443	,3569770	,12058361	,7061940	,3385494	,5616024	,5689028	,1858376	,3769206	,2329723	,7396044	,10206877	,7754525	,8541733	,8674087	,8937770	,9332013	,9135399	,9003052	,8345898	,7427366	,7623205	,7687976	,7359783	,6506272	,5389853	,3681559	,2300435	,1249806	,
4473398	,256	,4484193	,11399903	,4553829	,0	,3627089	,11989995	,3036749	,2244660	,6072476	,3829597	,8576973	,2724996	,1526078	,3694677	,8375744	,5932412	,10017470	,5949881	,5157027	,992283	,4494205	,9099965	,7396299	,1465176	,2048304	,2584668	,1594951	,7792849	,8710876	,6805447	,5990725	,8541988	,8608294	,8674598	,9068843	,9594156	,9528363	,9068843	,8477482	,7689510	,7425826	,7360294	,7360294	,6572065	,5324317	,3877911	,2168851	,1314829	,
1778721	,196866	,2182454	,10608845	,6260086	,65795	,1582882	,10276295	,4619115	,3635049	,7714982	,4221275	,10681066	,3643527	,1721927	,2376507	,5478547	,1191206	,7784372	,2708032	,2712147	,1123869	,2049852	,2910553	,4435872	,1460798	,6466464	,6203022	,1404771	,5360323	,9698799	,7853507	,5988408	,8541988	,8608552	,8740137	,9003563	,9266474	,9397806	,9003563	,8477995	,8148778	,7688998	,7491880	,7622183	,6506274	,4996123	,3615255	,1971731	,1118220	,
1776152	,393729	,1125150	,5874311	,2565929	,858130	,2643013	,5281932	,3501669	,3497049	,6066308	,1517340	,8973271	,5483169	,1518880	,2726786	,3183752	,1851205	,2924704	,7313805	,10940390	,1581861	,2708295	,9434851	,4501918	,1060901	,7781536	,12058355	,3972490	,3251087	,4439722	,3245429	,6182966	,8803877	,8476966	,8739625	,8871977	,9266474	,9332528	,9004077	,8543788	,8346409	,7886377	,7755050	,7754023	,6375206	,4667676	,3090196	,1775122	,1118220	,
986382	,328965	,2568999	,3822914	,726546	,1982511	,3570534	,1857365	,3500883	,1648675	,993314	,1193262	,5674632	,5805456	,5611924	,4174748	,5818295	,2658441	,1799542	,7911079	,9501163	,1129010	,2911591	,10089180	,8447958	,2514515	,7720626	,10087630	,5483937	,3174486	,1858123	,3381135	,5331768	,8345120	,8476455	,8870184	,8870949	,9069095	,9332015	,9265707	,8937517	,8609322	,7952682	,7886634	,7622951	,6047528	,4471069	,2958868	,1971218	,1249036	,
526344	,1185553	,1712146	,1977638	,1785125	,4026461	,3503199	,1392443	,3499090	,1381904	,1923916	,2649432	,4622211	,3306602	,5619645	,3907988	,3380868	,2651501	,1326650	,7851189	,7135435	,993827	,3964781	,8640186	,4494208	,2194539	,6280126	,6268288	,6734519	,6795163	,671541	,5822162	,7184262	,7818523	,8344867	,8411942	,8739625	,9134123	,9265707	,9266733	,9200688	,9003312	,8477736	,8346158	,7557930	,6112543	,4667165	,3220248	,1906192	,1184012	,
1184783	,1976351	,1382417	,1251345	,3694929	,7121804	,4170882	,1784620	,1187093	,1385505	,3905669	,3567963	,2644567	,2910815	,6019533	,2517086	,2187854	,2048055	,2250567	,11727077	,7525817	,1060388	,6003345	,6332047	,3697759	,3706234	,3310965	,3892811	,6471596	,5543036	,4366220	,7202525	,9361347	,8017960	,8213794	,8280357	,8739880	,8872745	,9266220	,9332526	,9069870	,9200689	,8872493	,8412721	,7427114	,5981470	,4338714	,2563860	,1512463	,1052427	,
1516062	,2174500	,1647905	,988174	,5408637	,8496503	,6066271	,334870	,656388	,1588274	,5222307	,2716768	,396037	,1390375	,6737856	,3310448	,3580812	,5016438	,4884852	,8042158	,10283212	,2702376	,4095597	,5412227	,7649968	,8318678	,5947311	,2379839	,3904389	,1853497	,7980473	,12517118	,10942700	,8089405	,8081182	,8344354	,8608552	,9068330	,9331500	,9266474	,8872491	,9003310	,8806701	,8149806	,7230248	,5718814	,3813399	,2104850	,1380622	,986893	,
2904897	,2309936	,2444862	,923664	,6795169	,8570276	,3157787	,1057051	,1189916	,3302748	,7914404	,2966831	,1400403	,660240	,1994341	,5484953	,4431487	,5610385	,5206368	,2320988	,8583150	,5145445	,2394487	,2978150	,9560007	,5352852	,12184805	,8369063	,2386781	,1661008	,5420714	,11075317	,4559488	,6311203	,8015652	,8279589	,8608552	,9003048	,9330984	,9199916	,8805931	,8608554	,8411689	,7886636	,7032615	,5455903	,3353368	,1776403	,1118220	,986634	,
4153680	,4421219	,3366988	,727825	,7913892	,9490616	,1584937	,1386784	,723975	,5210999	,8698530	,1325613	,2789506	,722696	,1849386	,7592118	,4426348	,5479812	,6594441	,2590338	,6414042	,5213568	,934967	,3306851	,8843735	,3434057	,8573890	,9296332	,7396036	,8706251	,3903609	,4961703	,3572326	,6705961	,7818274	,8081697	,8673574	,9199400	,9396264	,9002535	,8214312	,7819813	,7820583	,7689005	,6835237	,5062175	,2959127	,1512977	,986634	,986634	,
2372133	,2375219	,2243631	,526596	,6267269	,8961190	,1318681	,1977375	,1187605	,5079413	,5340015	,2053695	,2710865	,1252112	,2975319	,9434071	,3710082	,6200973	,11461837	,4960676	,3377283	,2442805	,4822919	,2582358	,2974037	,994854	,6145720	,6542780	,7264450	,9827564	,4625012	,3311993	,5881267	,7497796	,7226649	,7754021	,8476966	,9069093	,9593129	,8935977	,7885606	,7294497	,7360803	,7360554	,6375202	,4667676	,2630934	,1184013	,920843	,921100	,
3100731	,2968886	,2175268	,329476	,5409142	,4613462	,661014	,3436381	,2641722	,4552807	,2377536	,4298107	,2376246	,2840644	,2905421	,8508097	,4961681	,4353883	,11534073	,4693905	,269593	,7386277	,9960936	,1851706	,1852737	,6208686	,4959387	,6273689	,5490870	,9040612	,4951677	,1198129	,7521202	,9277541	,7029015	,7949859	,8410915	,9133607	,9199914	,8674344	,8082985	,7360803	,7098401	,7097896	,6243870	,4470297	,2630680	,1184526	,855307	,1183245	,
2243366	,2247736	,2374441	,855822	,4090207	,2371880	,1259568	,4222035	,4149559	,1852476	,2911844	,4624765	,3300434	,5608569	,4484453	,12582639	,7580801	,2379318	,5230277	,2845530	,1989699	,7848117	,8905674	,3113073	,4297094	,7916732	,4828311	,6267786	,5091483	,6403232	,3108194	,2387551	,6475706	,6647626	,7029785	,7622175	,8082978	,9067814	,9330986	,8674861	,8346411	,7689510	,7229217	,7163944	,6441249	,4601626	,2761752	,1250319	,921100	,1380365	,
1583134	,2771770	,3033909	,1776662	,1917752	,1120272	,2245434	,8236423	,6119489	,399896	,4360838	,3894885	,3636078	,5349265	,2774851	,12450798	,10086349	,4360551	,5811359	,4953209	,4753777	,7321757	,7985075	,2715995	,4093796	,8575935	,3447436	,2317138	,2984054	,4222033	,6603693	,8054229	,7989463	,6912340	,6308117	,6900254	,7360282	,7754270	,8214059	,8017446	,7689257	,7032354	,6638627	,6244644	,5455904	,4010265	,2565141	,1316111	,1249806	,1381391	,
1776150	,1979178	,2638389	,1907989	,923925	,1118992	,3301962	,7445864	,6909773	,660751	,7318682	,4617830	,6329992	,7454893	,1323811	,9555904	,10285281	,3234881	,2579540	,5611660	,2703155	,4553581	,7714967	,2512697	,4030056	,7851442	,2379071	,4631200	,5161904	,2312246	,6008223	,8973271	,8250328	,6851696	,4795921	,5061145	,5455896	,6046237	,5980444	,5784344	,5718298	,5717785	,5455642	,4996380	,4469787	,3221782	,1842192	,1249806	,1314829	,1184013	,
2105115	,1384985	,2966067	,2239775	,1116941	,921102	,3042642	,6326623	,5527603	,855818	,4823422	,3630674	,5149056	,6209713	,926494	,6071436	,8052936	,1716772	,859161	,3770485	,2175270	,2714465	,5353373	,2574649	,2447439	,2112824	,1192235	,4690557	,6673338	,2052422	,2977135	,3832428	,3576962	,2640441	,3285010	,3353618	,3681300	,3878681	,3944470	,3616018	,3681813	,4075288	,3878679	,3419161	,2958616	,2104596	,1316111	,1118222	,1249038	,1118222	,
3025441	,1381651	,1974299	,1448724	,854798	,790543	,2443065	,5004094	,3488795	,919821	,2121038	,2376761	,2711114	,4502684	,1653816	,1988682	,4104327	,1517091	,924186	,4359539	,2044714	,1985863	,4100741	,1517602	,922644	,1660746	,1728597	,2244662	,3439469	,2248782	,1846062	,1121304	,1846056	,1908249	,1644049	,1840913	,1841424	,1775633	,1841424	,1710356	,1710610	,1776403	,1841426	,1841428	,1381905	,1052686	,921102	,921102	,986382	,986382	,
1775380	,1052688	,1053199	,1183498	,920841	,855560	,1712410	,2040343	,1381904	,789003	,1318421	,1316122	,1122842	,2508604	,1582880	,1186845	,1522230	,1449238	,1184274	,2044971	,1582884	,857878	,1982260	,659211	,724750	,1977389	,1581861	,1515811	,1516319	,1318172	,855311	,1779234	,1318170	,1380877	,789516	,789264	,921102	,1182732	,1117452	,1051661	,987147	,986893	,1118222	,1249808	,1118992	,789514	,854796	,657930	,723723	,854796	,
1381140	,1644564	,854796	,789516	,724234	,920841	,1052940	,1709337	,1447446	,658189	,1383191	,1181964	,1188888	,3236169	,2441525	,1250318	,1053199	,1978149	,1514003	,1784111	,1849138	,1052429	,2908243	,1776920	,1253915	,3164988	,2113846	,1852222	,1450269	,1250319	,1382684	,2511429	,2837318	,2371367	,1841167	,1971983	,2168847	,2629651	,2366994	,2301715	,2432783	,2695957	,2761752	,2499094	,2236436	,1512977	,1118222	,723210	,723721	,855561	,
1644823	,1579281	,1248527	,855822	,526855	,1052690	,1777690	,3029810	,2107945	,656901	,1454117	,1450007	,596500	,3582086	,3180909	,1184785	,1052939	,2315596	,2709582	,1726800	,1855556	,793366	,4107926	,2768170	,3168846	,6333062	,3237961	,1327931	,1985602	,3638645	,1914927	,3574137	,2647900	,2373425	,2958868	,3288082	,3942934	,3943956	,4010263	,4010263	,4273172	,4470040	,4667165	,4207642	,3419418	,2236436	,1381392	,1052175	,986634	,1052427	,
2764068	,3944998	,2169362	,921613	,657928	,1649188	,2437672	,4018237	,4011045	,526083	,1059109	,1849902	,1052940	,2069384	,1524280	,1854265	,1780513	,1853246	,5158822	,995116	,1588021	,1398350	,5824712	,2573111	,2576199	,8511169	,3430712	,2646877	,3312503	,7002828	,2783339	,4100731	,3303253	,2044462	,4206363	,4470038	,4995104	,4864536	,5455128	,5586460	,5652507	,5521435	,5980959	,5455646	,3880219	,2566170	,1578771	,1118479	,1118733	,1512208	,
5459253	,9336902	,2563605	,590595	,1188124	,2775365	,3095854	,4547152	,6640694	,393728	,1187872	,2851954	,3169096	,1123879	,1587506	,3839348	,1121304	,1786429	,4169101	,1453347	,2916457	,1143921	,5300688	,2043944	,2442560	,8580318	,2845273	,6281674	,4169103	,4760727	,2975325	,4355163	,2836023	,2842724	,5066037	,5520921	,6242589	,6112543	,6375456	,6637857	,6900254	,6703650	,6768933	,6112547	,4470814	,2696473	,1513491	,1249806	,1512463	,1644563	,
8219200	,5259043	,197641	,395271	,1914919	,2775367	,2373679	,5142383	,6640948	,854280	,859418	,2597009	,3040584	,854533	,3242074	,2511417	,1388322	,1264446	,1323822	,3442788	,4106899	,1744030	,2528144	,792847	,2845279	,8580833	,3111264	,6673085	,2919301	,3045246	,2911589	,2244144	,1915958	,5354153	,6651748	,5978647	,6572318	,6573348	,7097379	,7162915	,7294240	,6900770	,6376481	,5653021	,4601373	,2958618	,1643794	,1184783	,1512978	,1710357	,
5917224	,1184272	,460040	,856588	,3232832	,2377786	,1516068	,5134926	,4932398	,2759957	,724752	,1525059	,529943	,2909784	,4490338	,1319708	,3313774	,1782565	,2644567	,5753515	,3451536	,2007718	,1526088	,3374947	,2050625	,7000261	,3038289	,8050365	,1530449	,3382685	,5690579	,3706499	,5025188	,7397837	,6127201	,6043672	,6244131	,6572065	,6900770	,7096868	,7293220	,7097382	,5851683	,5128479	,4206876	,2564118	,1578770	,1447184	,1579024	,1907989	,
5589032	,1579024	,393472	,1522227	,5406819	,4284227	,2704970	,5925204	,7365183	,4930080	,526606	,527623	,1056287	,3772805	,2707785	,3171416	,5485717	,529424	,3307638	,6146994	,3785905	,1668203	,1656383	,4826772	,2054477	,4832940	,3637108	,6670011	,1649186	,4564124	,5554869	,5086861	,7785924	,8180423	,3425586	,6111003	,5916195	,6505759	,6505759	,6703138	,6900000	,6572835	,6112545	,5193248	,3551258	,2038803	,1447698	,1381904	,2038292	,2104598	,
4538412	,2170389	,790029	,3436381	,8101476	,8292687	,2976106	,3685170	,4935989	,6510648	,197640	,262913	,1586214	,3637347	,1252377	,3572344	,4428415	,1385754	,5353123	,6206607	,5095326	,2384728	,5414797	,6730392	,2852471	,2056531	,4233103	,3637365	,400140	,3968901	,5550235	,5020288	,6406316	,5812384	,2902841	,5718300	,5783841	,5915168	,6439198	,6767904	,6965796	,6506788	,6177573	,4930337	,3157274	,1974293	,1579283	,1644049	,2170132	,2236182	,
4275241	,921615	,659472	,5611137	,8437122	,7965505	,1119762	,331275	,1596495	,2767918	,658182	,1117452	,2973523	,6530958	,991258	,6077351	,3900788	,1718318	,8514780	,7067071	,7386743	,2118971	,8635580	,7915962	,1456684	,2135688	,2723466	,1651759	,1924947	,4304553	,4428931	,4429193	,4760978	,4957328	,7721422	,5194790	,5324310	,5717535	,6242589	,6112543	,6835486	,7097633	,5850654	,4536344	,3483929	,2104596	,1513490	,1710869	,1907987	,2368022	,
3553063	,2236952	,989205	,6397565	,6727032	,2964257	,589826	,3026981	,5402961	,2765867	,1450257	,1051659	,2181173	,5014120	,1586993	,8646102	,3241069	,333324	,9232080	,8976105	,6405016	,1522740	,5546393	,5019022	,2260334	,4510402	,1794399	,794397	,4436651	,4836291	,4035464	,4166011	,3107930	,2514768	,7722699	,5458991	,5455124	,5979417	,6177049	,6243869	,6965795	,6440479	,5456157	,4339228	,2761750	,1709840	,1841428	,1776403	,1908246	,2367768	,
1842204	,1250059	,1187093	,6265981	,3627067	,329217	,526085	,2372901	,5594940	,2371620	,3307105	,1713690	,2116408	,2506537	,860186	,7590329	,2376767	,196608	,8307379	,10156264	,8112284	,1781037	,933689	,866093	,4831407	,4370848	,1194292	,1458490	,4762269	,3908506	,4102795	,4754030	,2185803	,4108474	,5751474	,5134148	,5256985	,5913626	,6571038	,6637596	,6572067	,6112545	,5323805	,3681559	,2104849	,1447184	,1512977	,2038292	,1973010	,2236435	,
1514518	,1052688	,922894	,2903095	,1250318	,526344	,1648675	,2242090	,926490	,995632	,4038285	,2573108	,926230	,2050104	,860186	,2383429	,657417	,659468	,7258805	,9104344	,4617824	,1320739	,2330234	,2249800	,6208682	,4042135	,1256748	,3240040	,7063470	,3307891	,3109736	,2178353	,2387298	,7140594	,5095351	,5735284	,5388570	,6241821	,6439198	,6374173	,6177827	,5718300	,4601373	,2958357	,1841167	,1643794	,1512208	,1578770	,1973012	,2104600	,
2305316	,3814689	,2105364	,1384472	,526346	,1185305	,4287830	,4876882	,989207	,2576959	,8772023	,3041110	,792085	,1787195	,793875	,931106	,792085	,1054998	,3576979	,6210218	,1057300	,2254164	,3050360	,4094578	,8973522	,5476463	,1385503	,4686462	,7059634	,1661524	,1591105	,4173220	,3444105	,4566945	,3180417	,6199433	,5980448	,6438681	,6570786	,6505759	,6046239	,5126938	,3747354	,2432532	,1578256	,1512210	,1512463	,1579024	,2038803	,2170389	,
9860415	,10385730	,3023633	,723214	,788487	,1853246	,5411961	,6257229	,657668	,2377018	,8310694	,8050618	,3309934	,1254428	,722183	,460040	,1452577	,1979178	,2528655	,1786178	,1259305	,4104578	,2583639	,2313026	,9563876	,2379069	,1727820	,3309172	,3967100	,1136471	,1857876	,4497304	,2177591	,1656132	,3181442	,6134408	,5847829	,6767903	,6767903	,6636828	,6045469	,4732697	,3222042	,2038292	,1446415	,1511697	,1643536	,2169364	,2235923	,2170643	,
10845765	,5456420	,921100	,1516311	,1117192	,2979426	,7198659	,5542505	,1050881	,728861	,6273427	,9565399	,4565132	,1185553	,459273	,787206	,2976598	,3769194	,869447	,263685	,4362622	,4892816	,2252883	,2647389	,4032127	,1399632	,3640704	,1528657	,1651504	,2259564	,4370848	,2121048	,2520944	,4633769	,5097151	,5608839	,6765334	,7423264	,7489057	,7161121	,5717276	,4272921	,2827030	,1840915	,1446415	,1512208	,1709842	,2365976	,2366741	,2236182	,
4804154	,1187107	,790543	,2173988	,394760	,5149056	,10284760	,4685670	,524288	,327684	,3308381	,8123341	,4953729	,65792	,1122066	,1513748	,2981737	,3568743	,262144	,530456	,5352100	,5027487	,2782812	,1722689	,1592134	,3908755	,3374185	,1123107	,659472	,4437421	,4562837	,1858638	,3904389	,6012585	,5555380	,5144428	,6438679	,7882786	,7554850	,6833696	,5061145	,3747606	,2564373	,1709587	,1249806	,1315599	,1579283	,2301464	,2498327	,2367511	,
4745835	,7759162	,855568	,1512980	,263681	,5152135	,7388058	,1320988	,591626	,721411	,1989711	,4309927	,1848626	,327681	,3694412	,3166015	,1864297	,1387041	,196868	,1918528	,4895132	,6331235	,5931079	,854533	,2052945	,5288352	,2913384	,986895	,1188124	,6212283	,4029035	,3174498	,3571827	,4760986	,3505008	,3299142	,6178338	,7489821	,7292961	,6701598	,4667670	,3418389	,2432019	,1709330	,1315601	,1644049	,1710867	,2367509	,2695959	,2695704	,
13086318	,7099701	,527625	,1513490	,1051661	,2776909	,2438955	,1119508	,1448473	,1381651	,1320741	,925979	,459520	,1451548	,3033911	,3037001	,1263682	,723210	,589827	,3238748	,9238509	,7261615	,5865831	,460549	,5613978	,7385750	,4285769	,787724	,1852994	,7136983	,4021582	,3370602	,5019273	,3241332	,2781034	,3113341	,6579013	,6963992	,6636318	,6307355	,4338454	,3089173	,2299922	,1709330	,1512208	,1971731	,2104596	,2499094	,2695959	,2695959	,
8677183	,2893350	,1514266	,2435619	,1776663	,920850	,657154	,2506035	,2042917	,923921	,1649702	,1181966	,922131	,2778724	,3431490	,2245171	,658694	,789005	,1051146	,2050878	,10155243	,8319958	,5931362	,256	,6795949	,8512206	,3493173	,462863	,2249035	,8451557	,3951931	,1590594	,3767666	,2117195	,6802628	,4959397	,6381893	,6438677	,6242589	,5650713	,4140824	,2695446	,2103569	,1513231	,1709842	,2300437	,2301975	,2499095	,2630166	,2761239	,
2565147	,4667943	,3748643	,2172448	,1711121	,592135	,1314831	,2504235	,1451548	,1451547	,2704182	,656901	,1718570	,3635550	,5208140	,3359529	,328967	,1447187	,986382	,1716519	,10417120	,9369812	,4215354	,0	,4632229	,5751223	,1787971	,1524029	,2119505	,7071442	,3231306	,2116420	,3366227	,2646111	,5749162	,3833974	,4936757	,6373395	,5847582	,4863254	,3812120	,2498067	,2168598	,1840146	,1578770	,2038292	,2563609	,2499095	,2433301	,2630166	,
4665628	,6376495	,3096129	,2305574	,1774099	,527886	,3038549	,2966326	,855311	,3431755	,2767920	,262659	,5017202	,6735267	,3766622	,2237724	,460292	,1515030	,1051657	,1519144	,8845285	,8181173	,1318419	,920591	,3906204	,2912104	,2921862	,1983038	,2975842	,6999999	,2704961	,2314577	,1515547	,3500894	,4821381	,2650223	,4483162	,6504991	,5388311	,4403986	,3024920	,1973780	,1644564	,1841428	,1710610	,1907219	,2104339	,2170643	,2498325	,2497555	,
4207392	,3885144	,5852217	,2498843	,723464	,1384225	,3041112	,2237213	,1847335	,3564618	,1579796	,394245	,3769707	,6077852	,3436882	,1841165	,525066	,1976351	,987408	,664351	,6221014	,4949107	,1193776	,1328447	,2519151	,2251092	,4368541	,1519142	,2575949	,3308143	,3119509	,1655618	,2448730	,3702651	,3045232	,5952979	,4955537	,5455652	,5255702	,3549973	,3219478	,2104339	,1644564	,1709587	,1775635	,1973012	,2104339	,2235922	,2564373	,2629140	,
3027505	,3485740	,7686945	,1052427	,394499	,2250313	,3963744	,1052427	,2833198	,2439723	,723721	,527375	,2851954	,5219461	,3361334	,920841	,395787	,2574128	,1578256	,1062190	,3523250	,990229	,2185550	,4427659	,923161	,2512734	,3772290	,1454897	,726546	,3052681	,4698273	,2120016	,4766386	,3374711	,2454124	,4497054	,2908503	,4472099	,4469009	,3680532	,2694934	,2104339	,1973012	,1840913	,1972499	,1972499	,2235157	,2170132	,2432534	,2563607	,
7430723	,8937517	,4667168	,724752	,459011	,2576961	,4684391	,1779745	,2905666	,1778203	,525831	,1116941	,2906701	,4685917	,1976854	,722183	,855309	,3177308	,3103045	,663582	,933438	,1385238	,3637108	,4756618	,658443	,4825760	,4419927	,1791839	,1520439	,3646358	,2641475	,2182989	,4760978	,2047281	,3108454	,2781547	,3177083	,3817786	,3812370	,2827030	,2235925	,1841424	,1841167	,1841167	,2038803	,2038292	,2366741	,2498325	,2498325	,2367509	,
3813917	,6047789	,2433565	,986897	,525315	,2054215	,3759954	,2442302	,3957325	,1117452	,1450008	,1848359	,2387800	,3699800	,1645076	,856338	,1446935	,1532494	,3443827	,984583	,1384215	,1849385	,2054225	,1781292	,1387045	,6611670	,3506551	,1793118	,2649197	,3109221	,1521460	,3575689	,5084290	,2186326	,3238248	,3309429	,4762536	,4019802	,4075304	,2497552	,1973014	,2038292	,1906706	,1973012	,2038805	,2235925	,2760984	,2761239	,2827030	,2499605	,
4405801	,2236701	,3090713	,1446417	,1181964	,1980720	,2241321	,2968896	,1908246	,1116943	,2641465	,2244660	,2051141	,2111018	,920843	,1650213	,2046765	,1987141	,1717291	,1448724	,2436903	,2107938	,594956	,1647909	,2181441	,6345921	,2577747	,1793621	,3578773	,2837320	,2840918	,4367778	,3633257	,4102807	,3106151	,3503726	,2776408	,3757668	,4544102	,2960424	,1513237	,1447698	,1578770	,1907221	,1906706	,2104339	,2366741	,2366743	,2563607	,2301718	,
3418654	,4207646	,2958355	,922129	,1118992	,1250319	,1712158	,2634792	,1052940	,1315601	,3029552	,2176298	,1912360	,1578770	,855048	,2980709	,3766120	,1651244	,1053201	,2242865	,2506803	,1644563	,1381912	,2179131	,1915705	,3370086	,1450526	,2248269	,2576720	,1715248	,2508871	,2905936	,1718839	,2842712	,2110004	,2181708	,2576470	,3298665	,2965331	,3356734	,2958627	,1578001	,1249806	,1512208	,1775123	,1644049	,1512977	,1906708	,1776149	,1513490	,
1513490	,2564120	,1381651	,1183498	,1314318	,1117968	,1316111	,1118992	,987146	,1709076	,1973788	,1711645	,1249554	,855560	,921102	,2576968	,2312508	,986634	,856336	,2038554	,1907738	,987146	,1251096	,1712158	,1120791	,1184272	,1646367	,2042412	,788487	,1253665	,2047034	,1646104	,1978677	,1647135	,1909276	,1516589	,2043695	,1978677	,1908259	,1710618	,1907999	,1776411	,1381905	,986893	,1249806	,1446670	,1315349	,1184785	,1315601	,1184012	,
1642513	,1052429	,920843	,921615	,921102	,855311	,1248525	,920075	,856073	,1248529	,987408	,921361	,1247244	,855050	,855560	,1447194	,1511701	,789254	,1314571	,1382934	,986893	,789003	,1315349	,1445904	,657930	,920841	,1052947	,1183245	,723972	,1445908	,1249815	,855309	,1578519	,1184274	,1119762	,1184272	,1643537	,1250316	,1052177	,855048	,921354	,920840	,1118220	,986634	,788237	,986634	,1117968	,921354	,920843	,789264	,
4404255	,1381651	,1445388	,921100	,1052686	,789514	,723721	,789514	,1052686	,1907736	,2105628	,1183243	,723212	,1250065	,1184274	,1781550	,1513491	,722442	,1583133	,2570029	,723721	,856849	,2178617	,1383191	,1052429	,2105378	,1445908	,724236	,1447444	,2109226	,2371367	,921100	,1514777	,1447705	,2044462	,2042152	,1978679	,1977140	,1514268	,1643794	,1513241	,1446935	,1512726	,1775898	,1907738	,1447184	,1249808	,1381392	,1512980	,1447698	,
7163691	,2169364	,1183245	,1513750	,1512208	,986636	,527371	,1315860	,2375482	,2703917	,1975320	,789518	,1711897	,2109478	,1647646	,1785913	,1118733	,527108	,1648673	,1448724	,656388	,1783345	,2453342	,1380626	,2046262	,2509374	,856588	,1322028	,2377285	,3235669	,2175281	,1711129	,1052688	,2837839	,2771004	,1913914	,2903141	,3890062	,2763314	,2828588	,2961463	,2764082	,3224384	,3684934	,3553083	,3552571	,2762795	,2762530	,3158056	,3157803	,
6179878	,2170132	,1446417	,2105887	,1711382	,920843	,657669	,1645852	,2706753	,2508083	,1184272	,855057	,2311227	,3957055	,3690544	,1518891	,854278	,854800	,789254	,856338	,1513490	,1584424	,1522992	,1780523	,3369048	,3758914	,1116422	,3043430	,4229506	,2374969	,2180157	,2240296	,1520688	,3967108	,2375229	,2043182	,2504774	,2772842	,2569025	,2897723	,4146523	,4212577	,3423064	,4408419	,4736105	,5261932	,5854071	,4079178	,3947582	,4802380	,
6441512	,8281392	,5587490	,1515800	,1383185	,855311	,526344	,1979441	,2311225	,1516571	,655872	,2047545	,3371362	,5270596	,4875077	,1184526	,723723	,1249808	,658191	,1848626	,2041374	,1582366	,1118990	,3704957	,5685417	,4284494	,395787	,5154458	,4753278	,1186066	,2644822	,1519658	,2508096	,2777695	,2845559	,2912127	,3169147	,2637388	,2767441	,2898766	,4213611	,5397898	,4542323	,4211304	,5459323	,5327989	,5460352	,4475239	,5065835	,6117243	,
4142890	,8675376	,4337688	,1516068	,1579032	,855309	,855568	,1843736	,1842968	,788487	,921104	,2784104	,4372891	,4952411	,2303515	,591624	,1250576	,723721	,1579284	,3300434	,1910558	,988954	,922640	,4233105	,7135944	,5469520	,462869	,6541766	,3625549	,1915966	,2311744	,2378830	,2306867	,2446426	,3637383	,2908531	,2776191	,3299453	,4018296	,3755376	,3820140	,4280958	,4411517	,3883112	,4276328	,4144744	,3685725	,4672369	,3816796	,4473699	,
8215862	,5849383	,724499	,1582102	,1580570	,1711382	,1184272	,1579543	,921613	,985607	,1252636	,2918264	,3114611	,1848875	,1512463	,1184526	,1380626	,592389	,2052170	,3899749	,1978149	,787976	,1191976	,4767146	,8572573	,4082738	,531744	,4692624	,2107935	,3639435	,2115145	,4560553	,2175797	,2578273	,3438721	,2771294	,2904427	,3169671	,4020355	,3228256	,2571355	,3558513	,3755124	,3293026	,3554145	,3422550	,3290965	,4211039	,4540020	,4605546	,
10387783	,7229486	,2171169	,1450520	,2173477	,2502696	,1250318	,1118481	,855568	,1315599	,1584933	,2841411	,1980193	,460551	,2372131	,920589	,1248527	,1055250	,2316360	,2443833	,726035	,590848	,1262657	,4372388	,4940611	,1516570	,1384476	,1058086	,1124903	,4102546	,1652795	,4436927	,1784897	,2644577	,2772056	,2771555	,2969458	,2968421	,4481945	,3030105	,3160913	,3292758	,3621737	,3489121	,3291228	,3290715	,2830663	,3224132	,3093585	,4736883	,
4930088	,3088922	,4208677	,1381904	,1978921	,2239524	,1053452	,724234	,1317651	,2105627	,1791303	,2646354	,1184272	,1382934	,1647386	,1250065	,2437673	,1119762	,1317151	,1380626	,854796	,1116939	,1788747	,2053196	,1513750	,1713698	,1518370	,2107684	,1657412	,3576712	,2318185	,3182735	,1520447	,2314590	,3300736	,2378086	,3559287	,2376033	,3624827	,3620710	,4146022	,4474990	,3423063	,4081785	,3883110	,2765903	,2764880	,2501698	,2697788	,3290187	,
6245422	,2301724	,1709337	,1386530	,2506039	,1907738	,1250831	,1183245	,2042653	,2236954	,1262136	,1519660	,855309	,1318421	,723723	,1647646	,2173728	,920073	,1448984	,1052940	,1777953	,2174500	,1252638	,986895	,1251345	,1584935	,2113328	,1709842	,1849922	,2115143	,2582901	,2114628	,1057577	,2376785	,3759250	,3099764	,3431049	,2770791	,2370868	,3030623	,3487831	,3818086	,2566715	,3422293	,4014187	,3948646	,3227492	,2107193	,1185054	,2105386	,
3221535	,3551007	,4731932	,1650217	,2177074	,1647899	,1580310	,1118733	,2107938	,2171420	,1516319	,855818	,1384215	,1450520	,1052177	,2171169	,921104	,1579543	,1907735	,922640	,2318925	,3233348	,656649	,1316373	,1185812	,2111279	,1448988	,1383961	,923674	,1914418	,1648174	,1514266	,1978420	,2112073	,3233418	,3359076	,3628428	,3165808	,2433060	,2830406	,2568524	,2436158	,3158601	,3289158	,3421521	,3159121	,4146549	,4145522	,1580072	,920338	,
2241339	,6507311	,3351834	,2041891	,1647394	,2439480	,1713700	,1317141	,2500645	,1841942	,1052686	,527623	,1847335	,1643798	,1513750	,725004	,1317139	,1713187	,1117200	,1058593	,2586208	,1849902	,1249554	,922383	,1515808	,1647135	,1385503	,1053715	,1714981	,1910826	,987404	,2046012	,2242627	,1583668	,2640496	,2438738	,3035511	,3297396	,2435119	,2306641	,3619680	,2699590	,2632249	,2698042	,2895177	,3028306	,2961238	,3684971	,2698570	,1448224	,
7956038	,6702890	,2828838	,2040862	,1388072	,2572857	,2042396	,1513498	,1845278	,1253141	,920589	,790027	,1317141	,1052947	,1382415	,855050	,1910559	,1382680	,987406	,2245699	,3758655	,1317141	,1317400	,1186584	,1647394	,1187095	,1911077	,1518641	,1847081	,1118994	,1779491	,2043959	,2175807	,1516588	,2440543	,2174794	,2114149	,2640496	,2634042	,2567745	,2369085	,2633545	,3355720	,2960442	,2303792	,2304834	,3357535	,2765131	,2040623	,1777702	,
8215341	,6838847	,3877925	,1186582	,1917752	,2441789	,1252126	,1580574	,2173730	,2105366	,1184272	,922383	,1250318	,1052175	,396036	,1383191	,2172961	,855820	,1326131	,3710849	,3106126	,1117450	,988435	,1582630	,1315858	,1384735	,1581344	,2178368	,1652533	,1185812	,1908773	,2107443	,1713702	,1910826	,2043708	,2436410	,1846589	,2571345	,2700619	,2501951	,2304824	,1645351	,1843241	,2829377	,2433849	,1974065	,2568002	,2041398	,2171430	,1645087	,
11435580	,6245420	,2235673	,1317141	,1981225	,1978928	,921615	,1647646	,1911329	,2038805	,1380626	,1053201	,1118990	,723212	,1053201	,1383963	,1383445	,985866	,2645072	,3837299	,1650476	,789005	,1316373	,1449504	,1183245	,986893	,1320747	,1520439	,1721159	,1320749	,1646632	,2108726	,2107443	,2306112	,2370088	,2963785	,3294296	,3099764	,2373188	,1647147	,1842982	,2503244	,1908524	,1973798	,1974830	,1776423	,2039334	,1841952	,1381912	,1316638	,
