855820	,988710	,725004	,1248779	,988449	,1052947	,1183763	,855309	,1053201	,1184023	,1249558	,1512475	,1447444	,1382164	,1513239	,1578519	,1184274	,1513241	,1381905	,1447185	,1644312	,1710618	,1513239	,1644823	,1776150	,1776160	,1382692	,1317416	,1317675	,1317677	,1382944	,1644061	,1447444	,1052179	,2234903	,1776670	,4537642	,3551015	,5458222	,4735281	,1184023	,1250329	,2433052	,1973790	,2039835	,2499107	,1775649	,1381914	,1448735	,1382429	,
987157	,1054763	,921104	,1052179	,1119007	,1052947	,987156	,1118479	,1250067	,1184274	,1250065	,1447187	,1250069	,1052949	,1381653	,1315347	,1447194	,1447707	,1447446	,1315347	,1512730	,1579034	,1513241	,1579034	,1579032	,1710366	,1382690	,1252136	,1513514	,1448236	,1448735	,1381912	,1184276	,2169364	,3222315	,4208694	,2039842	,1512987	,1448477	,1251104	,1382944	,1053214	,1973792	,1449253	,2432799	,1973541	,659989	,1315611	,1315357	,1446943	,
1052179	,1251625	,1118743	,855822	,1117970	,1052688	,987671	,1053464	,1118481	,1052686	,1118740	,1184526	,1381401	,1447197	,1381651	,1250067	,1513500	,1316121	,1316373	,1447446	,1578521	,1447446	,1447959	,1710620	,1644314	,1513498	,1710880	,1383720	,1383207	,1252649	,1579040	,1512475	,1053719	,3681308	,4601899	,3419431	,1644314	,2565414	,1315608	,1513498	,1119520	,1777692	,3354916	,1119772	,2038051	,2368037	,2566440	,1184535	,2696482	,1185563	,
855050	,987673	,988702	,1250580	,1249808	,986897	,1118743	,1119518	,1184015	,1316119	,1250077	,1184276	,1249815	,1447448	,1250065	,1381655	,1316119	,1316122	,1250328	,1381653	,1381140	,1315860	,1382166	,1579032	,1513241	,1579291	,1514019	,1383722	,1579558	,1185828	,1448222	,1381912	,1316373	,2693906	,2234391	,1710359	,1710618	,2826527	,1316122	,1382166	,1315862	,2301975	,3354136	,1119512	,2104867	,3090729	,3420207	,921882	,1645086	,1052437	,
855309	,987157	,1053728	,1250847	,1184535	,790553	,987156	,1052950	,921100	,1052949	,1250077	,1118229	,1184276	,1250065	,1184276	,1381401	,1315860	,1381915	,1447708	,1250067	,1315860	,1447448	,1513241	,1513241	,1513241	,1644827	,1646116	,1449255	,1514276	,1448486	,1251104	,1316122	,1052177	,2631193	,2892059	,2104600	,1579284	,1513239	,1710616	,1447959	,1709587	,1184276	,1644573	,1447195	,1447705	,1052437	,1447446	,1842715	,2236451	,4274736	,
854796	,1053725	,1119785	,922660	,1052688	,1184800	,1250593	,1250328	,1249815	,1250328	,1053201	,1118481	,1250067	,1118481	,1381402	,1381655	,1250065	,1315608	,1579294	,1315858	,1513237	,1381655	,1513239	,1710618	,1644827	,1710880	,1579812	,1514279	,1252647	,1251882	,1448226	,1447448	,921364	,986895	,5981486	,5458740	,3023645	,3745311	,856340	,2302494	,1512730	,856851	,1645856	,1381401	,1053466	,987154	,1184022	,1250329	,3092263	,4539705	,
920591	,987671	,1055537	,923177	,920840	,1184536	,1251885	,1054242	,1053464	,1381661	,1315858	,1315860	,1184276	,1579293	,1052949	,1381653	,1315601	,1250067	,1316119	,1381653	,1579032	,1513498	,1579030	,1513239	,1579293	,1579294	,1580069	,1383720	,1645100	,1448750	,1251876	,1185052	,855057	,3483929	,5324068	,4273195	,2763555	,2498075	,2629402	,2039321	,1645336	,1710367	,1184787	,1119512	,1513239	,1512726	,2171682	,1777442	,1184023	,2630431	,
1184801	,920841	,793140	,1185327	,1117970	,922129	,1384500	,1055016	,987671	,1711144	,1579034	,1447194	,1512988	,1513500	,1447959	,1118479	,1381142	,1579032	,1447705	,1710877	,1513501	,1513500	,1579543	,1578780	,1776413	,1711396	,1842730	,1383981	,1448750	,1383983	,1580323	,1250077	,987154	,6641969	,3615257	,1776660	,1972759	,1250067	,2302229	,1776149	,1250578	,1447448	,1512728	,1184533	,1382166	,1447194	,2105376	,1910568	,1447448	,2434593	,
1251104	,1117450	,530218	,1187380	,988435	,1184536	,1383471	,1713967	,1513498	,1187370	,1184785	,1249556	,1447959	,1448477	,1710357	,1446419	,1514268	,1776670	,2171428	,1843231	,2105378	,2104600	,1776920	,2039585	,2105384	,1581352	,1712940	,1516599	,1384759	,1254194	,1515308	,1907997	,2104598	,7762270	,6573357	,3090202	,1971478	,1382166	,1381392	,1513490	,1315349	,1380375	,3419682	,2696987	,986131	,1644823	,1118742	,4341809	,2171420	,986643	,
1117970	,1052940	,1119008	,1255231	,1579040	,1184272	,923420	,2109752	,1910056	,1187105	,1250067	,1512728	,1710375	,2041390	,1516072	,2302755	,1712425	,2303016	,2368297	,1975078	,2369839	,2697262	,2173740	,2370088	,2041895	,1845302	,1845302	,1648699	,1582659	,1385790	,1778993	,2368546	,2301213	,6115649	,7887665	,7295277	,1381914	,1447444	,1974042	,3683622	,3026721	,1513750	,1974041	,1842456	,1052686	,2302244	,2237475	,2040864	,1448473	,2500645	,
922131	,1184013	,1055008	,1582643	,1714745	,1384222	,1515821	,1517879	,1714997	,1713465	,1382429	,1845288	,2569789	,2634549	,2043962	,2437942	,2173738	,3094833	,2830641	,2239531	,2503732	,2567215	,2896950	,2634291	,2240820	,2371648	,2109250	,1650249	,1714764	,1386820	,1781051	,2567467	,2564122	,2561038	,9666897	,8022858	,527886	,1315860	,1579545	,2302753	,2238504	,2503216	,2106403	,1843485	,1909026	,2368799	,1778202	,1381915	,1712930	,3750701	,
1119512	,1446419	,926777	,1845300	,1651793	,1911095	,1388100	,1319471	,2041641	,1782340	,2437425	,2570541	,2570286	,2176571	,2897472	,2636334	,2699821	,3292984	,2833210	,3029301	,3227705	,3226937	,3424059	,3031104	,2375748	,2506314	,2308684	,1783631	,1717327	,1519948	,1848133	,2897715	,3352863	,4729878	,8082986	,4341034	,921104	,1052690	,1183763	,1118740	,1382680	,3951161	,4282691	,5727817	,4475965	,3885370	,4082236	,3884851	,4873284	,2899506	,
1119518	,1581091	,1255232	,1911596	,1716020	,2240561	,1454155	,2045261	,2042933	,1912894	,2373940	,3030314	,2505015	,2177096	,2635572	,3291693	,3030589	,3029562	,2701624	,3095603	,3162163	,3228218	,3162425	,3359545	,3293508	,2637387	,2309452	,2374226	,2045261	,2242891	,2374215	,2635319	,2892572	,4925727	,6826764	,5059616	,2960158	,1908506	,855311	,1118483	,987922	,1910305	,2110758	,5136959	,5529927	,2506029	,5927774	,2769199	,3558455	,4613194	,
1778226	,1451558	,1256259	,1582641	,1517869	,2306340	,1779511	,1584697	,2241323	,2636071	,2572073	,2897703	,2242613	,2373176	,2898216	,2767407	,2702651	,2701872	,3489590	,3621177	,3030829	,3161647	,3228471	,3359542	,3162941	,3097160	,2703945	,2441299	,2308173	,2833478	,2900033	,2963769	,2433302	,5390889	,5058853	,3943453	,3419427	,2893863	,724752	,723984	,1185301	,2896675	,3686702	,4544832	,3359024	,1845286	,4349262	,3886397	,4347716	,5271894	,
1911608	,2306605	,1388100	,1649463	,2961724	,3485475	,2108983	,2043968	,2570029	,2242853	,2899245	,2767408	,2636070	,3487532	,4667191	,2374703	,3358262	,3358256	,4800567	,4735554	,3031342	,3294254	,3293751	,3556154	,3359291	,4212040	,3818312	,2965323	,2768204	,3095880	,3227458	,3883319	,2959129	,4141875	,6185535	,4604724	,4866607	,5392947	,723474	,855571	,1578519	,2632734	,4083517	,5533269	,2240042	,1250845	,1450269	,3489848	,1383965	,5337944	,
1516597	,2108700	,1451045	,1978404	,3025969	,4076594	,1781552	,2503745	,2963757	,3029297	,2897966	,2963755	,3225898	,3227181	,3554352	,3030061	,5259063	,3947829	,3882801	,4014137	,3556403	,3884083	,4278077	,4146489	,4539968	,3949890	,4015432	,3751759	,3292748	,3620935	,3883075	,4013625	,2959131	,4471847	,7297832	,4994339	,3289638	,4340271	,921615	,789777	,1448986	,3292974	,1846567	,4546123	,1911331	,1052696	,2635051	,3096372	,4741449	,7442794	,
2304080	,2633260	,4534602	,4994373	,3025189	,4468795	,1650995	,2962494	,4536118	,6370112	,3291180	,2768167	,4208943	,3096103	,5126715	,4013874	,4929594	,3814963	,3556143	,4341811	,5585976	,4865083	,4408895	,4932668	,5522503	,4539978	,4801611	,4538957	,4144205	,4341578	,4276547	,3816246	,2958870	,7100220	,5850931	,5781789	,1908761	,2434844	,1118481	,789777	,1645852	,3030839	,5200971	,5533269	,1713441	,789524	,3295804	,2504495	,2305063	,3096624	,
1452623	,2502703	,4599107	,3943247	,1975835	,1976112	,3224896	,4468796	,3880747	,5714246	,3161136	,2832935	,5321020	,4468283	,3815732	,4472893	,3814963	,5581363	,5649724	,4799290	,5189434	,5781823	,4471866	,5454918	,5782082	,5390412	,5456720	,4800076	,4471640	,4799565	,5127240	,3354679	,3155484	,8543552	,4210740	,4404532	,1184274	,2761501	,1249558	,723982	,1645852	,2898993	,4808522	,3622716	,2700075	,659735	,1318689	,1054746	,2371371	,1975332	,
1650243	,4926526	,3810616	,599873	,3484468	,6893384	,4663854	,9184853	,4926266	,3026219	,3618102	,4535341	,4598326	,3155503	,4339519	,4927042	,3681587	,5186615	,5122616	,4339258	,3878189	,5188407	,4204849	,4337728	,5976907	,6503000	,5388880	,5519955	,4863570	,5257298	,5322059	,2893613	,2827040	,8613718	,2368548	,2434854	,1383195	,1776662	,659472	,1184015	,1644823	,1645852	,1712926	,1250843	,1119769	,1579293	,592913	,1250069	,1844516	,2505265	,
1321787	,7610713	,5184070	,992840	,3680827	,9643851	,5645876	,4664129	,3615553	,4137008	,5384780	,6302523	,3090733	,3286831	,5187892	,3021864	,2566438	,4466476	,4336443	,4074813	,4073774	,4794165	,4007731	,5254200	,6042184	,5913170	,5912407	,5781083	,5191254	,5780822	,5386574	,2893100	,2828062	,8090195	,2302246	,2238500	,1711906	,1645852	,987156	,855317	,3158567	,1843485	,657678	,921110	,1514268	,2501161	,2700845	,1973790	,789265	,2437675	,
926528	,3024948	,3087390	,1321037	,2569303	,4923443	,4666475	,6496834	,2566729	,4005940	,5645132	,6236493	,2832456	,5125458	,3616319	,2498855	,4137511	,4858413	,5516869	,3162199	,5188926	,3944508	,3683656	,5189446	,5321547	,6174297	,5978460	,5453147	,4862813	,5451343	,5256015	,2499633	,3287583	,8942673	,2303268	,2040612	,1383191	,1448477	,1052690	,790029	,1316112	,1053201	,1117972	,921363	,1514270	,1976864	,1516321	,2041121	,396047	,1844773	,
1451079	,2501165	,2697513	,2110292	,3819120	,4792617	,4739719	,3810881	,2370366	,3613486	,7154511	,4991280	,2506566	,3944783	,4405061	,2436400	,4008242	,4008244	,4664381	,3814991	,4534076	,3814983	,4013910	,3882573	,5454424	,5325158	,5586790	,5127270	,4536172	,4798305	,4863831	,3090743	,3287575	,8807748	,2827561	,2500136	,1646114	,1711906	,1185812	,1315609	,1380889	,1184274	,1183761	,1184535	,1185050	,1580572	,1184025	,1777949	,3162425	,2178869	,
2042428	,2761515	,5718100	,4927330	,3625607	,4465203	,2896709	,4148355	,3227233	,3161952	,4403778	,3948091	,2960695	,2567231	,2900039	,2700609	,3880006	,4279394	,3094593	,5518399	,5000545	,3099227	,3228236	,4540252	,4872065	,5198471	,5065594	,4998261	,4669043	,4603250	,4932718	,3421762	,1708306	,6109485	,6973487	,3816746	,1842466	,1974052	,1579030	,987154	,592650	,3884597	,3160877	,1447707	,725263	,1844263	,2633512	,2436649	,4937799	,3690562	,
1649998	,3023919	,2565676	,5055833	,3032694	,2959672	,3488334	,3099780	,2897992	,4549270	,3362427	,5006975	,2106665	,2503996	,3620673	,4342350	,5460077	,5733544	,4022146	,5859471	,5662870	,4019569	,4874625	,5202820	,4808590	,4676755	,5330833	,5002121	,4409472	,4345472	,4870787	,3620179	,1446419	,4204580	,5986600	,3291178	,2500910	,1975079	,1580572	,1051926	,397581	,5793356	,4215362	,1645852	,1251609	,2898216	,2700332	,3688507	,4543549	,5792848	,
1123923	,4083042	,3361110	,2308707	,2836847	,2241107	,2636105	,2437978	,3363965	,4351638	,5204113	,4613005	,3361372	,4676203	,5202570	,5863062	,5272728	,6125992	,5403039	,6457275	,5137547	,5137797	,6127533	,5732266	,6519986	,5599397	,5532066	,5137057	,4151450	,4874914	,4874385	,2238528	,1447955	,1907736	,2236701	,1448477	,2566179	,3486502	,1776663	,1185305	,790543	,5992278	,3029297	,1316889	,1383963	,3753784	,3097399	,2897966	,4277558	,4872257	,
1057878	,5532816	,4084592	,1978703	,3163478	,2111071	,3690109	,3690361	,5338521	,2839430	,6457542	,5998265	,5996475	,6124177	,5798047	,5667233	,7311807	,6589115	,7312577	,7838150	,7245752	,7311806	,8299482	,7247819	,7179459	,5931201	,5467825	,4943277	,5075375	,5994682	,5732015	,1905436	,2299156	,4406577	,3551782	,4341548	,4537899	,7434304	,2566691	,1843493	,2106664	,3626577	,1909789	,1448222	,1516838	,2767936	,2108205	,2502957	,2106918	,5398090	,
1584733	,5271202	,4547463	,2572658	,2771569	,2442612	,3886451	,5013181	,5074310	,3627137	,7444437	,7247308	,6259637	,5799587	,8365516	,7838651	,8431057	,9220574	,9286879	,8562901	,9155038	,8892889	,7840722	,7512026	,7642068	,6524876	,5602747	,5931201	,5471168	,6392520	,6327230	,2629159	,2955285	,8485202	,5921362	,5461833	,8155477	,10194779	,4669475	,2240058	,2894633	,5596514	,3686720	,1384484	,5269345	,2304813	,3488060	,3950664	,2569536	,990755	,
2705544	,5732012	,6261437	,1984122	,3691141	,4550569	,6060702	,5998787	,6259886	,5666730	,5865908	,9220053	,9482716	,7643860	,8628436	,9680355	,8760022	,10008801	,9482975	,8761052	,9352159	,9351390	,7118029	,6919369	,7445713	,6787531	,5932743	,5734590	,5539784	,6789590	,6917829	,2891568	,3813161	,8351823	,7630674	,5986375	,7628882	,6643268	,5785372	,2305085	,1776160	,5129544	,5858408	,3160633	,9216662	,3951428	,2831158	,4478035	,5402225	,1186854	,
2507906	,3957912	,4548249	,863069	,5337767	,5011374	,9745627	,7640523	,4813480	,6787783	,5143987	,9877725	,10143467	,6721730	,7709904	,8431315	,8561874	,8365262	,8891090	,9483746	,7312834	,8298444	,7181768	,5998269	,5341884	,5867201	,5340863	,5669571	,5208767	,6656462	,6590142	,4337187	,5062953	,5133384	,7432792	,5131592	,7565391	,7104329	,5523488	,4146776	,5129534	,5854540	,7633526	,3226678	,7176825	,3028788	,1909802	,1451055	,7506319	,4016722	,
1523054	,2706815	,3560315	,995427	,3826074	,3759762	,6853304	,4549795	,4087698	,6918594	,4287902	,6587826	,7774927	,6061490	,5800628	,5667235	,7378619	,6852033	,8101576	,8167369	,6524090	,6587826	,6127532	,5276091	,5143223	,5406395	,5077945	,4749748	,4485557	,5275324	,6785213	,7163465	,3155742	,5329987	,6315593	,8091733	,5920331	,3815214	,6245145	,3555164	,2434852	,4080445	,6845043	,3225145	,6978684	,2240046	,5200466	,4743001	,6915722	,5397849	,
1982591	,3826577	,5536678	,1914983	,3230851	,3298176	,4153485	,4023966	,3562383	,4614036	,3693708	,5272226	,5602471	,4285321	,4547728	,5139868	,6391987	,5666722	,6390184	,5404328	,6194096	,6456240	,5865130	,4946356	,4944816	,5143989	,4814771	,4089765	,3038108	,4484778	,5076143	,6256012	,2697251	,5658441	,7761998	,6447437	,6381133	,7629391	,3881502	,4478311	,3617326	,3552561	,6255224	,3094583	,8424838	,2501676	,5202006	,8162693	,5994360	,4871254	,
1127783	,4087447	,5406383	,1127785	,2377074	,3232633	,3166078	,3235214	,3363965	,3889535	,3363705	,4283788	,4941711	,4416655	,4219525	,4021133	,5206430	,5534358	,6257052	,5206682	,6126232	,6324139	,5340327	,4944039	,4485028	,4549797	,4024746	,3761572	,3036306	,3826587	,4352929	,6452612	,2500126	,5721669	,4342590	,4606270	,7828563	,7564102	,1777189	,4803164	,3813674	,4933187	,6845295	,1974566	,8361616	,4739406	,5332052	,8164233	,6455165	,4476753	,
1455459	,2177130	,3822713	,1325675	,2705786	,3690873	,2377599	,3431567	,4547465	,3758464	,4153992	,3627149	,4810125	,4416145	,5271436	,4153230	,6519450	,6258847	,6059675	,6453916	,6651812	,5994656	,5271964	,5140125	,4089759	,4352416	,3892386	,3562902	,2969734	,3430546	,3892631	,5728891	,3945252	,5984807	,1708560	,4143393	,6579777	,6181185	,2102807	,9266020	,5134683	,5200719	,7832439	,2436910	,9082514	,4346440	,4674385	,9807005	,7308423	,5728100	,
1588334	,1849447	,4082791	,1060450	,3165050	,3823489	,1850990	,3298434	,3365004	,3888769	,4680079	,3300744	,4745107	,4943512	,5139600	,4417684	,7568274	,6980001	,6125468	,6254747	,6191777	,5994911	,5731486	,5008541	,4744858	,4679837	,3956114	,3430798	,2838150	,3823756	,4022159	,5660795	,2959131	,2830880	,723733	,2435101	,7957577	,8350036	,5784106	,11042408	,6914170	,2900033	,7111042	,1909288	,6849145	,2963506	,4607048	,8887950	,7967375	,4806487	,
1852019	,1916529	,4083828	,1454177	,3298166	,3690109	,1719920	,3823491	,4348554	,3824777	,4283529	,4151945	,3562373	,5401232	,6058129	,4943251	,6911638	,5730710	,6058908	,6124951	,6123161	,6452891	,5599387	,4877465	,4876953	,4284315	,3889811	,3823758	,2969734	,4019084	,4415628	,7431790	,5257513	,5392698	,5456169	,6053205	,7368028	,6774357	,6244907	,12159849	,6777441	,2173487	,7767683	,1119518	,7638922	,4214600	,3622467	,8689039	,6914694	,3885649	,
1851765	,2508148	,2837361	,1720684	,4019068	,3363454	,2179444	,4611716	,4743302	,2969469	,4678547	,4416396	,3823754	,5597071	,5859976	,5074326	,6515599	,7239576	,5927576	,7831192	,6320541	,6452889	,5270684	,5532826	,4679829	,3957909	,3430285	,3363977	,3363465	,3756934	,4677515	,6247265	,4135444	,6508079	,8810301	,7764318	,8224625	,8288101	,6439452	,10973266	,6779498	,2238504	,7441290	,791838	,6847359	,3555144	,3819074	,8492435	,5795956	,5597544	,
2245237	,3559806	,1654891	,2113657	,3427967	,2114680	,1981811	,4479617	,4152195	,3231871	,3825294	,4942473	,3693710	,5075347	,6187917	,5071764	,6453142	,7503510	,4747160	,7437468	,5863590	,6978720	,5468062	,5403291	,4678812	,3563676	,3232910	,3101833	,2904202	,3298699	,4809620	,4343902	,5907745	,8282936	,10059840	,7629919	,7762786	,8683353	,5981723	,5978675	,5268581	,2568239	,8231576	,922139	,6978169	,2370870	,3554360	,5267038	,5531499	,5597546	,
1850217	,3626112	,1785715	,2114680	,3561087	,2115705	,1785972	,4349833	,4284808	,3101055	,3100546	,5139852	,3233411	,4152972	,5730708	,5402259	,5600149	,6912403	,5338786	,6061218	,5735344	,6522283	,5535398	,4746911	,4746658	,3432856	,3168655	,3299214	,3036817	,3168653	,4614044	,4149346	,5448221	,7888694	,10719068	,7825743	,8485992	,7829333	,4077348	,2564646	,5332313	,2567465	,9545377	,1382433	,7899786	,2372406	,1843235	,1315351	,6189683	,5268076	,
1850987	,2443895	,2048632	,2114425	,3692421	,1919099	,3297661	,4748694	,4348544	,3102082	,2971276	,4682139	,3429760	,3827347	,5140891	,5075096	,5208741	,5730710	,5340580	,5668001	,5734055	,5867181	,5340840	,4683174	,4485028	,3499932	,3170715	,3235738	,3430287	,3234959	,4418211	,3295074	,4005914	,3815457	,6576445	,5326651	,4143668	,4075819	,1907486	,1118743	,4675414	,1448734	,6717054	,1317919	,5860456	,3226436	,1842984	,3027507	,5793895	,3294799	,
1720179	,1983354	,2047854	,1917299	,3692406	,1852536	,3494512	,5998761	,3167366	,3824770	,3363959	,4813204	,4417942	,4552101	,4486306	,4682137	,5013671	,5272991	,5733544	,6063788	,4879775	,5473969	,5341104	,5208236	,4813995	,4287134	,3761825	,3959204	,3367067	,3761823	,4288678	,3560309	,3025698	,3354916	,3220508	,2892570	,4012847	,3094583	,2564120	,1315858	,1316122	,988184	,2106665	,1052950	,1975079	,1252896	,2238250	,4673865	,4740428	,5137505	,
1916268	,1720431	,1521253	,2706299	,4219264	,2183040	,3827327	,5076367	,2969471	,3433107	,3957116	,5471386	,4352404	,4682397	,4354974	,4156312	,5473193	,5274272	,5668513	,5210799	,5209251	,5474735	,5144753	,5144755	,4748970	,4025506	,4157094	,4092069	,3894438	,4616362	,4686007	,3498376	,2827290	,5719078	,3879207	,1577490	,2698277	,2896434	,723210	,921104	,329227	,2106916	,6451813	,1512728	,1052437	,1184535	,2830126	,5595226	,2239533	,6912123	,
2114403	,1850218	,1654379	,2510200	,3232892	,3629709	,5999001	,4287639	,4019820	,4222095	,4414846	,5736617	,4944527	,5008513	,6393266	,3630991	,4749719	,5729658	,5077155	,5603490	,6194857	,5670053	,5734823	,5145006	,4750508	,4157860	,4288417	,4354469	,4418975	,4420003	,4948664	,3958161	,2892313	,7822902	,2826781	,1578521	,854796	,722696	,1514781	,2236962	,1777692	,4608582	,4083014	,1316371	,1249558	,1381655	,1974821	,4408895	,2304560	,3427945	,
2898252	,3166075	,2772081	,4350074	,3232369	,3298426	,5992052	,4286860	,5270907	,4086114	,4941675	,5077657	,4682909	,5598324	,7113364	,4156294	,4945294	,5859175	,5270398	,5866136	,6586260	,6522272	,6258333	,5472162	,5274787	,4747938	,5141407	,4549268	,4419224	,4681105	,5667486	,4809596	,2366743	,6965546	,2235673	,1710610	,657938	,460553	,4276018	,5459261	,2305578	,2699821	,1250580	,2434593	,789264	,922131	,1581090	,1251356	,3620925	,1781059	,
4409669	,4612977	,3887452	,4344910	,3885647	,4021360	,5011074	,4482939	,5735077	,4412507	,5271685	,5071728	,5732487	,6254444	,7107685	,5402495	,5733275	,7041896	,5201774	,6322055	,6323327	,7437956	,6651792	,6388628	,5732764	,4616344	,5075863	,5206159	,4877458	,4943241	,6322825	,6907754	,1512208	,5390126	,4207141	,6112042	,1316121	,1382162	,7823949	,7761756	,3882814	,5857107	,4409923	,4936267	,3752260	,4410952	,4542799	,6123108	,4873561	,3688535	,
5003352	,4280922	,3096650	,3951959	,5330761	,5201245	,7050156	,4618135	,5795709	,6118214	,6781828	,6127764	,5795701	,8026985	,6121819	,4545895	,6518405	,7108206	,4611175	,7173755	,7765102	,7305592	,6978694	,6781315	,5994897	,5140620	,6191251	,5732236	,5074306	,5270660	,6714744	,7631459	,2762526	,5525044	,2500136	,5061421	,2828068	,3879465	,9070407	,8089441	,7893083	,14670524	,6778217	,8225653	,7568236	,10464147	,9017226	,10529944	,10266778	,6385769	,
5138284	,4282470	,4152680	,3359820	,3165024	,5201507	,5923939	,5334131	,5461320	,5201232	,6845285	,5990770	,6649204	,7501405	,5397588	,4081484	,5990512	,6779763	,5331292	,7566444	,7962736	,7700091	,7503225	,7241088	,6452099	,5927312	,6584968	,6256264	,5533570	,5335413	,6910583	,7631453	,3418657	,6702891	,2762275	,3288371	,5786678	,5719078	,10255437	,8879200	,8417367	,14996409	,8159610	,10332047	,7567987	,9411469	,10268058	,9409927	,10264208	,9016965	,
4149070	,3690333	,4741983	,5200981	,4673872	,5659736	,5397069	,5990245	,6120277	,4541776	,6057068	,4675165	,8027247	,7566434	,6843226	,3884348	,5003350	,7439239	,6383449	,7567208	,7633771	,8027249	,6976116	,6714235	,5992052	,5992831	,6190720	,6058875	,6123646	,6517884	,7568756	,8156255	,1972502	,7229232	,3944233	,2697010	,4012583	,5128494	,10717273	,10390117	,8416339	,14076077	,6580840	,10990501	,9411212	,9213830	,8424323	,9475724	,9935757	,9148559	,
4083028	,5138024	,4082767	,5925998	,4277305	,3290159	,5989204	,6120790	,6778462	,5923929	,6253154	,4938587	,7239011	,7831150	,7434852	,4081985	,2963005	,7105896	,6054997	,6514267	,7502183	,7566183	,6517619	,5728367	,5794160	,6057592	,6189172	,5663865	,6583679	,6517369	,8488578	,10329226	,1840915	,6179378	,2369324	,2170409	,1775132	,3487019	,10848863	,10586469	,6840908	,10199447	,8161655	,10793114	,8292988	,6583152	,7174519	,7700343	,9805200	,8096902	,
3095094	,3228495	,3820630	,3687755	,4408891	,3952470	,5200979	,4344381	,4804934	,5531743	,5462610	,3619894	,5463390	,8027751	,8358007	,5133133	,2371120	,5395788	,5594197	,4937046	,6778207	,4673865	,5793895	,5136482	,5859435	,5072491	,5399662	,4809845	,6122356	,5990764	,5528687	,4670549	,2894379	,3090717	,2629929	,1773842	,4606272	,12302505	,13944740	,7496518	,4671301	,6515035	,6385493	,8094825	,6517080	,6976352	,7701364	,7044202	,4674635	,5333863	,
4674635	,1652045	,3098200	,4482938	,3356981	,3228747	,3686979	,4015178	,4411205	,5334371	,3817275	,2305063	,3225915	,6185043	,7174266	,6252896	,2767168	,3293778	,5460560	,3950914	,6447957	,4213836	,4872289	,4873821	,4806500	,4020583	,4149595	,4149857	,4151658	,3887205	,3293512	,1448483	,3880499	,9204313	,9001015	,2625037	,4473146	,6974818	,9473914	,3750442	,2565925	,2895656	,3158826	,5066553	,3225900	,5856580	,3949371	,2697772	,2700084	,3424835	,
3031106	,3296867	,2244182	,3297646	,4737599	,3884348	,2964810	,3097150	,5331794	,4609621	,2766388	,2173998	,2172198	,3028537	,5136741	,6711125	,3293512	,2569536	,4671554	,3096129	,4211003	,4608082	,3689305	,3557458	,3164511	,3033434	,3426136	,2836067	,2901348	,2901852	,2965321	,2696482	,4208943	,12226909	,10970935	,3085588	,1052436	,1119257	,2701375	,658189	,855057	,789003	,1381394	,4735522	,262921	,1512210	,658961	,262920	,4675662	,5200470	,
2171167	,2569787	,1652563	,1389918	,2962223	,3356203	,2040872	,2435620	,2633512	,3357488	,2962476	,2238504	,2041641	,2240060	,3490891	,4868420	,2897202	,2371648	,3488056	,2568507	,2764848	,3883068	,2899792	,2702413	,2638167	,3097687	,2506579	,2572895	,2310751	,2506326	,2505548	,2498853	,3747619	,13410165	,10380091	,2167057	,657678	,790545	,1974042	,1973792	,2302244	,2301474	,2368287	,3946543	,2629408	,2172198	,2499374	,2368297	,3818563	,3686467	,
1710869	,1579030	,1451833	,1784173	,1189161	,1907995	,2895906	,2041903	,1845033	,2239542	,2568496	,2369057	,1845302	,1979467	,1717065	,2961471	,2699051	,1848374	,2568239	,2502714	,2239029	,2962494	,2505802	,2375247	,2506839	,2440796	,2112596	,2178905	,2309211	,2309211	,2308169	,2565414	,6643265	,12557680	,10116398	,2561040	,1315858	,986893	,1381394	,1709080	,1514268	,2170656	,2040092	,2038302	,2170656	,2171933	,2039585	,2171171	,2105638	,2566707	,
1776670	,1513752	,1711129	,1453389	,1845815	,1583421	,3491927	,2106657	,1780036	,2308433	,2370606	,2236700	,2174519	,1649475	,1517889	,2436150	,2763045	,1977666	,2634302	,2435368	,2304560	,2306629	,2570567	,2373972	,2441048	,1850970	,1719130	,2440286	,1981023	,2111582	,2110794	,2041123	,6512192	,11370317	,9197098	,4337187	,3813161	,986643	,1315349	,1316373	,1710618	,1973790	,2631207	,2500136	,1910056	,1777440	,1711645	,2236964	,2040871	,2500910	,
1977137	,1583419	,1647407	,1914716	,1518412	,1651540	,1193825	,1974819	,1715783	,1522527	,2173749	,2235931	,1843746	,1713975	,1583159	,1845828	,2631207	,2108474	,2175306	,2435629	,2174516	,1979218	,2372945	,1849689	,1916259	,1916511	,1981285	,2113374	,1915233	,1915484	,2110792	,1842980	,3024669	,8605230	,8409381	,6639920	,3091240	,2367772	,1381142	,1841691	,2432031	,2236703	,3750453	,4211003	,3491926	,2435119	,1974303	,3553853	,2235935	,3556934	,
2567218	,993342	,1713718	,1323606	,1321025	,1716563	,1521250	,1649214	,1585224	,1453902	,1581614	,1977137	,2039331	,1909802	,1911608	,1651021	,2239284	,1912122	,1978189	,1781311	,2370365	,2241099	,1586268	,1719645	,1849952	,2111841	,2243168	,1784673	,1260383	,1587294	,2175566	,1515297	,4798754	,8150334	,5389348	,3615008	,2957856	,1841943	,1382164	,1972763	,1841691	,3884597	,2302753	,2170138	,2570039	,2632498	,1907736	,3096634	,2829875	,3621446	,
1387067	,1320259	,1646632	,1648699	,1451584	,1449768	,1651280	,1583932	,1847120	,1846593	,1781837	,2372172	,2040612	,1842206	,1909804	,1979214	,1978440	,2304572	,2044233	,2042432	,2239807	,1978436	,1652058	,1718111	,1653347	,1587043	,1587295	,1784676	,1259872	,1586529	,2043469	,2039585	,6640955	,9665359	,3025441	,1644312	,855309	,985866	,1118479	,1906970	,1775902	,5460284	,2302494	,1645856	,2434341	,2171171	,1579545	,3226957	,2765373	,2433060	,
1320247	,1384232	,1779509	,1651530	,1256523	,1582390	,1386553	,1384500	,1322316	,1517364	,1584700	,1780287	,2105638	,2041375	,1580323	,2045007	,1847622	,1911103	,1716560	,1451835	,1582643	,2043720	,1520726	,1521502	,1521510	,1718115	,2045536	,1783142	,1586268	,1323353	,1649475	,2105376	,8548945	,7691076	,2893087	,2236436	,1380624	,789518	,855568	,1315608	,790029	,4933435	,1906968	,2172198	,1908256	,1249818	,1712930	,1512988	,1578523	,1976361	,
1649224	,1515054	,1188651	,1454690	,1122359	,1386828	,1386817	,1715266	,1785194	,1451071	,1322575	,1647404	,1583417	,1845554	,1777442	,1845059	,1713728	,1647397	,1780546	,1713463	,1582382	,1911622	,1782363	,1651290	,1717600	,1652320	,1520472	,1390177	,1518679	,1388635	,1255483	,2040096	,8878167	,13941904	,8350010	,3222543	,1710610	,723984	,854545	,854800	,790543	,1711899	,1382682	,1317148	,1907745	,2833986	,1381402	,986895	,1184272	,2570557	,
993089	,1057855	,1448485	,1522004	,1781061	,1322316	,1519694	,1585224	,1522274	,1320249	,1125449	,1382690	,1124677	,1714755	,1909028	,1449766	,1582138	,1844263	,2107453	,1910577	,1778993	,1714242	,1782102	,1454679	,1651031	,1585497	,1585234	,1258330	,1518934	,1322326	,1319734	,2104095	,9008728	,8803637	,7494449	,2368273	,2301715	,855307	,789003	,725265	,1250328	,1381655	,1645338	,1579291	,1580320	,2435629	,1775902	,1907999	,1645338	,1909288	,
1188924	,1389648	,1253424	,1519704	,1319734	,1781336	,1452872	,1587807	,1649222	,1253167	,1649214	,1383973	,1647933	,1715785	,1711655	,1186332	,1451574	,1844526	,1779768	,1912124	,1714746	,1845828	,1452619	,1716570	,1650777	,1519954	,1650770	,1519705	,1649748	,1518155	,1647925	,2039070	,8483152	,9857344	,7823165	,855307	,527625	,658192	,1249558	,2105376	,2236202	,3289911	,3222578	,2631469	,2500396	,2894640	,2959921	,3092022	,3356219	,2960436	,
1322325	,1319985	,1646640	,1320785	,1384232	,1323347	,1582659	,1390175	,1317414	,1581107	,1976898	,1383971	,1713976	,1781326	,1844009	,1645603	,1647404	,1777969	,1844532	,1649214	,1517626	,1780548	,1518404	,1518930	,1650777	,1323347	,1388372	,1716824	,1387344	,1648711	,1647407	,1382680	,7563600	,10318920	,7497530	,1513488	,789516	,526342	,1512728	,2631981	,1578781	,2831409	,1909539	,1380889	,1645601	,2371120	,2171945	,2830128	,5857635	,2041641	,
993360	,1580590	,1514276	,1386828	,1580588	,1192022	,1122090	,1319997	,1384486	,1450795	,1450279	,2105635	,1451308	,1517885	,1778991	,1646114	,1845037	,1778729	,2041658	,1976134	,1845813	,1649461	,1584707	,1388109	,1847377	,1191509	,1519445	,1584977	,1453388	,1517638	,1713198	,1644573	,7167300	,10257013	,8353884	,2499608	,460553	,919821	,1447444	,4279107	,2368807	,2041123	,1185562	,1250075	,2764594	,3226429	,1711909	,3225397	,6515817	,2568245	,
993099	,1581107	,1319995	,1321802	,1514276	,1321025	,1513766	,1450028	,1646116	,1647147	,1316638	,1975346	,1777699	,1386291	,1975859	,1844011	,2105638	,1713702	,1715258	,1649465	,1911093	,1977147	,1715017	,1847119	,1781073	,1323604	,1257554	,1388370	,1518917	,1452613	,1451308	,2040871	,7562060	,3617073	,3818278	,1381645	,592648	,526605	,1249554	,3420975	,3946292	,4345161	,1580320	,920853	,1909278	,3030328	,1512990	,3291190	,6055517	,2172460	,
1190740	,1645864	,1254202	,1517384	,1513750	,1190468	,1580071	,1513498	,1186332	,1449261	,1316122	,1449766	,1515559	,1647923	,1780022	,1450803	,1973792	,1648434	,1779507	,1779769	,1846080	,1977150	,1846852	,1649992	,1847120	,1584977	,1519695	,1584975	,1584199	,1583427	,1647658	,2565666	,8614999	,3748134	,4741933	,1714704	,657671	,657421	,1118229	,1907997	,2630693	,2763819	,1974819	,1118230	,2435368	,4147528	,1382690	,2698024	,5725523	,4474953	,
1059407	,1189688	,1580847	,1718115	,1449766	,1386315	,1320249	,1318182	,1318188	,1515046	,1646113	,1186081	,2039591	,1450542	,1648950	,1584448	,1581601	,2042430	,1845815	,1976886	,1910842	,1583421	,1650253	,1650768	,1257815	,1257560	,1585238	,1716046	,1518930	,1321288	,1582382	,2237993	,8219210	,4272936	,7832690	,1975071	,525833	,855309	,1512988	,1579294	,2170405	,3160374	,2698542	,1710628	,1909288	,2303016	,2106413	,2433828	,5200470	,4212810	,
1320773	,1186604	,1451320	,1452611	,1124149	,1386042	,1258329	,1186343	,1188661	,1319209	,1319217	,1645852	,1448735	,1581352	,1715785	,1651280	,1646884	,1778739	,1255483	,1846078	,1975865	,1714494	,1453389	,1389140	,1649748	,1519194	,1585246	,1519192	,1257036	,1584205	,1515821	,2434602	,8154205	,4272420	,4475715	,1841942	,657678	,592137	,1184272	,1382684	,1775902	,3225915	,2961974	,1906718	,2106152	,2301476	,2105124	,2434339	,5331025	,4277574	,
1389148	,1120550	,1321035	,1317669	,1452874	,1516863	,1454415	,1121838	,1581612	,1450542	,1321803	,1582381	,1318431	,1580059	,1517376	,1519948	,2041652	,1648432	,1321538	,1517885	,1648434	,1714746	,1649224	,1584474	,1651037	,1520734	,1258583	,1454681	,1453401	,1386826	,1253425	,2368800	,7630171	,2630944	,2105368	,1709838	,592398	,461327	,986893	,1512988	,1710109	,1907995	,1973538	,1644576	,2633262	,1974052	,1974830	,3946790	,6118974	,2633779	,
1260656	,1387605	,1255495	,1122090	,1192018	,1844279	,1253167	,1319738	,1452864	,1189438	,1780548	,2110794	,1517367	,1645854	,1516589	,1649214	,1779769	,1517115	,1453650	,1388108	,1585226	,1322826	,1454933	,1455457	,1455457	,1390175	,1389666	,1520472	,1716824	,1058894	,1188148	,1974049	,6510150	,2763557	,2433814	,1052426	,789005	,723982	,1052429	,1183763	,1052949	,855568	,1250580	,1118994	,1578780	,1514017	,989217	,1843742	,2501676	,1251872	,
1717602	,1653351	,1191761	,1317918	,1252916	,1453652	,1911873	,1386817	,1257300	,1717600	,1780038	,1912124	,1518154	,1382941	,1317919	,1518914	,1584709	,1714494	,1783128	,1388622	,1781839	,1389399	,1521504	,1390175	,1651041	,1389150	,1520732	,1585763	,1586529	,1519441	,1647674	,1382431	,5852995	,7100719	,1579281	,789518	,657928	,723982	,920850	,1183765	,1249554	,1250075	,3224886	,1580063	,1119769	,2370858	,1644576	,1513501	,2567985	,1580063	,
1254715	,1256523	,1060686	,1316899	,1254452	,1848410	,1389648	,1387845	,1255745	,1648970	,1188150	,1514527	,1651029	,1188914	,1646379	,1716810	,1783894	,1518403	,1585236	,1519441	,1848660	,1390680	,1390179	,1258850	,1521250	,1653608	,1456483	,1653349	,1586796	,1782617	,1780035	,1186592	,5985088	,8741694	,1316373	,855568	,1184276	,591886	,790797	,1054493	,1118491	,987671	,1382682	,1580059	,2631972	,460042	,1909539	,987156	,526606	,723984	,
1587294	,1191509	,1457007	,1187380	,1782088	,1652312	,1849170	,1519944	,1583680	,1651785	,1387055	,1647925	,1189189	,1715003	,1715007	,1978436	,1323856	,1455442	,1455444	,1257552	,1651027	,1651534	,1717604	,1587558	,1389926	,1522023	,1457000	,1719144	,1653351	,1390177	,1585488	,1977391	,7367260	,9140314	,4930591	,1249036	,1317402	,3426377	,1647394	,1843744	,1319459	,1449505	,1118740	,1315349	,1579291	,525841	,3687740	,1383965	,657679	,723985	,
1390177	,1323873	,1391731	,1453893	,1653588	,1456483	,2046552	,1585479	,1251356	,1981785	,1585982	,1716036	,1255744	,1650243	,1981273	,1781057	,1652821	,1652571	,1454681	,1324372	,1848909	,1849689	,1522792	,1458027	,1455460	,1652585	,1653608	,1653608	,1325671	,1522022	,1980507	,1979455	,6447706	,7370105	,3812636	,920589	,855560	,6255476	,2963257	,3554354	,2506563	,2176821	,460292	,1644316	,1119762	,592398	,1580321	,1184282	,789518	,527632	,
1652563	,1651031	,1586276	,1519938	,1454404	,1454412	,1520459	,1586503	,1516337	,1519166	,1518136	,1584446	,1187881	,1913161	,1652042	,1652296	,1455441	,1849170	,1783644	,1717851	,1849172	,1785184	,1521504	,1522025	,1391717	,1653609	,1456229	,1588065	,1718113	,1390175	,1588059	,2372924	,9210234	,6515045	,2303264	,1118229	,1973531	,8688008	,2305326	,2103834	,2309952	,2309436	,591373	,1447959	,1052949	,525580	,3096373	,2369579	,657679	,855058	,
1718883	,1583177	,994643	,1452860	,1516347	,1454155	,1255231	,1849172	,1916246	,1585737	,1583421	,1717325	,1317665	,1714227	,2044750	,1783629	,1717325	,1980759	,1914453	,1587805	,2376294	,2572393	,1587805	,1783395	,1719142	,1587045	,1456232	,1652322	,1389664	,1454681	,1388621	,3224888	,10065022	,6908004	,2235681	,922644	,3952184	,3883832	,789526	,1184533	,3162173	,1583662	,460299	,2697765	,592913	,922131	,2435372	,1185305	,789265	,855058	,
1191767	,1061705	,1383981	,1250843	,1584975	,1188409	,1188920	,1390680	,1589866	,2178138	,1584961	,1586250	,1781051	,2105902	,2243669	,1782858	,2307922	,2836332	,1849172	,2637413	,2701387	,2241359	,1653349	,1586267	,1390177	,1783646	,1456222	,1651290	,1454939	,1453902	,1451322	,2039072	,7827803	,8816763	,1907735	,3484954	,5268295	,1448976	,789264	,2960936	,2830128	,1716008	,855057	,1250059	,788752	,1184535	,1712158	,1118742	,657932	,723984	,
1384759	,1784145	,1713975	,1583157	,1781829	,1516337	,1384235	,1123648	,1194340	,1849422	,1782340	,1716042	,2110273	,2369585	,3492206	,3033961	,3227995	,3690890	,2175314	,3028822	,2243920	,1717584	,1848406	,1653098	,2375279	,2046048	,1913949	,1914203	,1650516	,1715785	,2961463	,1971219	,4471594	,9341820	,3944482	,8018224	,4408374	,657421	,1118229	,3881777	,2832179	,3497562	,857621	,790547	,789777	,2104347	,4080957	,1579545	,921110	,1052950	,
990769	,1517113	,1448477	,1581354	,1255732	,1121053	,2443114	,2113114	,1780299	,2309211	,1322305	,1451835	,1978937	,2368037	,3293796	,6061755	,2966877	,2966388	,2375783	,2437714	,2570064	,2966901	,2440293	,2047080	,1913952	,2046816	,2177121	,1979742	,1914462	,1715793	,2436663	,1578005	,5850937	,7368814	,1314318	,5981998	,4869693	,1843485	,395787	,3157802	,5530197	,2436653	,1120540	,2898226	,1514781	,2240042	,1315349	,987156	,659735	,1052950	,
1256012	,1249818	,1514781	,1121830	,1318691	,1187883	,2502714	,2175047	,1454402	,2242907	,2111572	,2042943	,2567736	,2501676	,2633024	,6060728	,2964830	,3029853	,2966380	,1848410	,2637411	,3163506	,1981025	,2703992	,2243693	,2572913	,2244205	,2571628	,2703729	,2307678	,2110276	,1118743	,6112294	,10524788	,3619115	,5658950	,5662034	,3291695	,855570	,1974817	,1910828	,6585706	,3028521	,1644573	,2237475	,4611665	,4676166	,988186	,726043	,1053468	,
2109771	,1778218	,1646114	,1188661	,1515561	,1718613	,1712425	,2237740	,2636107	,4215677	,4810125	,3888755	,3884893	,2896181	,2304295	,3753844	,2111832	,2308698	,2112871	,2836342	,5336742	,4085127	,3164019	,2376312	,3428749	,3232140	,2773388	,3100041	,2837384	,3230841	,3819367	,1645605	,2368799	,8480328	,2960159	,4931893	,5988176	,526603	,1052947	,2304297	,2306857	,5925723	,2764846	,4806220	,2897454	,4412230	,5330244	,1316891	,1186333	,922644	,
5927325	,4941718	,1711394	,2439264	,2441050	,1055784	,3493989	,2769259	,8229826	,10137566	,9807320	,7376840	,6258870	,2633529	,2106918	,2173513	,2440555	,3163241	,3891616	,5732274	,7375557	,4481185	,3692432	,3363465	,4216984	,4680102	,3628443	,4021923	,3891879	,4612518	,3693459	,3814213	,4340774	,5194022	,2365715	,1578003	,4608069	,1777175	,1447194	,2435622	,2172198	,3422514	,1973790	,2434339	,2171430	,2434592	,3749940	,1513498	,1645084	,1447707	,
6651826	,2044756	,2767703	,5332106	,9548256	,3489381	,4939391	,4546196	,7311047	,9279181	,6911407	,7376327	,6653894	,4743049	,3687263	,3162977	,5138597	,5270949	,6453692	,6980286	,5269152	,5073570	,4875425	,3954321	,4876452	,5928891	,5733052	,5206456	,4748475	,6193090	,5930423	,5329770	,4932907	,4473922	,2168849	,3420456	,5923151	,4146237	,3749425	,5791300	,3553322	,2369826	,2369826	,3093803	,6513748	,3551266	,6248779	,5855290	,2236710	,1974051	,
6053518	,5930143	,6259897	,7238056	,7507145	,5264780	,5269656	,7176897	,6984136	,7574209	,10203618	,9216723	,8097481	,6128328	,5927849	,6588086	,8429015	,7440069	,7111874	,4940956	,3560584	,6785214	,5203879	,4875943	,7114697	,7705551	,6983119	,6850246	,6654152	,7181779	,9019606	,7038068	,4405536	,7365191	,2103567	,2631971	,5920841	,3420975	,2565414	,4542791	,6251614	,5330260	,4342590	,5266514	,8158557	,5397587	,4541508	,9604474	,4015945	,1712172	,
4604257	,9608914	,7968717	,6052743	,9084874	,9348834	,6519737	,6388913	,8033227	,8758995	,9679852	,7178176	,7306670	,7376337	,6717114	,8162246	,8822227	,6979518	,6717629	,4284569	,6982079	,7508172	,6257341	,5402036	,7836880	,8363475	,8099278	,7706064	,7508176	,8495831	,10072284	,7433595	,5064495	,7562309	,2894884	,4144432	,5721669	,2960426	,2169888	,5726812	,7570558	,6844263	,7237220	,6450022	,9080699	,4539969	,8619645	,7036250	,6976620	,4145986	,
3290965	,7900353	,8161468	,3880030	,6975911	,8888537	,6586819	,8101073	,5797556	,5730724	,5469868	,9413325	,8294079	,8424648	,8754894	,9018831	,9149137	,5863090	,5599146	,6125492	,9677275	,7771336	,6126523	,6192573	,8756434	,10071519	,8755923	,8166354	,8032460	,9938907	,10398941	,6972793	,4404245	,6969142	,2301975	,3089699	,5856077	,3881526	,2237221	,2961714	,5987674	,3817534	,5655114	,3421238	,3554627	,1843492	,3158577	,2828840	,3749692	,2632751	,
3687804	,6775461	,6120351	,5203879	,7239849	,7704512	,6192573	,7971031	,6655173	,5333909	,5929643	,6847914	,6585530	,6913474	,7967444	,8492739	,7572936	,5796275	,5074093	,7637450	,9938906	,8100301	,6388412	,6915526	,9018832	,10266840	,9348058	,8755660	,8558540	,9873113	,10201562	,5920870	,5522475	,5782824	,1839635	,2500896	,6315593	,4537395	,2565666	,1907746	,2104865	,2236964	,2434852	,2765616	,3357755	,1777189	,4016972	,2499623	,4279117	,2107185	,
2899056	,6319272	,6645935	,8494303	,6386336	,5860000	,9219291	,7505592	,4678297	,6059948	,5798570	,7043745	,8623054	,7834568	,7704013	,6717627	,5404336	,5862836	,6521538	,8229837	,9874140	,8952789	,6651325	,7636678	,9282006	,10267104	,10069722	,9215184	,8229328	,10068950	,10462938	,5985901	,3748887	,6901299	,2630432	,3354667	,6708564	,4998463	,2170656	,3620923	,4212041	,3817273	,5921108	,4542289	,6845285	,2830128	,5066572	,2631207	,5593432	,3882818	,
4604016	,8355520	,5067914	,7962553	,3360366	,5725585	,9216470	,6588099	,6519989	,7638982	,6323122	,6976151	,9084627	,9545175	,8162506	,7505862	,6453946	,5796790	,7307711	,8689101	,9742554	,8689615	,6652101	,7242690	,9083598	,9675992	,9675735	,8690380	,7966156	,9807320	,9871573	,4871279	,2760724	,7096108	,2957336	,2366743	,5986124	,11317410	,2894884	,6448223	,5132618	,5001032	,5065283	,5594974	,7436654	,3158577	,2501165	,1646883	,4212811	,3159353	,
3883892	,7632828	,6253182	,6249358	,3821697	,5395589	,7373755	,8164560	,7370156	,7700923	,7769034	,7305642	,10136543	,8297682	,7835081	,7242942	,6257078	,6190520	,7571398	,8690128	,9543895	,8690130	,7177926	,6322109	,8229324	,9347545	,9149652	,7703241	,7046343	,9346520	,9149137	,5329518	,2564623	,5452054	,2958106	,1708560	,4998459	,13155500	,4273965	,6710874	,5592905	,5592397	,4211004	,7501680	,7172715	,3947578	,5464921	,3225145	,5265232	,4540493	,
5527678	,8092075	,5203338	,6189984	,4147556	,4017271	,7703742	,7110065	,4801911	,5926309	,4945858	,4940707	,8620473	,8690639	,7045313	,5795765	,7308224	,6257854	,7702473	,8231119	,7770315	,7769806	,7374278	,6584764	,7834827	,8361425	,8295117	,7112136	,6651849	,8033752	,8360660	,5920878	,4274199	,5123867	,3352094	,1971219	,5592898	,6445132	,3418656	,5661522	,6120532	,5329736	,5529946	,7173733	,6184793	,3815992	,8095100	,7106925	,4607048	,4343114	,
5590650	,6119324	,3817334	,8622276	,2439767	,4679324	,5005720	,3696290	,4155552	,6057119	,2707344	,4021153	,6057897	,6913204	,7441348	,4284325	,6256565	,7769553	,7111108	,7308224	,7440837	,7572427	,6650302	,6256062	,6980298	,7704787	,7177928	,6455237	,6125759	,7441870	,7835597	,5461097	,4667930	,5255455	,2760475	,1118229	,6645594	,3157802	,3024409	,6052429	,6976099	,6515035	,6845285	,7372917	,6712929	,3421236	,5132618	,7699826	,5330262	,4409673	,
4013928	,2834289	,1583455	,6976436	,4610709	,4610452	,3494801	,4680354	,3034751	,6846117	,3098750	,2450099	,5273281	,6846646	,5794723	,4085657	,5663147	,7441352	,6386872	,6190774	,7376840	,6848961	,6255035	,5071539	,6519234	,7309261	,6388929	,6060738	,5863359	,7374280	,8361163	,5197157	,3747095	,5650715	,2957856	,854798	,6710100	,3616556	,3091495	,5197890	,6710357	,6451297	,5989725	,6911596	,4474433	,3617334	,4276032	,6184267	,4738384	,5329494	,
4739969	,5795749	,859457	,5724562	,3756683	,5068163	,2246516	,2964060	,1460355	,4347254	,2380170	,2905746	,3885675	,5792665	,5992364	,4480930	,5139375	,6915778	,4940453	,6848451	,7309512	,5928376	,5270709	,4547500	,5337013	,6322366	,5664954	,5532854	,5466806	,6715586	,7767735	,5065818	,4603431	,4994591	,4734514	,5395527	,6316882	,3553323	,5390898	,4343866	,5593155	,8227187	,7964277	,5988428	,2632999	,1317402	,6976877	,5921619	,7496795	,6250058	,
5597865	,5593494	,1974602	,3949682	,1914486	,3427717	,1852258	,1655156	,1981803	,2373446	,1854085	,2444932	,3881286	,4017257	,5533093	,4810669	,4810410	,6189751	,4350118	,6980036	,6058670	,5993401	,4679855	,4481707	,5007538	,5533103	,4745905	,4415654	,4480164	,5402034	,6385043	,4341574	,4273435	,5850404	,2302494	,4407091	,6379854	,3879720	,4797992	,2566440	,5330234	,8684389	,8422256	,6054999	,1976623	,2174768	,8359823	,7962242	,9277853	,5201256	,
4942497	,3294851	,1648472	,3425635	,1715544	,2702931	,3628176	,1134993	,2966901	,4548239	,3169688	,2312560	,3620943	,3622501	,5992613	,6125240	,5202599	,5730482	,4152228	,5796273	,5532323	,5402287	,4086948	,4481194	,4613031	,4152990	,3759778	,3691929	,3429016	,3890589	,4806522	,3420987	,3614488	,4929310	,2301716	,1644566	,6379854	,2039324	,1908256	,3684660	,6910557	,7700075	,6777179	,5594464	,6185320	,4738652	,5266536	,7044479	,4015452	,3883612	,
4411516	,1649738	,1060450	,3227484	,2574202	,2833999	,3754089	,3163516	,3623806	,4609145	,5468593	,3559014	,2704230	,3361144	,5729969	,6123701	,3689611	,4742807	,3167893	,4086427	,4940957	,4481443	,3298202	,3494550	,3560854	,3561119	,3364255	,3297684	,2445461	,2904469	,3360871	,3946042	,3548944	,7823165	,4341560	,1445906	,3419178	,1842968	,2302757	,2236451	,4145210	,6318687	,3356207	,2304297	,2566954	,1316122	,3093811	,5597019	,1184535	,1183763	,
4214900	,1912643	,3488619	,2767693	,1390957	,4018546	,2968681	,4412041	,4677256	,2634816	,4812971	,3166062	,2117000	,3494803	,4744102	,5073833	,2836863	,4545428	,4480413	,3494275	,4086409	,3889559	,2903440	,3428755	,3822476	,2708884	,2576530	,2641549	,2379414	,2642321	,2901086	,4341299	,4208675	,6642248	,3681839	,526342	,3090464	,1381144	,1710109	,2237213	,3884857	,3423281	,4540469	,5794137	,2434852	,2963246	,2039322	,7768186	,2304043	,1315351	,
3488344	,5008030	,4014678	,2896967	,1125727	,4212577	,7310803	,3557763	,4414864	,7703492	,7443144	,4021644	,3036057	,3165070	,4020892	,4152729	,3229560	,4479627	,4677014	,4150660	,4019587	,3297933	,2967944	,3493768	,3691667	,3428495	,3101072	,3231376	,2838927	,2903693	,4478052	,4209976	,5128746	,6245171	,3022102	,986636	,5721663	,3420974	,3094052	,1842717	,6846055	,5068874	,4341809	,6780513	,5269594	,6253407	,2499875	,7038814	,1841952	,1118481	,
1978688	,2764621	,1920382	,2115456	,2177111	,3422550	,8559330	,5397899	,2570852	,8294610	,7308735	,6321331	,5137057	,4282523	,3492219	,3689852	,2837120	,3558021	,3427975	,4479115	,3887752	,3362184	,2967946	,3231366	,3626124	,3036039	,3230339	,3427468	,3363465	,3494799	,5201007	,4208181	,4142884	,9404010	,3221537	,197127	,5854537	,6641482	,8614995	,4013112	,7040605	,5987923	,5198147	,6976871	,8554632	,4409923	,3420984	,2631459	,1975848	,1316122	,
2372676	,2172198	,1854337	,3032433	,3028042	,2960713	,6451888	,5201543	,1916262	,3493511	,5197960	,6913204	,6452666	,4084616	,4342099	,4214397	,2903424	,3491703	,3231881	,3362686	,3363464	,3363467	,2574210	,3362689	,3625354	,3821436	,3622786	,3755402	,3625348	,3558533	,4410461	,3749164	,4340770	,6774861	,1776920	,723723	,6117712	,6245699	,7693646	,7103567	,6905686	,6841184	,6973280	,6316130	,6381159	,5658460	,6055274	,5068381	,3886417	,1250328	,
2369577	,2108472	,1589114	,2770300	,2502731	,3161709	,2109503	,2312308	,4414109	,3429507	,3427717	,5794987	,5925809	,5133422	,4407353	,4016759	,3166850	,3097711	,3690112	,4148332	,4279669	,3822208	,3295362	,3753846	,3886712	,4018045	,3690111	,3819639	,3886208	,3623806	,5065558	,3814187	,4010524	,7492391	,4142631	,2234903	,6446423	,6575689	,8285783	,7958108	,6578269	,6774874	,7169895	,7431786	,7499113	,7105654	,7236729	,7369873	,3423045	,1052690	,
2632759	,2378102	,1127532	,1587297	,1391992	,1916018	,2240569	,2770047	,3492469	,4605518	,4277074	,3885420	,4280709	,4671840	,3948887	,2965876	,3360883	,3885950	,3821436	,4542063	,4279417	,3886703	,3622260	,4017271	,4672107	,4672877	,4475502	,4213108	,4737908	,4476016	,6379098	,3878186	,3812116	,9070899	,3220250	,1710105	,7103575	,12361565	,14070653	,12297349	,7761767	,5984591	,6908514	,7629930	,8023923	,6973555	,7630710	,8157842	,4341846	,658439	,
6502463	,3158866	,1259116	,1457528	,1654127	,2762277	,1712938	,1715791	,2763316	,5129512	,5063456	,4538429	,4409170	,4737374	,3098753	,2900596	,4475492	,3424879	,3492469	,4672617	,4804465	,4410483	,4212075	,4343142	,4868706	,5132131	,4672360	,4868456	,4672607	,5131364	,7889235	,4469545	,3154704	,10189131	,3748386	,1183761	,6837308	,14795663	,13674854	,12820335	,11111019	,9465943	,12824722	,8286066	,8682104	,8813433	,9341579	,7826295	,4276294	,1514527	,
6242086	,3353625	,4277834	,1651031	,2435897	,3487556	,2170643	,2960148	,2432787	,4536359	,4208935	,4471602	,5260083	,4606563	,3097982	,3817309	,4738149	,4145761	,4540519	,4869737	,4804447	,4606827	,4605284	,4737622	,4999767	,5065299	,4670551	,4736344	,4999765	,4933462	,8019526	,4798502	,3024660	,9070130	,4074528	,3421737	,9927497	,12555357	,12027721	,9727559	,9071449	,6964780	,13939063	,8353383	,8353902	,7628128	,7957604	,6183515	,4409436	,3360861	,
4207394	,2630429	,5059906	,3816256	,2302246	,2565676	,3683094	,4274953	,2235931	,3617059	,4012583	,5062704	,5390639	,3622760	,2835578	,4603467	,4737633	,4277072	,4670553	,4737882	,5327691	,4802396	,4670041	,4933966	,4671051	,4933194	,4735815	,4473164	,5260617	,4604746	,7559496	,5060136	,3813397	,8483152	,2629915	,7498072	,10584660	,8410408	,7750948	,8017980	,7496793	,5322267	,13545077	,9271898	,6313810	,5589834	,5721158	,4342350	,3884382	,4345464	,
3221790	,1848406	,4339290	,6504484	,1974041	,3024673	,2500637	,4209679	,4009246	,4667666	,5062434	,5456933	,5062711	,3294314	,3753323	,4669749	,4147301	,4145999	,4473681	,4933711	,4933962	,4605010	,4342864	,4671303	,5064780	,5325122	,4603970	,4734788	,4735808	,4800831	,7361599	,4732446	,3351318	,9337966	,5327164	,9337693	,7954497	,9202745	,9788968	,9861455	,7495505	,10255944	,8280893	,4734516	,3485750	,3684416	,3882565	,3093825	,2961473	,3224912	,
3354403	,3357271	,4666440	,6046750	,2829075	,1972512	,2958626	,3549722	,4799011	,2828060	,4997663	,4864798	,3881535	,3425661	,4081999	,3881789	,3556449	,3948885	,4538963	,5195856	,4672081	,4735815	,4669761	,4933184	,4931644	,5063489	,4341311	,4407355	,4866103	,5259064	,7821619	,4075290	,2170907	,4144700	,3749415	,7693893	,6047538	,8610361	,6961953	,9533270	,8417105	,12886116	,8153165	,9799784	,6249529	,3750462	,2828848	,3883329	,2303535	,1908007	,
3223580	,3613734	,4799015	,3947823	,1515298	,1973539	,2892323	,3422024	,4536870	,3091758	,4536108	,4076333	,4209464	,3555168	,5064003	,4078402	,3751238	,4604515	,4734784	,5390915	,5261382	,4736065	,4408123	,4998450	,5128497	,5456440	,4668981	,4865584	,5129779	,5194289	,8545330	,4731932	,4471582	,3227181	,2040094	,4273965	,7234633	,9530172	,11107644	,12492148	,10849639	,8740654	,9996149	,10125677	,5195329	,6579038	,3814713	,5263178	,3683897	,2829361	,
2105114	,3223069	,5783588	,9072909	,2899789	,2567734	,1390437	,3295078	,3024938	,3748410	,4143152	,3881538	,3095377	,4537395	,5195065	,4342330	,3752772	,4605010	,4473148	,4933446	,5390914	,4800066	,4276284	,5785646	,5390898	,5457709	,4603190	,4668723	,5260082	,5522225	,9859145	,5587755	,3945762	,7234635	,5396279	,7627340	,11181453	,9267780	,12885079	,11830884	,12755320	,6570537	,3482417	,5652546	,4405823	,6642783	,4341311	,3487029	,3683895	,2960434	,
1645074	,5262614	,5390111	,6967315	,6446638	,4210225	,2764880	,4408921	,3092269	,2762542	,4603703	,4012342	,4275257	,4800820	,4998461	,4670790	,4472119	,4605520	,4802099	,5194297	,5129524	,4866873	,4340533	,5785646	,5260340	,4735542	,4669234	,4735538	,5259566	,5654310	,9661505	,5718314	,4011807	,6183238	,8617038	,9470047	,11309446	,9925192	,13676392	,9793603	,11638128	,5914135	,5986124	,9074534	,4273722	,4997445	,3813936	,4869193	,3750714	,3026226	,
1776401	,7627789	,4405284	,4338962	,6310417	,4864036	,3615257	,5456671	,3289398	,3421498	,4668723	,4079168	,4930597	,4931896	,4931895	,4931904	,4668723	,5063230	,5391152	,5522233	,5719863	,5194289	,4603188	,5456941	,5129259	,5457194	,4736041	,5062961	,5128748	,5654571	,9530685	,5586462	,3484950	,4208934	,6971704	,8679501	,11508877	,10385740	,13411171	,9660735	,11968122	,5979676	,4076347	,8611414	,3879216	,4340798	,3486770	,3157812	,2631461	,2565675	,
2695957	,6772490	,3484434	,4799757	,4077374	,4143405	,1841942	,3353628	,3224383	,2570324	,3685194	,5062711	,4735021	,4735027	,4996659	,4932921	,4341049	,4538680	,5194289	,5063482	,5392179	,4931893	,4669236	,5326127	,4473395	,5325873	,4997172	,4735279	,4866865	,5456682	,9135674	,5191200	,3681300	,4736844	,6967343	,8416327	,10585204	,10253630	,13015895	,9135422	,11637098	,6310684	,6315097	,10518643	,3548713	,4144179	,3420458	,3421226	,2630693	,2039585	,
1648436	,3619616	,4272921	,4668195	,4738159	,3883327	,3025438	,4601886	,3288888	,2830136	,4538686	,5260845	,4997411	,4603695	,4930350	,4997170	,4669234	,4801082	,4931391	,4867394	,5261625	,4472887	,4669999	,4604722	,4801080	,4341301	,3947831	,4407091	,4538163	,5326127	,8215342	,3680280	,3287573	,2630681	,1315084	,5915427	,5388579	,10253376	,12687448	,9858367	,13875590	,7953710	,2892330	,6178374	,3352624	,3025447	,3948083	,3880496	,2763819	,2632229	,
2239282	,3486239	,2564888	,5916696	,5522985	,4537135	,4078113	,3352848	,3419169	,3552544	,5061433	,5652531	,5193761	,4404781	,3949108	,4800830	,4539191	,4867394	,4801331	,4408129	,4670272	,4276797	,4604470	,4801082	,4801335	,4408121	,3749940	,4407355	,4079166	,4801333	,7953969	,3943443	,4407853	,4403752	,5327667	,5983787	,4600862	,10120769	,13278813	,9728062	,12165503	,7362604	,5721673	,9995886	,4010289	,3880498	,3420207	,2893613	,2435368	,2829612	,
7629072	,5326602	,1579024	,4471572	,3883075	,3486251	,4406303	,3026739	,3551015	,4470818	,4603701	,5390889	,4801072	,4143922	,3817799	,5260090	,4473662	,4538686	,4866352	,4736569	,4605510	,4276806	,4407872	,3686979	,4277321	,4407879	,3488834	,3817031	,3882824	,5261631	,8216642	,3351832	,4209184	,2433310	,4864042	,3813674	,3353366	,10647875	,12426068	,9200956	,12099710	,6901799	,3549740	,8676441	,4339254	,3881785	,2830126	,3553331	,2500136	,2238767	,
2831409	,3683873	,3025698	,3549977	,2175554	,1125196	,3882049	,2373721	,2765365	,4012847	,5655619	,5457192	,4142629	,4079417	,4343118	,4932145	,4867645	,4539191	,5063749	,4539709	,4671051	,3948617	,4540244	,4211791	,3883345	,4539729	,3488846	,3488333	,3949398	,4802637	,8086864	,2696224	,3418389	,1447187	,1446415	,2171177	,3945252	,11435071	,12556113	,9529151	,12296574	,6967852	,5720909	,11374722	,4272444	,5002848	,5662585	,5597821	,5400969	,5666194	,
2306112	,532299	,2307644	,2303535	,3030605	,3753275	,3619401	,2441309	,2767192	,4605518	,5526351	,4802099	,4798239	,4800056	,4670541	,4735289	,5127980	,4736318	,4934214	,4671814	,4474450	,4277321	,4737622	,3819354	,4081494	,3753561	,2701908	,3095898	,3883612	,5000795	,7431778	,2762279	,4932907	,2369059	,4206112	,6512994	,5982784	,13080672	,12623959	,8673583	,12031343	,7031078	,2169629	,5062463	,3551031	,6252932	,6846871	,6846618	,6454179	,6586535	,
5654551	,3948093	,1191256	,2567754	,5853255	,4671028	,3620933	,3818073	,2768479	,3753558	,4868173	,4407100	,4341809	,5065032	,4147036	,4015440	,4605249	,4539725	,4803141	,4867150	,5197144	,4409940	,4673885	,4343645	,3622491	,3688033	,3096409	,2702941	,3688805	,4935779	,7627107	,2828070	,4339230	,2104345	,986634	,4272434	,7031614	,14001008	,13148251	,8608821	,9795672	,6637345	,3879467	,8020051	,6182724	,7173252	,6451600	,6191247	,6256537	,6323363	,
4075780	,3620406	,1126494	,3094866	,6182440	,3358525	,4080984	,4670543	,3030877	,3489371	,4342867	,3355969	,4406842	,5329495	,4868944	,4869973	,4737609	,4671565	,4671301	,4934226	,4804445	,4212829	,4147036	,4081245	,3950690	,3293285	,3490405	,2702429	,3819878	,6117736	,10715244	,3222820	,4142112	,1513488	,723975	,1118220	,3285522	,12951167	,13346926	,8871472	,12163967	,6440221	,3090212	,6508871	,10261606	,8490126	,6187918	,6451862	,6190746	,6191778	,
4931081	,2240062	,2109788	,3685964	,1977147	,3684917	,5065800	,5132354	,3293275	,3424085	,3883594	,2897212	,4933444	,5065047	,5000527	,5328473	,5065809	,4934226	,4473936	,4672343	,4343902	,4278875	,4081763	,4541285	,4409695	,3096416	,3161950	,2702438	,4541032	,6052455	,8547941	,3354152	,4800812	,3948868	,1381402	,5394236	,3484962	,6700581	,13016146	,10253119	,11506290	,6637857	,4734527	,9861238	,9535570	,5985605	,6250096	,6255250	,6124951	,6060192	,
