756632	,1740696	,3051663	,3444879	,3184015	,3116680	,3051400	,2790799	,3184015	,3382160	,2724753	,162712	,36241	,42389	,169606	,103815	,38788	,169610	,628615	,1087881	,1548167	,3189904	,3059341	,2862475	,2730125	,2729608	,1942662	,2138501	,1876356	,3181947	,14597988	,16701024	,16569175	,16700243	,16372564	,16503631	,16503631	,16633420	,16240717	,16500791	,15050754	,13733632	,14061313	,14322945	,14060800	,13931008	,13930754	,14062336	,13735937	,13736450	,
34971	,362652	,1805206	,3248777	,3250578	,3575439	,3902855	,4362384	,4167058	,4102035	,3448216	,2791573	,491164	,29317	,100482	,38274	,38537	,103302	,39300	,562822	,1680016	,2534799	,2600332	,2664845	,2533256	,2400390	,2072454	,2072714	,757121	,10856296	,16700003	,16701273	,16504152	,16503388	,16700498	,16503632	,16699470	,16502864	,16696891	,15970816	,13603585	,14389249	,14258690	,14061568	,14193152	,14062594	,14062081	,14063104	,13932800	,13801729	,
32401	,230035	,559000	,1018003	,2003089	,3642508	,4951435	,5476489	,5280137	,5281422	,4038033	,4561555	,4560525	,2000018	,94348	,29568	,100994	,169608	,39048	,759174	,1810311	,2337166	,2336139	,2205831	,2138249	,1746308	,1941130	,429436	,7967596	,16698977	,16570713	,16504922	,16635479	,16504404	,16700241	,16438096	,16502864	,16630831	,16627456	,13735937	,13930756	,14258944	,14324226	,14324224	,14390528	,14128384	,14194177	,14260483	,13998592	,13933569	,
31633	,97940	,166805	,429208	,1018514	,1018761	,2329736	,3902857	,5215375	,6067337	,6395785	,5937032	,5936782	,6199433	,5214346	,1538450	,93061	,95355	,98952	,497033	,1220744	,1877132	,1680779	,1613712	,1220495	,300170	,1082751	,7902056	,16700256	,16701794	,16701525	,16701278	,16569943	,16700757	,16634964	,16634447	,16630564	,16692484	,14394368	,13669378	,14258432	,13931008	,14258432	,14520833	,14390530	,14326530	,14261251	,14260736	,14064385	,13999360	,
30605	,98449	,99227	,298136	,824466	,1018773	,625547	,756353	,1674123	,2724232	,4493454	,5607813	,6853514	,8098691	,8623744	,9083015	,6983046	,3375240	,684947	,94080	,31367	,228487	,33933	,231565	,1278087	,4753278	,12364392	,16701034	,16702050	,16570713	,16701021	,16700246	,16701016	,16701011	,16699977	,16694818	,16429573	,15510016	,14194691	,14193667	,14193920	,14521353	,14259713	,14259713	,14325506	,14260736	,14129667	,14262016	,14262016	,13999360	,
1939352	,35219	,32915	,295828	,297619	,626065	,952978	,1084043	,1346698	,1478536	,1740160	,2264451	,3640704	,5345154	,7179646	,8754303	,10460800	,11643256	,11708271	,10591598	,8950643	,8690042	,9477487	,10987377	,14072169	,16700003	,16702570	,16637019	,16702304	,16702301	,16439638	,16701018	,16700248	,16632899	,16694299	,16100609	,15443969	,14852864	,14063360	,14586368	,14390528	,14456322	,14259712	,14326530	,14458114	,14260736	,13998594	,14130944	,14262016	,14065152	,
9683598	,6597513	,3052168	,1477258	,1212812	,1149322	,1738885	,2395529	,3051138	,3641466	,4691325	,5478007	,6067572	,6854247	,8166240	,9676135	,10136420	,10988123	,11380302	,13216066	,16699739	,16702584	,16702836	,16702320	,16703079	,16703077	,16636254	,16702561	,16702818	,16636255	,16702309	,16636254	,16632379	,16693264	,16362753	,15704832	,15115523	,14064901	,13800704	,14914564	,14784000	,14325504	,14521856	,14325506	,14260736	,14457601	,14327044	,14129920	,14195712	,14262016	,
10008960	,10402689	,8428651	,7048554	,6654568	,7247984	,8563320	,8958329	,9415798	,9545840	,9940584	,9872997	,10266205	,10395996	,11119969	,11516258	,11318618	,11186001	,10920770	,13543234	,16307041	,16638059	,16702574	,16703077	,16572006	,16702307	,16637282	,16637799	,16703346	,16703342	,16702568	,16697916	,16692227	,16362753	,15442688	,15374851	,14981376	,14063872	,14389249	,14324226	,14585349	,14389249	,14390272	,14127872	,14324483	,14325506	,14326528	,14326528	,14260736	,14129665	,
8560237	,9414258	,8624490	,8754016	,8884822	,9147744	,10335342	,10728306	,10334833	,10465128	,10267749	,10135394	,10133592	,10397528	,11121765	,11187294	,11252055	,11577938	,11509819	,14660933	,16701796	,16703083	,16703336	,16703079	,16572002	,16637546	,16703082	,16703859	,16703095	,16702568	,16697651	,16691968	,16034048	,15770625	,15374080	,14781954	,14454791	,13534208	,14309376	,13992961	,13993729	,13928448	,14060035	,13732864	,13995010	,14389249	,14258944	,14326528	,14261764	,14195969	,
7833193	,8620900	,8886118	,9280100	,8950358	,8752466	,9411936	,10005100	,9939820	,10135393	,10135134	,10068058	,10396245	,10989663	,11319396	,11252059	,11579221	,11381064	,12690746	,15647828	,16702826	,16637545	,16703334	,16702821	,16637797	,16703602	,16704126	,16703861	,16701021	,16696368	,16560384	,16031746	,15964672	,15111170	,15109122	,14517504	,13995522	,13858051	,15076354	,14442242	,13599234	,13467648	,13860353	,13926657	,13730305	,13797377	,14124545	,14447106	,14642177	,14446848	,
8030562	,8819300	,9477737	,9543785	,9279073	,9080665	,9214559	,9872736	,9741160	,10134368	,9936472	,9871447	,10989663	,11449953	,11120988	,11449177	,11578704	,11774014	,14331970	,16372063	,16637546	,16506472	,16702821	,16702566	,16703601	,16703865	,16703860	,16568922	,16695339	,16625664	,15966464	,15768833	,15635456	,15173124	,14646530	,14188289	,14061315	,14118144	,14680064	,14883077	,14767360	,13402370	,13203972	,13662976	,13729538	,13723393	,14499584	,14631938	,14375171	,14374912	,
8689765	,8885600	,9345894	,9412197	,9345893	,9213019	,9279580	,9871709	,9739873	,9739865	,10331484	,10858594	,11122017	,11449438	,11514457	,11120463	,11512390	,12757817	,15516242	,16570721	,16637286	,16703338	,16702564	,16703339	,16703614	,16704633	,16504930	,16692007	,16624896	,16098049	,15375104	,15569152	,15240449	,14581505	,14120449	,14318592	,14585600	,14180866	,15269892	,14680576	,15011840	,14641664	,13731584	,13269251	,13460738	,14233344	,13978368	,13595648	,13534209	,13863170	,
9348714	,10070376	,10201962	,9807974	,9872487	,9740384	,9936740	,9937763	,10332513	,10858596	,11121765	,11187812	,11252573	,11251798	,11382606	,11513160	,12428860	,14399043	,16438627	,16703336	,16702823	,16703079	,16703077	,16703857	,16704384	,16704116	,16694070	,16293888	,16098817	,15768322	,15570176	,15500546	,15039744	,14644737	,14710019	,14122242	,14126593	,14507008	,15335427	,15073795	,15073282	,15276803	,14765826	,13857280	,13582342	,13646080	,13266432	,13268482	,13400320	,13729537	,
9149795	,9545575	,10203754	,10400365	,10793838	,10532200	,10728558	,10990952	,11056232	,11187559	,10991205	,10793565	,10923608	,11120723	,11381574	,12100926	,14134591	,15911512	,16703339	,16703085	,16703083	,16637282	,16572263	,16703861	,16704636	,16700510	,16685578	,15705601	,15704834	,15635969	,15372034	,15171841	,14906369	,14511872	,14447617	,14514691	,14257665	,14507009	,15007747	,14942209	,15139073	,14614529	,14876930	,14496768	,14167040	,13782784	,13464576	,13398017	,13790465	,13466368	,
11248734	,9804888	,10266209	,10332260	,10464095	,10597477	,10596971	,10793064	,10793060	,10924387	,10858847	,10792536	,10988626	,11315017	,12035134	,13610305	,15713363	,16571242	,16703855	,16703085	,16703338	,16703075	,16638058	,16704124	,16704374	,16627767	,15569665	,15771392	,15375104	,15307520	,15174656	,15171073	,14775040	,14381313	,14513410	,14317312	,14191360	,14311937	,14876930	,15073283	,15008002	,14811137	,14745600	,14942723	,14946306	,14176512	,13977092	,14172160	,14232577	,14107136	,
15452019	,13677918	,12495708	,11248732	,10724700	,10332002	,10659934	,10594654	,10595422	,10594907	,11118678	,11249488	,11314506	,12362566	,14003783	,15583317	,16440166	,16637809	,16572530	,16704363	,16572002	,16702821	,16703342	,16704384	,16637035	,16424461	,15243008	,15638528	,15177476	,15175682	,15238656	,15104260	,15036674	,14839297	,14511872	,14447872	,14583554	,14313728	,14745606	,14811650	,15008002	,14811137	,15073795	,15075331	,14878722	,14620416	,14617344	,14155777	,13893632	,13960449	,
16375431	,16439676	,15848568	,14729574	,13415005	,12495194	,11773527	,11510866	,11576911	,11642444	,12035912	,12624456	,13478729	,14793809	,16174433	,16702056	,16703598	,16703602	,16638059	,16703339	,16703334	,16637795	,16703855	,16703619	,16569171	,15634177	,15245312	,15309313	,15045890	,15174656	,15172864	,14973440	,15168001	,14774784	,14708738	,14513664	,14451970	,14185474	,15008000	,14877184	,15073283	,14811392	,14943488	,14746115	,14352642	,14614531	,14418176	,13435138	,13240576	,13508864	,
16506247	,16703111	,16638601	,16703365	,16307579	,15846767	,14925922	,14663004	,14596698	,14661721	,14728535	,15451740	,16044128	,16440166	,16572016	,16572790	,16703859	,16703602	,16703596	,16703085	,16703590	,16703075	,16703604	,16704384	,16697669	,15043072	,15376384	,15177472	,14914304	,14978816	,15041537	,15431683	,15102977	,15102977	,14710529	,14711042	,14778112	,14518016	,14947841	,15007745	,15007744	,15139328	,15139073	,14811138	,14745856	,14680065	,14352640	,14286851	,13698560	,13766912	,
16244615	,16441224	,16507785	,16573319	,16507785	,16441982	,16507264	,16374904	,16440697	,16702327	,16637296	,16703346	,16703093	,16638326	,16573044	,16638836	,16703859	,16703087	,16703344	,16703852	,16703338	,16703079	,16704116	,16704897	,16628782	,14649600	,15572737	,15111681	,14980096	,14651392	,14911234	,15365888	,15496449	,15102978	,14972161	,14908673	,14843905	,15243008	,14827009	,14942723	,15269894	,14942210	,15335938	,14942208	,14746112	,14352640	,14221824	,14680577	,14155777	,14090496	,
16505986	,16636801	,16441732	,16573061	,16507274	,16507528	,16441735	,16507268	,16704132	,16637823	,16572540	,16638072	,16638074	,16572792	,16638837	,16507250	,16703604	,16703344	,16703342	,16637805	,16703339	,16703590	,16703863	,16705148	,16298014	,14322177	,15441410	,15046400	,15045888	,14848257	,14978306	,15171584	,15233792	,15102465	,14906626	,14908160	,14909698	,15308801	,15158016	,14943488	,14942209	,14548992	,15009792	,14942208	,14680064	,14418433	,14548994	,14614528	,14286849	,14024706	,
16440192	,16636801	,16375940	,16573572	,16441733	,16638599	,16703877	,16637569	,16572794	,16704127	,16441471	,16638076	,16704119	,16637554	,16703860	,16637809	,16703089	,16703852	,16637805	,16703338	,16703595	,16703338	,16704374	,16704633	,16165400	,14125568	,15244547	,14980864	,14979843	,15174913	,14978304	,14977024	,15168512	,15102208	,14972161	,14710529	,15040257	,14980608	,15223296	,15008002	,14811392	,14811137	,15009540	,14877954	,14812161	,14614528	,14680064	,14483713	,13959172	,13762560	,
16308864	,16571260	,16572291	,16637829	,16375682	,16375942	,16507264	,16704640	,16704387	,16375929	,16442235	,16638583	,16441457	,16704117	,16703091	,16704116	,16703085	,16703600	,16638058	,16703592	,16703339	,16638056	,16704373	,16704376	,16361497	,14191106	,14982656	,14914816	,14913538	,15239168	,15108864	,15108609	,15233794	,15233026	,15233024	,15037954	,14973440	,15044610	,15097856	,15007749	,14811137	,15008000	,15204866	,15010561	,14880256	,14680065	,14680064	,14090496	,14024706	,13894656	,
16374912	,16571513	,16441724	,16703111	,16637569	,16703365	,16507266	,16178553	,15519088	,16572279	,16704637	,16703867	,16704118	,16637554	,16703605	,16637807	,16703085	,16703342	,16703339	,16703595	,16703847	,16703338	,16704116	,16704378	,16362009	,14191106	,14982656	,14913792	,14978306	,15042560	,15108098	,15172610	,15036674	,15036161	,14839296	,15036928	,14972672	,14977027	,14908160	,14616833	,14614529	,14812160	,15337986	,15208192	,14749184	,14745858	,14811140	,14090240	,14024704	,14092288	,
16374657	,16571258	,16507517	,16703629	,16704643	,16638336	,16704648	,13084750	,11306798	,16043364	,16702836	,15123804	,16505708	,16638323	,16637809	,16703344	,16638059	,16703089	,16703595	,16703849	,16703847	,16703082	,16704114	,16639101	,16296984	,13928449	,15180288	,14912513	,15042816	,14978306	,14844673	,14908160	,15102208	,15169540	,15102977	,14839808	,15037954	,14778112	,14519044	,14621696	,14680064	,14680064	,15010561	,14878976	,14943488	,15009280	,14745856	,14417920	,14090499	,14090240	,
16571260	,16572283	,16438126	,12426817	,15781223	,16704395	,16243576	,10914869	,13345601	,16039508	,13544784	,10977841	,15320145	,16704373	,16703859	,16703091	,16704101	,16703085	,16703851	,16704104	,16638310	,16703591	,16703347	,16640123	,16102428	,13664514	,15180544	,14915331	,15109120	,14844673	,15040256	,15037954	,15102465	,15103745	,14972162	,14838786	,14579456	,14842369	,14782464	,14630657	,14614528	,14614529	,15009280	,14681345	,14745858	,14745856	,14745857	,14745601	,14352642	,14024704	,
16506490	,16703364	,13414219	,10518831	,15052874	,16703101	,14467164	,11505979	,14922840	,14593600	,11112242	,13346631	,15185488	,16573043	,13150277	,14003264	,16703085	,16637807	,16703595	,16703077	,16638307	,16703587	,16703338	,16704896	,16497711	,13597440	,14983168	,15111681	,15174404	,15105792	,15104258	,14973953	,14908160	,14841088	,15035648	,14904324	,14446848	,14776833	,14583809	,14444547	,14550019	,15269888	,15007748	,15007746	,15007744	,14417920	,14876930	,15204352	,14286848	,14025217	,
14660693	,16702330	,11573051	,12951885	,14854479	,16239203	,12757837	,12820810	,15317853	,12951873	,11506745	,14725974	,15317071	,14992469	,10783026	,14526790	,16570213	,16703849	,16638310	,16703079	,16703589	,16637284	,16703841	,16704894	,16631617	,13727744	,14849792	,15045377	,15042305	,14975744	,15103745	,14777088	,14975232	,14973953	,14772992	,14837250	,14773761	,14711042	,14581251	,14321152	,14751488	,15007744	,14942724	,15204352	,14680064	,14352642	,14745858	,14881026	,14221570	,14420994	,
14329159	,14989136	,11375420	,14462550	,14988118	,14987338	,11443521	,14266967	,15383642	,11507521	,12165187	,15055444	,15118917	,12098104	,13412172	,15251281	,16504417	,16703348	,16638310	,16638050	,16702818	,16702817	,16703582	,16704370	,16700757	,14384385	,14781186	,15110402	,14913024	,15108096	,14778368	,14908162	,15235844	,15234817	,14707458	,14967809	,14641664	,14512640	,14776322	,14518784	,14566145	,14811138	,14752000	,15139840	,15401218	,14811137	,14877954	,15017984	,14551040	,14614529	,
15316822	,13673286	,10981694	,15053660	,15251288	,13673798	,11048767	,15187037	,14201939	,10589240	,13149264	,15251288	,13411907	,11572799	,15056221	,15382096	,16110172	,14663242	,16504152	,16638050	,16637787	,16702807	,16703578	,16703588	,16637797	,15566850	,14318592	,14781952	,15044610	,14846720	,14909440	,14776833	,15037184	,15099648	,14771970	,14967809	,14444288	,14839043	,14578688	,14713602	,14118401	,14616833	,15211521	,15075072	,15007747	,15204352	,15406850	,14901505	,14698752	,14489089	,
15382613	,12623945	,11113280	,14593361	,15186265	,12296522	,11376200	,15448917	,12953164	,10917702	,13806162	,14989651	,11902015	,12559948	,15516002	,15580744	,12820789	,11833140	,15777609	,16703585	,16440416	,16702554	,16571224	,16703320	,16638826	,16490252	,13856000	,14977025	,14978816	,15174913	,14779136	,15102977	,14906880	,14968322	,14967809	,14770432	,14837504	,14904579	,14578432	,14646017	,14189568	,14625025	,14942976	,15206145	,14811138	,15008770	,15210241	,14780928	,14713856	,14636035	,
15644756	,11573828	,11835971	,13869124	,15185745	,11047746	,11900484	,15184205	,11245127	,11902546	,14330705	,14068557	,10917439	,14069584	,15452761	,14397260	,12097077	,14726740	,16040781	,16637282	,16703326	,16702301	,16703065	,16702295	,16704100	,16693801	,13724161	,14909952	,15043072	,14913538	,15041280	,15102465	,14906881	,14641154	,15032576	,14770432	,14967296	,14575872	,14578432	,14710272	,14451968	,14508035	,14811650	,15409154	,14951424	,15273985	,15869954	,15694594	,14655232	,14649089	,
15119704	,11113026	,12360272	,13474117	,14062905	,10324025	,12292413	,13275447	,10194495	,12492361	,13541187	,11900475	,11704388	,14463317	,15449687	,12098617	,13479240	,15712083	,14134329	,12821047	,16043081	,16703322	,16637268	,16702294	,16703837	,16699465	,14382848	,14450176	,14844928	,14976512	,15107331	,15169024	,14905090	,15035395	,15162880	,14770178	,14836225	,14708738	,14577664	,14710530	,14450176	,14190080	,15279360	,15489026	,15164160	,15215616	,15560192	,15944963	,14852097	,14656260	,
14525768	,10323774	,12093500	,12809774	,11887132	,9731126	,12285481	,11628072	,9994806	,12617277	,12680752	,9995576	,12097862	,14526536	,13477949	,11377212	,14595920	,15382864	,11178797	,13213250	,15908681	,16703067	,16703063	,16636757	,16702297	,16702554	,16159232	,14381313	,15041537	,14974208	,15103748	,14644736	,15100675	,14904576	,14639873	,15097088	,15033602	,14773763	,14643456	,14840833	,14384385	,14321152	,14507009	,15559170	,15290880	,15287296	,15245060	,15217665	,15042305	,14724609	,
13525530	,10253620	,12478761	,13195032	,11557910	,10057520	,13000476	,10774308	,10255158	,13068836	,11562530	,9601337	,12616764	,13207596	,11309617	,12426566	,15449687	,12888386	,12755264	,15120722	,15975757	,16637015	,16702038	,16702542	,16702287	,16703065	,16691740	,14515461	,14779648	,15104256	,15101186	,15036416	,15099905	,14707457	,14772993	,14835714	,14770432	,14641665	,14641920	,14774784	,14710529	,14581505	,14123776	,14898692	,15219456	,15369472	,14724097	,15154944	,15233024	,14791168	,
13255687	,10121519	,13000225	,13521680	,10969371	,10056237	,12868888	,9990187	,10843186	,13197592	,10645026	,9992753	,12873253	,11563549	,10781745	,13669956	,13542715	,12100156	,14333009	,15185485	,12162610	,14266169	,16701513	,16702802	,16702037	,16571477	,16697910	,15175168	,15044099	,14908672	,15101440	,15100160	,14838784	,14903296	,14905090	,14705668	,14772993	,14709251	,14838017	,15167233	,14776322	,14581251	,14124032	,14119681	,15236612	,15248384	,15116545	,14959360	,14841088	,14594304	,
13256967	,10514733	,13000476	,13455887	,10445597	,10382892	,12279063	,9466412	,11169320	,12869399	,9793831	,11171889	,12674583	,10319399	,11370030	,13533742	,11241775	,12885565	,14395972	,12951608	,12230205	,15052870	,16570187	,16702037	,16702546	,16702030	,16699977	,16162304	,14580224	,14840322	,15101186	,15100160	,14707200	,14903296	,14707458	,14641664	,14903810	,14707712	,14838016	,14970370	,14448640	,14515969	,14189568	,14059520	,14451712	,15179267	,14784256	,15021828	,14650880	,14594051	,
13060615	,10580011	,12999963	,13390094	,10118172	,11103527	,11755289	,9466669	,11759398	,12083225	,9466922	,11758895	,11626270	,9795375	,12219687	,12023073	,11306549	,13338923	,12292138	,12032824	,14398024	,13280824	,12622894	,16501826	,16702802	,16702027	,16701521	,16691728	,14378496	,14964736	,15165441	,14903297	,14967809	,14838531	,14772224	,14839808	,14836736	,14769920	,14707712	,14643458	,14644224	,14515969	,14649602	,14257152	,13729284	,14897920	,15290368	,15034882	,14723584	,14789377	,
12929030	,10513707	,13391899	,13193742	,10250268	,11430685	,11035675	,9598768	,11954465	,10970911	,9926442	,12151076	,10251298	,10450735	,12283171	,10844199	,11894565	,12614430	,10913580	,12751926	,13017141	,11244588	,13476412	,16106302	,16702802	,16571216	,16635980	,16565035	,14840322	,14699776	,14967296	,14838017	,15033602	,14969603	,14903296	,14903809	,14707970	,14967809	,14772992	,14970881	,14709251	,14449665	,14454784	,14257664	,13733376	,14383875	,14911491	,14658304	,14659586	,14592772	,
12995336	,10710572	,13326872	,12734986	,10251296	,11431197	,10643486	,9730607	,12019741	,10120225	,10516263	,11692827	,9926694	,11171111	,11170343	,10780205	,12352295	,11107109	,11567148	,12354599	,10849319	,13017149	,14397504	,13213740	,15713850	,16701260	,16701261	,16699453	,15633664	,14178819	,14507008	,15035393	,14838784	,15034113	,14707971	,14706945	,14775042	,14839554	,14969602	,15101440	,14709248	,14776833	,14453504	,14324226	,14193152	,13603584	,14198530	,14790656	,14658816	,14528000	,
13191685	,10644777	,13523220	,12932363	,9922594	,11692063	,10381342	,9991976	,11430171	,9270304	,10777893	,10907421	,9599271	,11563298	,10319911	,11434794	,11564325	,10846255	,12747558	,10977580	,11633451	,12948783	,11441708	,12622128	,15118906	,16701766	,16701770	,16635970	,16690696	,13989632	,14837763	,14773250	,14645249	,14903810	,14641408	,14774784	,14838786	,14513410	,15102465	,14904576	,15168771	,15040256	,14910468	,14194432	,14324737	,13997058	,13538817	,14264577	,14790400	,14658050	,
13649664	,10709280	,13326357	,13062918	,10054430	,11428889	,10186016	,10188074	,10579226	,9139240	,10710570	,9728804	,9926696	,10843424	,9796650	,11433507	,10583597	,12683570	,11304740	,11240238	,12090155	,10846245	,11899187	,14200125	,15448380	,16701516	,16702536	,16702535	,16695587	,14256901	,14453760	,15372035	,14913024	,14644736	,14772224	,14642945	,14708736	,14840576	,14778112	,14381313	,13270784	,12026115	,11828225	,12421378	,12750592	,13931520	,13800449	,13670146	,14461184	,14462465	,
13649665	,10709793	,13262357	,12997125	,9791774	,11428891	,9727266	,10252838	,10644514	,9008681	,10318371	,8812842	,10515750	,9992229	,9795624	,10450985	,11570228	,12093745	,11372849	,12157487	,10649126	,11173162	,12944683	,12753199	,12031535	,15448370	,16636239	,16702797	,16700217	,15244033	,13601280	,15377664	,15511296	,14782464	,14710529	,14838016	,15103745	,14187266	,10255616	,7634944	,6387716	,6517762	,6780164	,6910722	,7501056	,8682496	,10979842	,13078528	,13670656	,14526464	,
14043648	,10841115	,13066511	,12996868	,9857053	,11297818	,9597220	,10317601	,9858848	,9139238	,10056991	,9075245	,9992225	,9010473	,10189353	,9994027	,12028976	,10388779	,12554813	,11042856	,10649641	,12220458	,11632163	,11175461	,12819762	,12097064	,15316269	,16702019	,16702281	,16365841	,13140225	,14259460	,15446277	,15510530	,14914816	,14974212	,12614657	,7504896	,5929734	,6647552	,6908929	,7368193	,7694592	,7498497	,7433472	,7433474	,7237888	,8420101	,11044610	,13210884	,
14108929	,10839575	,12605708	,12799746	,9922586	,11101460	,9531935	,10383387	,9335327	,9664038	,9532706	,8943912	,9599524	,9076527	,9730859	,9732907	,10650409	,10849841	,11700787	,10255407	,11304746	,10975781	,10582822	,11632422	,10848292	,12360239	,13082154	,15120430	,16635970	,16700214	,13800449	,12814336	,14720771	,15578625	,15708161	,12290306	,6390272	,6320384	,7105281	,7498499	,7628802	,7497472	,7694338	,7758336	,7825409	,7497218	,7825921	,7433984	,7631104	,9207040	,
13648384	,11164943	,12343823	,12799489	,9725464	,11101720	,9334046	,10186016	,9204002	,9401890	,9139751	,9272364	,9075494	,9403950	,9141807	,9470252	,9535536	,11046194	,10322734	,10847788	,11173930	,10714923	,11041324	,10319911	,11501865	,11503659	,11044650	,13277740	,16238901	,16701255	,16102921	,12091651	,13469952	,14655744	,12424448	,6260482	,6648320	,7367427	,7564290	,7957248	,8153346	,7890688	,8218112	,8349696	,7955968	,7890434	,8022018	,7628291	,7564032	,7499777	,
13256451	,12342538	,11557393	,12995074	,9264403	,10641430	,9661469	,10252062	,8810271	,9205283	,8419367	,9533994	,8617768	,9010735	,8748590	,9274156	,9537326	,10127665	,10258222	,11438385	,10518320	,11108400	,9927214	,10714921	,10254119	,10517542	,12818230	,14396474	,16503356	,16702277	,16502825	,14064640	,13408512	,14199296	,7707136	,6913280	,8548867	,8154625	,7892480	,7761411	,7956480	,8219139	,8217857	,8152320	,8283905	,8677120	,8611330	,8020739	,7693825	,7825922	,
12929794	,12339200	,10835984	,12930053	,9132306	,10509844	,9069847	,10185756	,8679966	,9139490	,8354342	,9009701	,8551464	,8486449	,8618033	,8880940	,9340976	,9603121	,11441465	,10586669	,11044662	,9992754	,10387245	,10253867	,10057517	,11697707	,13342003	,14990402	,16702277	,16702285	,16700469	,15383816	,14202881	,10793217	,5735940	,7959297	,8746496	,8877056	,8810497	,8678400	,9202945	,8875264	,8808960	,8611841	,8283650	,8217600	,8152576	,8022018	,7824896	,7760129	,
11944706	,11749120	,10178573	,12341253	,9396502	,10838034	,8283927	,9856281	,7956253	,8679968	,8681760	,8682019	,8552238	,8486706	,8683828	,8487476	,8946482	,10391607	,11047734	,11704124	,10520626	,9995060	,9795888	,9730095	,11238955	,11958058	,13735472	,16306253	,16702795	,16240942	,15187977	,13350401	,12168960	,6919937	,7043328	,7696896	,7630850	,7892995	,8548352	,9400064	,9531650	,9597443	,9728002	,8743427	,8414976	,8807937	,8283650	,8152576	,8087553	,7956480	,
11486976	,11358218	,11360782	,11229705	,9856281	,10510869	,9399323	,9792281	,7955740	,8614434	,8812326	,8485418	,8289581	,8225077	,8487987	,8619314	,8684853	,9867061	,10588725	,11508285	,10980662	,10454578	,9271861	,10845493	,11630631	,12481577	,14653738	,16703560	,15846679	,14073089	,12365568	,11971584	,9939457	,5933058	,8156676	,8353281	,8418048	,8221184	,8023552	,8481793	,9138434	,9532416	,9597696	,9138176	,8876032	,8876032	,8744193	,8613120	,8350208	,8219137	,
11618562	,11097869	,12146444	,10576654	,10577434	,9529368	,9727515	,8874776	,9334810	,8154143	,8811552	,7960354	,8355625	,8159537	,8028725	,8291637	,8292152	,8816693	,9997368	,10457919	,10981955	,9534772	,10321978	,10648368	,11695661	,13071396	,15243041	,14861834	,13480960	,12430594	,11315460	,11118594	,7838720	,6979840	,8156929	,7763712	,8024832	,8876549	,8942082	,8155138	,8154880	,8744706	,9270020	,9336065	,9335552	,9270272	,9008129	,8810496	,8613120	,8546816	,
11749380	,11033355	,12408591	,11102746	,11365400	,8941343	,10578456	,8350749	,9924376	,7495451	,8614434	,7764268	,8026923	,8028468	,8094261	,7963701	,8423477	,8751413	,9342007	,10458170	,9931577	,9798968	,10256179	,10975274	,12415788	,13793312	,15162880	,12948992	,12431621	,11380738	,10657792	,10265600	,6591490	,8027653	,8550660	,8353281	,8287488	,8024833	,8352256	,8746499	,8286464	,8482561	,8680451	,8877568	,9335552	,9203968	,8876544	,8810497	,8679170	,8481793	,
11620102	,11230732	,12017162	,10444819	,11171611	,10189087	,9988888	,9072154	,9006110	,9402408	,8153883	,7566121	,8091948	,7701043	,7701043	,8028729	,8291640	,8553780	,9735997	,10063670	,9602107	,9732412	,10452275	,11565099	,12809514	,14645014	,13712128	,13396480	,11251200	,10984704	,10197505	,9150210	,6982657	,9406208	,8945665	,8484865	,8419072	,8156672	,8024579	,8352769	,8680192	,8680193	,8418048	,8352256	,9008129	,9139204	,8876290	,8811009	,8482561	,8219648	,
11025152	,10502918	,9454347	,9062414	,9918736	,11103778	,9732135	,9794080	,8155426	,11043624	,7893794	,8025898	,7700013	,7700015	,7962932	,7898679	,8094009	,8357945	,9211197	,9407551	,9209402	,9338935	,10649389	,12219687	,13861424	,15225601	,12727298	,13453568	,11047171	,10131713	,9869056	,7837697	,8228354	,11374850	,10321922	,9074947	,8550658	,8484865	,8484096	,8221440	,8418049	,8549888	,8614913	,8614145	,8680706	,8746499	,8680193	,8549120	,8417280	,8482309	,
9778688	,10307591	,8800780	,9849608	,9194251	,9458448	,10646820	,9009955	,9205540	,8746529	,8616746	,7631397	,7372078	,7569457	,7635250	,7832116	,7766843	,8555069	,9406271	,9208640	,9077303	,9993526	,11041067	,12614699	,14582303	,13383939	,12923648	,13121793	,11497217	,9277441	,8883968	,7311872	,9208320	,11632640	,11762432	,11564803	,10713856	,8813056	,8484864	,8549888	,8418308	,8287488	,8615680	,8811777	,8483841	,8418561	,8680704	,8483841	,8352256	,8154627	,
8993282	,10047246	,11495187	,10840339	,8869396	,8868366	,8411673	,8155940	,8747553	,7960103	,9076779	,8485930	,6976806	,7307314	,7634996	,7832125	,7898431	,8227387	,9013052	,8749881	,9273657	,10124853	,11499306	,13731882	,15162115	,12333824	,12726784	,12792576	,12341504	,8816641	,8816641	,7178752	,10910723	,12223488	,11896576	,12220928	,12878080	,10846208	,8615940	,8288513	,8615681	,8222209	,8419072	,8484096	,8418561	,8484354	,8549888	,8352256	,8286464	,8155136	,
11159299	,9519364	,10046217	,11825691	,11564838	,9659674	,8807704	,10057250	,8353580	,8617514	,8224304	,8093742	,8289330	,6713383	,7503664	,7504439	,8095288	,8619072	,8422204	,8683584	,9338933	,10648368	,12483624	,14647843	,13188864	,12464130	,12726530	,12726530	,12860928	,9271040	,7834112	,7440386	,11371008	,12484352	,10714370	,10452225	,11302145	,11892992	,9796354	,8222720	,8616192	,8550145	,8484354	,8549634	,8681472	,8419072	,8418561	,8549888	,8745984	,9008640	,
10106113	,9321987	,8931087	,9520653	,10246167	,9003291	,7296534	,8545308	,8157995	,7961647	,7634218	,8816693	,8159537	,7568694	,7569716	,7766843	,8226876	,8684606	,8421440	,8683838	,9535285	,11303206	,13600549	,14968072	,12463360	,12594946	,12594944	,12332544	,12792577	,10511617	,8094976	,7177218	,11895552	,11632128	,8091136	,8289794	,9338624	,10907137	,11171586	,8877824	,8026624	,8550145	,8550660	,8484352	,8943361	,8878336	,8484096	,8746497	,9271297	,9008640	,
10171136	,9448960	,8600584	,8998672	,10118170	,9595676	,8610074	,7821848	,9010986	,7634998	,7504176	,8094773	,8422455	,7961896	,7108143	,7107640	,8094268	,8159804	,8486975	,8814393	,10517293	,12680488	,14322470	,13450496	,12266752	,12201985	,12332289	,12463361	,12659968	,11948289	,8683776	,7373825	,12681728	,11566343	,7371521	,7896576	,8224001	,9731072	,12480768	,10648322	,8027136	,8026113	,8091904	,8484354	,8550656	,8877824	,8681474	,8746497	,9009408	,9073922	,
9054720	,8531715	,8075016	,8208906	,8606224	,10905368	,9139238	,7431968	,9009190	,9669684	,8423736	,7898168	,8685358	,7305522	,7437357	,7698485	,7566899	,8092479	,8420666	,9469492	,11500585	,13207083	,14576662	,12004353	,12659713	,12266752	,12201985	,12135171	,12332804	,12206081	,8812290	,9343488	,13272834	,11829505	,6977536	,6913536	,7829505	,9862912	,13665025	,11761666	,8550145	,7893504	,7894528	,8353026	,8419072	,8681984	,8877570	,8681472	,8616192	,8680706	,
8858113	,7942662	,7550474	,7750412	,8346899	,9395991	,10512932	,9400866	,7695650	,9206569	,9605429	,8816439	,7502901	,7700789	,8159034	,8159036	,7961922	,8092988	,9009721	,10385707	,11959849	,14322478	,13451777	,11938562	,12201216	,12332801	,12004608	,12265728	,12200960	,12334080	,9594371	,11905026	,13731586	,13337856	,9664770	,8421120	,9796865	,10451713	,12877317	,12024832	,8550147	,7369984	,7762688	,8156417	,8484865	,8615681	,8484608	,8550400	,8550145	,8484352	,
8856834	,7418375	,7223308	,7094538	,7754515	,7822611	,8737047	,10513440	,9139497	,8419112	,10192688	,8160303	,7766845	,8685115	,8356411	,8092225	,7830334	,8615990	,10123570	,11106860	,12617520	,14380820	,12331521	,12070400	,12266496	,12201218	,12265984	,12200704	,11872768	,12529154	,10311424	,9277184	,12748289	,12877568	,12090370	,12682756	,12551424	,12483072	,12942848	,11830016	,7764481	,7239424	,7566081	,8353281	,8484864	,8615681	,8419074	,8549634	,8878081	,8681472	,
8658944	,7418374	,6830601	,7356685	,7490320	,7363864	,7694110	,8281368	,8871713	,9206579	,9275444	,9930805	,8878897	,9208891	,7961920	,7765054	,8354360	,9730608	,10319403	,11106599	,13209128	,13451523	,12069121	,12004608	,12265728	,12069632	,12265728	,11544323	,11741445	,12265728	,10831875	,7369984	,11958784	,13071872	,12811776	,13730307	,13730818	,13534720	,13861889	,11372035	,7372546	,7042049	,7501058	,8287488	,8747264	,8813824	,8878083	,8550400	,8747264	,8944128	,
9247491	,7090441	,6961933	,7160335	,7359254	,7689747	,7496480	,7038498	,8807453	,9529636	,10452529	,9597479	,8349479	,8549168	,8026943	,8484153	,9729330	,9990699	,10449704	,11698993	,14185239	,11742976	,12134144	,11873539	,12069632	,11937283	,11937281	,11741185	,11871488	,12199936	,11353858	,7761920	,12353540	,13200640	,13663232	,14058241	,12743939	,12415235	,11826433	,11565568	,8422146	,6714112	,7566083	,7827712	,9140994	,9075968	,9009920	,9075712	,9075713	,9141504	,
8919040	,7155716	,6633991	,6898704	,7032081	,8150549	,8282138	,7496993	,7364124	,7231516	,8346912	,9069093	,8549170	,7958573	,8682809	,9270581	,9793069	,9793320	,10250787	,11499558	,13320448	,12069121	,11873024	,12003074	,11609858	,11872000	,11675651	,11740416	,11610112	,11741184	,11678721	,7496192	,12222466	,13728512	,13399297	,14191361	,12548864	,10643203	,10382336	,12549889	,11174400	,8420352	,7237888	,7631361	,8419072	,9272580	,9141506	,9731074	,10322433	,9600768	,
8261888	,7610112	,6110223	,6702351	,7425556	,8411154	,8348695	,8481567	,7104804	,8156203	,8154158	,8286509	,8617534	,9471550	,9994294	,9531437	,9792556	,10183197	,10703897	,10507797	,12005120	,11872000	,11807489	,11675392	,11806208	,11740417	,11478785	,11609345	,11543808	,11675649	,12070400	,7559680	,10254085	,13926144	,13727235	,13797890	,12550659	,10840832	,11235840	,12418306	,12812032	,11434498	,9598976	,8417281	,9926912	,9992706	,10058497	,10515968	,10712064	,10842884	,
7803905	,8526083	,6960136	,6767630	,7556113	,7755540	,8412441	,8807453	,8677155	,10255150	,10519347	,9141558	,10326082	,11175221	,9863210	,9731634	,9791786	,9921306	,10572561	,11622153	,12136192	,11806978	,11675138	,11741185	,11610112	,11608832	,11544066	,11609346	,11478272	,11675138	,12200705	,8081920	,9729793	,13334016	,11362561	,13600768	,13668097	,12746241	,12745472	,13008641	,12549632	,12020226	,12350980	,10382848	,10184450	,11038721	,11631107	,10648064	,9925377	,10516736	,
7869185	,8392960	,7937792	,6898961	,7491603	,7951641	,8609052	,8675615	,9596198	,10911022	,9665329	,10980922	,12617003	,11286784	,9662233	,9669434	,10319152	,11301668	,11555089	,13058561	,11872768	,11610368	,11676162	,11544323	,11477760	,11544066	,11479300	,11412992	,11544065	,11609345	,12003328	,8866816	,8286215	,12545539	,11494912	,13337089	,13992961	,14191361	,13534209	,11567104	,11696641	,12414722	,11888129	,10443264	,9590272	,10248704	,10380288	,10777857	,9664768	,10255874	,
9310209	,7605760	,7413762	,6964756	,7622678	,7952668	,8412443	,8740641	,9857831	,10253358	,10123572	,13012789	,12073729	,10758657	,11033103	,10783547	,10979898	,12872471	,12531712	,12596225	,12069632	,11609858	,11544578	,11544066	,11805955	,11740417	,11543808	,11478272	,11674369	,11870467	,12330497	,9586689	,6120706	,11235840	,13204993	,12942848	,12741378	,13992961	,12877314	,11303936	,9136641	,12611072	,12412161	,11102212	,11168001	,9920768	,9460994	,10709760	,11041793	,9862147	,
8983554	,7737346	,7021572	,7031319	,7492378	,7756315	,8543262	,9199139	,9661481	,9858347	,11698484	,11819023	,10561024	,10889986	,11023104	,11236906	,12492345	,13455106	,12662785	,12397316	,11806976	,11608576	,11543808	,11477760	,11543553	,11412480	,11542784	,11477760	,11477762	,11478273	,12003328	,9847040	,6187265	,11698945	,12026368	,11561984	,12614144	,12548352	,12219394	,11631361	,8479489	,11626497	,13399810	,12741890	,11954432	,11889921	,10971136	,10970883	,10057216	,9141760	,
8326915	,7408896	,6957062	,7163415	,7558684	,8083740	,8477987	,9528616	,10315302	,11037480	,11103010	,10302209	,11217410	,11153409	,10955008	,11810820	,12605968	,12992768	,12399616	,12331010	,11675138	,11412992	,11412992	,11609348	,11280896	,11477762	,11738881	,11411968	,11543552	,11872003	,12199426	,9977346	,5790720	,6711552	,6775040	,9660675	,13009411	,9525760	,10708224	,13072902	,11760896	,13071105	,11953152	,10179840	,11163650	,11361281	,11627776	,12220162	,10383361	,9205248	,
8129537	,7342336	,7022854	,7164696	,7297309	,7821597	,8937255	,10118180	,11231270	,11166497	,10110223	,9053952	,11414020	,11284227	,11350272	,12136962	,11677696	,12203776	,12529152	,12396544	,12067840	,11478785	,11543301	,11477760	,11543552	,11412480	,11674624	,11675392	,11740417	,11740417	,12396290	,10305281	,5723905	,5661952	,6580995	,12025088	,13600000	,10117633	,9592832	,12020992	,13073664	,12940035	,12477696	,10769156	,9917186	,12016641	,12478720	,11431680	,10446849	,9530369	,
7932672	,7080449	,7220233	,7034650	,7559713	,8281635	,9200678	,10641956	,11033891	,10440727	,8467462	,9250561	,11415300	,10891264	,11874561	,12663812	,12732674	,11940866	,12395776	,12330497	,11675392	,11412737	,11478273	,11346944	,11411969	,11674371	,11804928	,11739905	,11805444	,11805696	,13381632	,11883008	,5854208	,6054659	,6843136	,12682752	,13730820	,11826946	,10447872	,11232515	,12351232	,12348930	,11950850	,11688192	,12148992	,12410881	,12020992	,11890178	,9594624	,9135360	,
7474176	,7738112	,7355155	,7166749	,7691042	,8413734	,9528101	,11296034	,11032092	,10241555	,8598023	,9054464	,11153666	,11611650	,12532480	,13124865	,13133327	,12529921	,12133120	,12526851	,11805696	,11543552	,11411969	,11346944	,11542785	,11674112	,11936513	,11674624	,11871488	,11936256	,13841408	,12343556	,6246146	,5725440	,7432193	,10251776	,12418048	,11826436	,9726209	,11758594	,12941314	,11561985	,10968065	,10573057	,11623424	,13069060	,11495424	,10576128	,9723651	,9329408	,
8065024	,7279872	,7160335	,7559706	,7953444	,8415015	,10052129	,11229984	,10507547	,10240266	,9126664	,9648642	,11155201	,12139265	,13452802	,13264149	,14246155	,12460288	,12461058	,12198915	,11674624	,11608578	,11608067	,11346688	,11673858	,11870467	,12067074	,12197632	,12068353	,12265219	,13052928	,10305792	,5656320	,5723905	,7233282	,9790721	,11433217	,13466880	,11038720	,11889921	,13596930	,10116352	,11758336	,11821056	,11952640	,12151808	,10838017	,8674560	,8412928	,8478210	,
8261122	,7082240	,6899216	,7561243	,8282146	,9070633	,11034143	,11360030	,10965783	,10307089	,9851409	,9456140	,12665860	,13848578	,13852679	,13991204	,13645056	,12590851	,12133632	,12395011	,12001794	,11477248	,11411200	,11542785	,11543040	,11542785	,12263938	,12461056	,12133120	,12134144	,12592896	,9190147	,5853440	,6051840	,5397250	,8545537	,11629568	,11630596	,13008640	,13073153	,13007360	,10972928	,10643712	,11101184	,11623936	,10640128	,8610048	,7625219	,7562752	,7628544	,
7802626	,7344897	,7488018	,7627549	,8545058	,9528614	,11229980	,11163160	,11489556	,10701328	,9985810	,11231510	,13851397	,14181904	,14059556	,14574609	,12657154	,13116674	,12591872	,12526081	,11739904	,11674112	,11738624	,11542787	,11739136	,11804928	,12264192	,12395776	,12395264	,12396801	,12920576	,8797952	,6050049	,6706178	,5003520	,8809734	,12353282	,12352002	,13928192	,12679427	,12352000	,12351232	,9198599	,9589760	,10113536	,9527040	,7298562	,7625984	,7693057	,7496192	,
8327424	,8066304	,8076556	,7823905	,8742186	,9922083	,11360279	,11163158	,11622681	,11164179	,11160840	,11158534	,12605455	,14649117	,14979117	,13446144	,12459776	,12854528	,12591361	,12591616	,11936256	,11608578	,11738883	,11673858	,11803904	,12001281	,12133120	,12592644	,12462337	,12527360	,12592640	,8210434	,5656578	,5722624	,5133825	,8875009	,12419328	,13139200	,13729538	,13203969	,12350721	,11628289	,7951617	,8146433	,10049024	,9395201	,7757568	,7628288	,7693057	,7430402	,
8721923	,8130816	,7748620	,7628064	,8807981	,10380063	,11621142	,11294487	,11558171	,11953693	,11886608	,11621642	,11950860	,14062378	,14896135	,12590081	,12853504	,13050883	,12525568	,12394496	,12067328	,11804674	,11870210	,11674112	,12001283	,11870208	,12199424	,12592901	,12265472	,12658433	,12398084	,7031040	,5852672	,5262592	,5527296	,6118400	,10055425	,12613888	,13006080	,12350723	,12087552	,12547587	,12220416	,12087810	,10771715	,9987073	,9266435	,8284416	,7956225	,7563777	,
7673088	,7279617	,7094800	,7956255	,8808741	,10444577	,11489815	,11229206	,11360531	,11756316	,12413981	,12415259	,12745253	,13649667	,12328449	,12852225	,12656897	,12919045	,12787713	,12459776	,11935744	,11805696	,11869952	,11935488	,12198145	,12198912	,12723458	,12527360	,12593152	,12986369	,11875072	,6901760	,6443265	,5523970	,5787905	,5593600	,8942336	,13930244	,13006080	,12416768	,11562242	,12877056	,12877314	,11629056	,11365635	,10775040	,9266688	,8676353	,8545537	,8347136	,
8393472	,7283970	,6703124	,8216606	,8874272	,10639650	,11555348	,11097620	,11425819	,11492378	,12413216	,13207848	,14322728	,12528384	,12263680	,12787202	,12591104	,12656897	,12656897	,12460032	,12132101	,11804928	,11935490	,12197632	,12525568	,12591104	,12788992	,12593153	,12396544	,13117955	,11222784	,7100164	,5984256	,5787394	,6378752	,6904320	,11574026	,16574599	,14321152	,12875008	,11694080	,13205504	,12022785	,11628289	,11758081	,10905856	,9790208	,8019971	,7757057	,7888385	,
11935488	,7227150	,6966549	,7359512	,8740127	,10770462	,11358996	,11227924	,11098648	,11689753	,12087324	,13271079	,14372097	,12660226	,13050370	,12983298	,12721408	,12918786	,12591616	,12459777	,12197633	,12066560	,12000513	,12393731	,12655873	,12591104	,12591874	,12658688	,12462083	,13052164	,9586688	,6247680	,5262849	,5722112	,7100417	,8544256	,8023552	,15052567	,13794560	,13464576	,12152833	,13204739	,11627776	,10575616	,10839552	,11037441	,8282112	,7822592	,7953408	,8018688	,
14294529	,11089152	,8607259	,9919514	,11492378	,11227159	,11031574	,10899990	,11163411	,11099158	,12549414	,13452288	,12462848	,12922112	,12984579	,12721409	,12852224	,12722690	,12787712	,12394497	,12460035	,12393985	,12066049	,12328192	,12590850	,12854274	,12722947	,12528128	,12724480	,12593921	,8213760	,6707969	,6181633	,5657601	,6903553	,8018946	,6774016	,6642434	,12547073	,13597440	,13534208	,13206273	,11758594	,11101444	,12545792	,11169794	,7037696	,6709250	,7298562	,7037184	,
13703425	,13704704	,11685907	,12545315	,14248736	,11294487	,11030293	,11293968	,11097359	,11753490	,12475664	,12004864	,12528130	,12593921	,12787712	,12983298	,12787200	,12918786	,13049856	,12394497	,12590081	,12590080	,12262656	,12524288	,12459778	,12656128	,12461569	,12526848	,12985088	,10894849	,7365632	,7822850	,6905600	,5986816	,6511104	,7560705	,6774272	,5135616	,9857795	,13732097	,13795328	,13399298	,12349442	,11298308	,11954433	,10317056	,6973441	,6841344	,7038723	,6974464	,
13309696	,13835008	,14362624	,14772758	,13268009	,10965268	,11030293	,11424275	,12082193	,13334301	,12334595	,11478273	,12856064	,12854787	,12591104	,12786432	,12787713	,13115138	,13180929	,12590850	,12523776	,12589824	,12721154	,12917505	,12787459	,12655873	,12591104	,12787200	,12985090	,8605696	,7957761	,8283650	,6839555	,6577921	,6643457	,6249218	,6314752	,6380802	,5988096	,11694849	,12345858	,12478208	,13072384	,10052096	,11168256	,10121728	,7170820	,7498752	,7302149	,7040768	,
13374976	,13375489	,14162944	,15216385	,12866067	,10767889	,11292177	,11752466	,12809758	,12936215	,11084544	,12001536	,12262400	,12459777	,13048834	,12721920	,12918016	,12983809	,13115136	,12852225	,12393472	,12720640	,12982786	,13049091	,12983809	,12787202	,12721154	,13049856	,11285504	,6053120	,7758850	,8414976	,7102976	,6906880	,7167489	,6446850	,6446592	,6380545	,5069824	,7560192	,12214785	,12545281	,13596160	,12743937	,13139459	,8416768	,7040768	,7106561	,7171072	,6909699	,
13637121	,13506563	,13637121	,13834496	,14034433	,11945227	,10965779	,12216087	,13270307	,11874307	,12792064	,12657920	,12524288	,12917248	,12852226	,13113858	,12983298	,12655873	,12983809	,12786433	,12327680	,12785664	,12917506	,13049091	,12918272	,12787713	,12852993	,13378306	,7884544	,5529345	,6249985	,7299841	,7890432	,7496192	,7366402	,6316032	,6643203	,5658880	,5528064	,5528832	,9920768	,13528837	,13531648	,12154882	,10056963	,7499267	,6910464	,7040768	,6844929	,6582272	,
13111808	,13373955	,13177856	,13899523	,14031107	,13901824	,12532995	,11759390	,13388035	,12070400	,13121536	,12462594	,13114627	,12983552	,13114627	,13179904	,12983298	,12655616	,13049345	,12851713	,12720128	,12785664	,12852226	,13048834	,13048832	,13049602	,13376768	,10173696	,5071106	,5201408	,5594880	,6184193	,6775041	,6840064	,6250752	,5595138	,6775041	,6182912	,4871680	,4937986	,6185473	,10117120	,9592064	,9398786	,7565568	,6844672	,6451201	,7171842	,6844419	,6779136	,
12911361	,13108481	,13174784	,13306369	,13045760	,13703171	,14032640	,12068353	,12001794	,12198912	,13378817	,13114884	,12983552	,12983552	,12918786	,12983041	,12786433	,12786432	,13179648	,13113345	,12982272	,12785920	,12916993	,12983041	,12852225	,13179392	,11546627	,5332482	,4940032	,5397761	,5332482	,5857280	,5529345	,5200896	,4938499	,4872705	,5660672	,6314752	,5068032	,5200128	,5070338	,5463554	,10052608	,10516225	,7696643	,6843908	,6778624	,7171841	,6451201	,6844416	,
12976643	,12911361	,13108481	,13108483	,12976643	,12978435	,12980480	,13571840	,13180416	,12984064	,12852225	,13114627	,13048832	,13115138	,12983552	,12851713	,12851200	,12786433	,13309954	,13375746	,13376000	,12852226	,13048065	,12786432	,12983040	,13054208	,9334784	,4746242	,4743168	,5071106	,5529347	,5595136	,5529600	,5725186	,5266689	,4610816	,4741120	,5527553	,5527555	,5461760	,5003778	,4283138	,8481536	,11173120	,6910209	,6582276	,6974976	,6713344	,6320644	,7237888	,
12846081	,12649985	,12649985	,12845568	,12911363	,12846081	,12584192	,12717056	,13177600	,13376516	,13180416	,13180416	,13180416	,12918784	,12787202	,12851456	,12719616	,13113857	,13309696	,13113093	,13113345	,13311488	,13047552	,13048065	,12921089	,11431424	,10914819	,8550660	,5203970	,4678400	,5071104	,5399296	,5465344	,5463554	,5463552	,5266944	,4806912	,4806400	,5331457	,5527808	,5396480	,4938752	,4612354	,6121984	,6713344	,6779137	,6976002	,6123778	,6844416	,6713090	,
12453120	,12649472	,12518145	,12387329	,12322048	,12387329	,12583681	,12322307	,12453633	,12783107	,13441539	,13573120	,13441792	,13180420	,12851712	,13179138	,13374725	,12851456	,13113345	,12785408	,12785664	,12785409	,13179648	,11873280	,10443011	,10449153	,10976000	,11306754	,8289536	,5466626	,5006338	,5333760	,5267968	,5464068	,5725696	,5399040	,5202176	,5003521	,5265410	,5659393	,5593600	,5265921	,4545537	,3694592	,5466624	,7106562	,6123008	,6582272	,6844419	,5861122	,
12125697	,12256514	,12191491	,12453635	,12321536	,12256768	,12387842	,12387330	,12387329	,12322560	,12520704	,13442820	,13574145	,13506560	,13638148	,13048065	,12917248	,12982786	,13047552	,12983811	,14233088	,13842432	,10567426	,9588481	,9262338	,10379010	,10776320	,10845443	,11044353	,9666817	,6516481	,4941058	,5136896	,5465088	,5856512	,6376194	,6893571	,6758150	,6952711	,6691077	,6758917	,6369537	,5915908	,5134338	,3955970	,4615168	,6057984	,6909952	,6057474	,5533697	,
11731968	,11797760	,11994369	,11994369	,12059904	,11994624	,11798016	,12190720	,12322306	,12190720	,12518915	,12454144	,12986373	,12858368	,12659968	,13315585	,12855296	,12724737	,15093250	,16093210	,16559151	,14979604	,10637568	,9848578	,9720064	,9590018	,10183680	,10907136	,10843648	,11174656	,10387713	,8222209	,6123265	,6507265	,6756359	,7079942	,7471884	,7407880	,7144967	,7472392	,7276042	,7144970	,6490630	,6036229	,5978114	,4610563	,4678913	,5204481	,5467392	,6121985	,
11798272	,11798272	,11732224	,11404544	,11470850	,11732482	,11666688	,11864065	,12059904	,12125697	,12256256	,12386560	,12192256	,12528130	,12925441	,13646593	,12728578	,12534272	,14715167	,16628270	,16496691	,15900707	,12148480	,10177537	,10176768	,9982977	,9982976	,10511616	,10776836	,10515200	,10912000	,10647813	,8139265	,7144459	,7734788	,7407621	,7473924	,7080708	,6949637	,7015683	,6621954	,6753540	,6752771	,6621450	,6490887	,6690568	,5916419	,4154624	,4417024	,5072642	,
11865346	,11537408	,11602433	,11732480	,11666688	,11732482	,11601408	,11732993	,11928578	,11928578	,11796992	,12190720	,12256003	,12127232	,13184000	,13384192	,12399875	,12863237	,15371807	,16692789	,16364597	,16232498	,13858822	,11029507	,10243330	,10375168	,10573570	,9983747	,9986049	,10973696	,10575617	,8461824	,7275016	,7342340	,6949890	,7015683	,7212546	,7278336	,6819585	,6950403	,6819331	,6491138	,6688005	,6622724	,6818563	,6622212	,6491659	,6173449	,6318336	,5008384	,
11865344	,11930369	,11865346	,11864065	,11732480	,11536640	,11536128	,11928576	,11798016	,11535360	,11731969	,12124928	,12190720	,12059651	,12128000	,13776130	,13977088	,14246408	,15966764	,16693821	,16497469	,16628794	,15769118	,13395460	,11950081	,10637056	,10375425	,10574848	,9851904	,10174976	,8983554	,7799564	,8390913	,8457218	,8130048	,8392448	,8392706	,8458242	,8261120	,8195329	,8261635	,8326913	,8196096	,7933444	,7344130	,7539715	,7801600	,7277325	,7939337	,10775300	,
11537410	,11865859	,11668480	,11929858	,11863808	,11667200	,11666688	,11732482	,11601408	,11535104	,12059905	,11862784	,12256514	,11796480	,12452352	,13113091	,14044676	,14182672	,16425776	,16364856	,16168758	,16430649	,16297261	,13860108	,13003008	,12609536	,11227650	,9649410	,10038275	,9966599	,7537674	,8456961	,8522752	,8785408	,8916480	,9048065	,9113600	,9507328	,9769985	,9375744	,9113600	,9179394	,9441283	,8720896	,8065024	,8458753	,8326913	,8064519	,8129287	,8528394	,
11405824	,11799555	,11733762	,11668226	,11667969	,11798786	,11732480	,11470336	,11470336	,11798016	,11994369	,11666946	,11600384	,12190723	,12321537	,12583680	,12657408	,14182929	,16163374	,16428343	,16363318	,16166454	,16625457	,14715928	,12737793	,12932353	,11615744	,11086848	,11147265	,8390412	,7734788	,7998464	,8325376	,8194816	,8458499	,8851968	,9179392	,9507588	,9441795	,9179392	,9113858	,9507329	,9638145	,8981763	,8784897	,8851201	,8195589	,8064521	,8916229	,8588294	,
11536896	,11602176	,11602176	,11537921	,11537921	,11864579	,11666946	,11470336	,11470848	,11864065	,11666689	,11535360	,12059904	,12321537	,12059136	,12386562	,11864065	,14704146	,16232246	,16296757	,16296761	,16036407	,16364595	,14979870	,13787664	,13125128	,11873793	,10818308	,9437961	,7996934	,8587265	,8653057	,8588545	,8391168	,8195330	,7867392	,8261376	,9114113	,9704192	,9835265	,9769733	,9507840	,9310209	,9375745	,9376002	,8327428	,7803141	,8326915	,9046788	,8654085	,
11799555	,11470848	,11667969	,11537408	,11537410	,11601921	,11404544	,11601408	,11864068	,11601921	,11536130	,11732480	,12191490	,11928576	,12058624	,11993090	,12451842	,13902080	,16230447	,16298553	,16297792	,16429107	,14907934	,13651472	,12004616	,10096897	,9438464	,9438466	,8193799	,8849408	,8587776	,8260609	,8260609	,8588544	,8720642	,8261120	,8195842	,8654336	,9507329	,9966336	,9769984	,9310209	,9573122	,9769472	,9244417	,8654598	,8457737	,8720131	,8982022	,8588292	,
11668226	,11405824	,11668226	,11536640	,11601921	,11536384	,11405056	,11601153	,11732480	,11602176	,11864065	,12191490	,12060162	,11536130	,11600131	,11469056	,12124930	,12583681	,15228437	,16627518	,15633447	,13059597	,11344642	,10228736	,9373952	,9176834	,9569029	,8979463	,8062727	,8784644	,8982016	,8456960	,8195328	,8195840	,8392960	,8654849	,8720131	,8391680	,8916992	,9442048	,9704706	,9835265	,10030850	,9637888	,8916992	,8917508	,9375744	,9571841	,8785154	,8523782	,
11405825	,11340032	,11602433	,11470848	,11536641	,11602176	,11536641	,11470850	,11666689	,11863808	,11995392	,11797760	,11666946	,11535360	,11011074	,11207680	,11535360	,12649734	,13308930	,13981199	,11280384	,9965057	,10094336	,9570563	,9307137	,8913920	,9437445	,8389896	,8588545	,8982785	,9113600	,8458242	,8327168	,8326656	,8326402	,8326913	,8524033	,8785408	,8850688	,8916481	,9506560	,9966340	,9375744	,9113860	,9048326	,9310210	,9637635	,9375492	,8916742	,8392457	,
11471617	,11470848	,11470848	,11536641	,11536641	,11601921	,11536128	,11470848	,11536130	,12125697	,12192003	,11862784	,11666688	,11469569	,10815489	,11011840	,11732224	,12846083	,11862785	,10684419	,9242624	,9766913	,9963266	,9503488	,9306625	,9110528	,9437963	,8195080	,8785924	,9179394	,8916994	,8195842	,7998208	,8523265	,8720129	,8261376	,8392448	,8982272	,9178626	,8916742	,9048065	,9506561	,9507331	,9573124	,9834752	,10293508	,10096643	,9244416	,9113608	,8524295	,
11668226	,11667200	,11470848	,11602176	,11536128	,11470850	,11667200	,11470848	,11864576	,12454146	,11994369	,11732480	,11601408	,11011588	,10617600	,11339264	,12518145	,11600384	,10682369	,11010816	,9504256	,9372673	,9241344	,8782082	,9044484	,9502977	,9504517	,8064773	,8784897	,8982272	,8392449	,8917512	,8589056	,8195328	,8261122	,8457988	,8654338	,8588544	,8850688	,9244416	,9440769	,9376003	,9507329	,10292993	,10620929	,10031104	,9834500	,9638148	,9244419	,8851468	,
11667714	,11536640	,11340032	,11274496	,11274752	,11470848	,11536130	,11667200	,11996162	,12323074	,11863808	,11666176	,11339010	,10552064	,10879488	,12059905	,10880002	,10223872	,10682624	,10945281	,10093824	,8717057	,8585986	,8389634	,8651266	,8389123	,8915467	,7867142	,8915968	,9768708	,8916992	,8392708	,8326662	,8982016	,9245187	,8392196	,8850436	,8850177	,8982274	,8916480	,9702917	,9441285	,9376002	,10489344	,10358528	,9834500	,9703428	,9507331	,9244419	,9113351	,
11536641	,11405825	,11339778	,11601153	,11209216	,11470336	,11404544	,11470848	,12126978	,12192001	,11798785	,11469568	,11011075	,10748416	,11666176	,10944771	,9765120	,9830401	,10158337	,10420480	,10749185	,8848128	,8192259	,8716288	,8323584	,8389126	,8850439	,6293760	,8851201	,9506049	,8654340	,8589058	,8982528	,9441795	,9179904	,8589836	,9047554	,9179393	,8784897	,9375490	,9899779	,9899267	,9375490	,9703428	,10096645	,10031363	,9703427	,9768707	,9507080	,9179402	,
11470848	,11470848	,11339778	,11208192	,11274496	,11470337	,11601408	,11536384	,12126210	,12191490	,11797760	,11338753	,10682624	,11207424	,11403778	,9765121	,9699329	,9764865	,9830402	,10027264	,10683392	,9569282	,8126726	,8389377	,8126724	,8978952	,8325635	,6621185	,9310212	,9769221	,8916483	,8784644	,8654600	,8457989	,8786435	,8589575	,8392960	,9178624	,9309952	,9440515	,9702914	,9965572	,9899266	,9506562	,9769220	,10031365	,9768708	,9637383	,9441034	,9047818	,
11470848	,11470336	,11339778	,11143425	,11340032	,11536128	,11864066	,11667200	,11732480	,11798273	,11600896	,10945792	,10879488	,11601408	,9896195	,9371904	,9764866	,9568257	,9502977	,9896192	,10224384	,10552064	,8192259	,8126464	,8519685	,8586504	,8128772	,8262150	,10489861	,10032384	,9573120	,9113858	,10097154	,10361347	,9049347	,8916740	,8983301	,8915968	,8720384	,9376256	,9440263	,9638148	,10292482	,9833984	,9703427	,9900293	,9834501	,9507080	,9572103	,9309958	,
11602176	,11536128	,11470848	,11798273	,11274240	,11470336	,11864066	,11470848	,11732993	,11470848	,11143424	,10618626	,11536130	,10945536	,8978689	,9371904	,9306112	,9437184	,9502977	,9765121	,9961985	,11010817	,8978689	,7930115	,8258310	,8782852	,9245194	,10098690	,10359552	,9376256	,11084292	,11805957	,10426113	,9966851	,10163715	,9507588	,8655880	,8720384	,8784903	,9374471	,9506308	,9375490	,9965059	,9769220	,9768708	,9768710	,9637894	,9703174	,9637381	,9572103	,
11798785	,11732993	,11536128	,11995394	,11470848	,11340032	,11601921	,11601921	,11667200	,11470337	,11208704	,11732993	,12126208	,9896192	,9109760	,9306112	,9175040	,9306112	,9502720	,9502977	,9830661	,10682369	,9961985	,7406340	,7536897	,8652297	,8654598	,7604999	,7408131	,9965570	,11147776	,12460553	,9704708	,9702915	,10163968	,9311492	,9639944	,10360326	,8523014	,8982274	,9506308	,9375492	,9572101	,9768967	,9965060	,9899779	,9638148	,9768708	,9637896	,9178889	,
11865857	,11732992	,11601921	,11732992	,11536130	,11274498	,11667200	,11732480	,11667200	,11797762	,11798016	,13109505	,11601408	,9437443	,9043968	,9043968	,9371904	,8978944	,9175552	,9437186	,9568259	,10092544	,10748416	,7864322	,7537158	,7931144	,7736837	,7409414	,7539204	,9178115	,10032131	,10556931	,10097154	,11013638	,10556672	,10098947	,9443076	,9640455	,8261635	,8916229	,9375492	,9638148	,9572355	,9899526	,9965060	,9965060	,9899526	,9637385	,9374987	,8981771	,
11606276	,11536640	,11601921	,11666688	,11142914	,11536130	,11928832	,11732480	,11732993	,11864065	,12126208	,13306112	,10618626	,9502977	,8912900	,8978691	,9175040	,9241345	,9109504	,9109504	,9371904	,9896194	,10814208	,9109509	,7668233	,8061449	,7867142	,7473924	,6752258	,8195076	,7801347	,9049861	,10294274	,10554625	,11471364	,11079939	,10752004	,11144705	,9374211	,8719878	,9244167	,9899524	,9637634	,10030599	,9834249	,9965317	,10161671	,9768458	,9374987	,9375753	,
11221506	,11539456	,11798016	,11862785	,11405057	,11536384	,12322049	,12584192	,12519168	,12518913	,12388353	,11798275	,10093825	,9502720	,8912898	,8978944	,9043968	,8912896	,8912900	,9175040	,9371652	,9371650	,10355968	,9634816	,7537160	,7799564	,6161412	,7539717	,8588804	,8784386	,8392709	,9703425	,11276544	,11144454	,11735552	,11475458	,10882561	,11405825	,10882052	,9505797	,8982023	,9638148	,9899526	,9834501	,9965319	,10161417	,10293255	,10031114	,9834760	,10818058	,
12013824	,11747840	,11865859	,12059904	,11995392	,12453633	,12518915	,13107713	,13502721	,13043200	,12257536	,11798273	,10290432	,9502976	,9109504	,9175040	,9043968	,8847366	,8978689	,9175296	,9306115	,9502722	,10158337	,10224130	,7995656	,7733763	,7078663	,6948356	,8588294	,8980995	,8654851	,10555905	,11537921	,11275011	,11604480	,11932416	,11667714	,11275009	,11275781	,10423301	,9309699	,9572354	,9834251	,10227462	,10292742	,10292492	,10752006	,10817545	,11015176	,11671050	,
11682560	,12208129	,12330497	,13043712	,12977408	,13764353	,13436928	,13306112	,13961472	,13633280	,12453888	,11929601	,10421761	,9503489	,9306113	,9175041	,9043970	,8912902	,8847616	,9109760	,9175045	,9437188	,9764864	,10420482	,8388612	,7668996	,7864583	,7536648	,7538437	,8523012	,8260096	,11734020	,11603976	,11536641	,11997184	,12193792	,11537411	,11471875	,10947841	,10684930	,10685445	,10554884	,10751753	,10816776	,10882824	,11013895	,11145220	,11013895	,11539464	,11802376	,
11681793	,12469249	,12468736	,13570560	,13436416	,14027267	,14092288	,13633280	,13830400	,13895426	,12715520	,12060417	,10487041	,9503489	,9437186	,9175041	,9109761	,9175041	,8847618	,9240834	,9175300	,9175302	,9437184	,10224130	,8847364	,7734275	,8192517	,8388611	,10028293	,10488832	,11209472	,11996164	,11341574	,11865605	,12259328	,12456963	,11668996	,11406082	,11144193	,10816257	,11473158	,11342085	,11735047	,11735308	,11473417	,11801608	,11801353	,11341833	,11735562	,11867146	,
12271872	,11941632	,12993028	,13964803	,13894656	,13961472	,14157570	,13830145	,13633280	,13961219	,12911616	,12125698	,10749185	,9634049	,9502977	,9371904	,9175040	,9306112	,9043970	,9371651	,9371650	,9175554	,9240832	,10093057	,9699328	,7602698	,8847628	,11929094	,11864832	,11340291	,11471877	,11472390	,11670020	,11801091	,12193280	,12062977	,11473411	,12192003	,11536641	,11405825	,11671301	,11539204	,12390669	,12522509	,11997961	,12128777	,12260363	,11866376	,11604744	,11932681	,
12072704	,11806725	,12532480	,13832192	,14353410	,14288640	,14223616	,13830400	,13764096	,13764866	,12846080	,12060417	,11077121	,9830400	,9568769	,9568257	,9371904	,9306112	,9568257	,9502722	,9568256	,9568256	,9437445	,10027010	,10420480	,7537160	,10749696	,13436928	,11471875	,11406086	,11471879	,11798534	,12520192	,12324609	,11995905	,11800064	,11473668	,10882560	,11800066	,11733762	,11668994	,11407364	,12389380	,12061957	,11865859	,12586757	,11932681	,11866633	,11604744	,11670536	,
11945728	,11613440	,12733442	,14226944	,14156288	,14157568	,14354433	,14222594	,13764096	,13699073	,12781058	,11798016	,11011328	,9764864	,9502720	,9699329	,9437184	,9371650	,9765121	,9568256	,9568257	,9699328	,9502723	,9961473	,10486275	,9109511	,12390912	,12521216	,11078663	,11275011	,11929346	,12717057	,12520192	,12323587	,11668226	,11603968	,11408645	,10882561	,11602688	,11929601	,11799553	,11341572	,11995904	,11275009	,11406850	,12324866	,11539464	,11867146	,11735562	,11539210	,
12475393	,12340739	,12726273	,14289408	,14353410	,14157056	,14354433	,13895681	,13436928	,13501696	,12977667	,11798016	,11011585	,9896192	,9699328	,9699329	,9502720	,9437186	,9502720	,9503489	,9502725	,9437186	,9568256	,9568256	,10289921	,10683392	,13372417	,11471877	,11143941	,11864578	,12715524	,12651264	,12453633	,11996165	,11406082	,12128000	,12127489	,10816257	,11274496	,11733509	,12127488	,11667968	,11996416	,11405825	,11078402	,11342084	,11211015	,11866633	,11472906	,11604492	,
