1250319	,1316112	,1316112	,1381648	,1250319	,1381905	,1382418	,1382418	,1382418	,1447698	,1447441	,1381649	,856847	,1708814	,6034703	,8786699	,11148047	,11934479	,11933706	,11737867	,11870482	,11019286	,10757401	,10560279	,9837327	,9509389	,9115916	,8852488	,9312009	,9378058	,9380113	,9379858	,9643289	,9577239	,9184537	,8922905	,9122595	,8462355	,9055260	,8661788	,8403240	,8142638	,8004118	,8592147	,8920078	,8395275	,8003600	,7675668	,7674385	,7937557	,
1184526	,1381648	,1447185	,1316112	,1382161	,1447698	,1447954	,1579284	,1513491	,1447698	,1185040	,1250577	,2299152	,5969167	,11080974	,11932940	,12918033	,13116181	,12459536	,12133144	,11805206	,11347737	,10951698	,10754573	,9968912	,10099984	,10036759	,9840924	,10433577	,10434600	,10173485	,10237737	,10040873	,9841950	,9777953	,9715244	,9449763	,9450020	,8990755	,8597538	,7940377	,9712675	,9712420	,9510674	,8788493	,8330511	,7544337	,7414036	,7741974	,7608080	,
1381905	,1316113	,1381906	,1513234	,1513747	,1382419	,1513491	,1710613	,1381908	,1120018	,1447440	,4790290	,9771025	,12391695	,12851215	,12918547	,13181461	,12789275	,12526104	,12396317	,12069664	,11543835	,11153958	,11288114	,10698033	,10632496	,10699312	,10434343	,10831926	,9976618	,10039845	,9973793	,9841951	,9971223	,10037531	,9710877	,9316637	,9381659	,8592146	,8133906	,10240818	,11160120	,10827557	,9579808	,8922907	,8398362	,7675924	,7150352	,7478802	,8068372	,
1513490	,1447698	,1382163	,1447698	,1447954	,1579284	,1316882	,1316884	,1841684	,5118225	,8328974	,12589074	,12982029	,14162448	,12853270	,12920093	,12988196	,12792359	,12660515	,12663086	,12668226	,12011322	,11554111	,11158323	,10695975	,10564645	,10498595	,10562846	,10498080	,9839637	,10300189	,10168089	,9903891	,10035990	,9906203	,9642261	,9447452	,9115918	,8327692	,9317406	,11028791	,10695718	,10891555	,9644315	,8593941	,8201752	,7743001	,7544338	,7607820	,7541773	,
1513490	,1447955	,1382162	,1382419	,1251347	,1251604	,2169877	,2628114	,7413524	,12524048	,13439755	,13900305	,13441295	,13641757	,13183263	,13254194	,13257280	,13127489	,12734788	,12802382	,12403509	,11613990	,11153184	,10955550	,10627356	,10627868	,10366239	,10629413	,10562847	,10103326	,10433318	,10366755	,10299165	,9971480	,9315864	,9313556	,9378831	,8786183	,8658453	,9844262	,8921358	,10169375	,10761769	,10042414	,9452332	,8203039	,7874328	,7805712	,7869708	,8001037	,
1381905	,1382161	,1316626	,1054481	,2103571	,4856080	,9837585	,10884621	,14359058	,13440271	,14426649	,13575450	,13773600	,13582648	,13783623	,13659487	,13525588	,13328210	,12734533	,12201502	,12069147	,11547173	,11615537	,11418156	,11289913	,10961205	,10432547	,10499627	,10629412	,10298648	,10431518	,10035732	,10165520	,9903117	,9509135	,9180685	,9311243	,8457991	,9447709	,10036756	,10101779	,10955038	,10366238	,9842979	,9188135	,8664359	,8006945	,8331800	,8592916	,9118488	,
1250834	,1514005	,1251090	,4267284	,9379862	,12392462	,14228498	,14489875	,14425111	,14228759	,14037029	,13774372	,14177869	,13851985	,13859181	,13325122	,13122862	,12989220	,12660257	,12401970	,12143680	,11749692	,11552571	,10891812	,10430492	,10364444	,10297109	,10035221	,10231057	,10360847	,10297109	,10033679	,9967373	,9639691	,9377291	,9311757	,9180171	,8590348	,8724242	,9705997	,11415329	,10758170	,10298133	,9510932	,8789266	,8396563	,8728870	,8990759	,9319721	,9314837	,
988946	,5907997	,8594714	,12130833	,14097686	,14819866	,14361113	,14825520	,13904934	,14302773	,13779513	,14446179	,14381157	,13849931	,13388863	,12858920	,12856864	,12926257	,12536640	,12209986	,11617080	,11021089	,10755860	,10427666	,10164495	,10098188	,9967117	,10032652	,10033165	,10032909	,10032651	,9770764	,9639180	,9311243	,9376778	,9442315	,9180427	,8460045	,8200467	,9117196	,9836301	,10033677	,9640462	,8919053	,8460042	,8395022	,8790037	,9448997	,9250844	,9312526	,
7018769	,10950673	,14163480	,14161680	,15477026	,14756645	,14499124	,14236977	,14439756	,14576995	,13853528	,14115414	,13714229	,13514797	,13055016	,12995906	,12667196	,12407365	,11944502	,11478813	,11476502	,10885649	,10228748	,9900810	,9835275	,9638410	,9704715	,9836298	,9704970	,9573897	,9574153	,9443080	,9377546	,9443083	,9312010	,9049353	,8983049	,7934987	,7216141	,8461835	,8853003	,9312012	,8657165	,8460042	,8459529	,8197129	,8853518	,9313814	,10299936	,9640210	,
13244692	,13834515	,14885659	,15349295	,14494498	,14895683	,14436931	,14508117	,14842735	,14245199	,14112331	,13447206	,13452089	,13257793	,12995137	,12868177	,11942190	,11084823	,11017749	,10884877	,10621706	,10227720	,9703686	,9769994	,9573900	,9639435	,9706767	,9707536	,9772557	,9575437	,9575951	,9509903	,9181196	,9181452	,9443597	,8787211	,8327435	,7738125	,8595471	,8859662	,7934983	,8327945	,8328972	,8328458	,8130824	,8459019	,8787211	,9708570	,9577500	,10169124	,
13769237	,15149857	,15154745	,14892856	,14567231	,14635846	,14976381	,14912126	,14240833	,14109251	,13845819	,12925230	,13194827	,13199969	,12336692	,11807008	,11213074	,10622990	,10163724	,10162441	,10162697	,10032394	,9770763	,9640718	,9509903	,9115659	,9050381	,9115661	,9312268	,9115147	,8917770	,8655113	,8261126	,8130312	,7736840	,6884360	,6688007	,7607050	,9186831	,9319437	,7870983	,7474438	,8000008	,7737864	,7934473	,8590088	,8721162	,9114637	,10036510	,9971743	,
15413291	,14491163	,15158596	,14502723	,15036773	,14708833	,14843246	,14375756	,14109507	,13913669	,13653322	,13062986	,12468534	,12271157	,11738901	,11147023	,10688016	,10294539	,10032393	,10032139	,9770507	,9508105	,9442316	,9180684	,8918283	,8523785	,8523530	,8260872	,8195334	,7998470	,7408133	,7342853	,7409414	,7541511	,7869961	,7870986	,7872524	,8989455	,8989451	,9253645	,8135177	,7016711	,7541001	,7540487	,7737610	,8393481	,8655882	,9245964	,9640466	,10956067	,
14887975	,15222851	,14238006	,15037541	,14844532	,14909812	,14174012	,14110534	,13785422	,13522506	,13194571	,12466737	,11344657	,11540240	,11277583	,10753805	,9901837	,9771277	,9837070	,9771535	,9639949	,9114120	,8851463	,8326149	,8064005	,7407877	,7145989	,7080197	,7146758	,7409670	,7607559	,8528651	,8989709	,8859148	,9187599	,9450257	,9385232	,9123087	,8924939	,9188624	,9122060	,6756104	,6688265	,7344392	,7475463	,7737865	,8130567	,9377034	,9903896	,10495520	,
14824494	,14431531	,15103850	,14442571	,15041397	,14110532	,14110536	,14113873	,13590100	,12926516	,12330525	,11670800	,11146767	,10951186	,10688270	,10426125	,9640720	,9114891	,9442573	,9442060	,9047560	,8522246	,7997957	,7276805	,6818310	,6884614	,7082502	,7739655	,8462601	,8659722	,9055244	,9319696	,9386002	,9320465	,9384977	,9319185	,8991759	,9057550	,9057552	,9123857	,9254927	,8267788	,6556678	,6950150	,7409415	,7540233	,8458506	,8786184	,9706002	,10561568	,
14502465	,15033176	,14904156	,14972779	,14239033	,14440787	,13917008	,13654092	,13122611	,12064527	,11802899	,11147795	,10753808	,10491920	,10493459	,10230031	,9179915	,8391689	,8456710	,8260101	,8260357	,7866630	,7277062	,7344648	,7871755	,8266508	,8332042	,8792845	,9122064	,9056014	,8991501	,9188622	,9254414	,9254160	,9121293	,9056014	,8993040	,9321488	,9189648	,8992782	,9190931	,8993296	,7149574	,6359814	,7278088	,7605768	,7999498	,8851981	,9704976	,10430237	,
14773602	,15037285	,15037032	,14438726	,14441298	,14113359	,13391436	,12661801	,12195857	,11672597	,11015952	,10623763	,10494231	,10098705	,10098960	,9442316	,8458506	,7801351	,7538950	,7211269	,7211783	,7475720	,8266252	,8859666	,9056016	,8727053	,8661259	,8924430	,8991506	,8992271	,8992784	,8794381	,9056271	,8991502	,9122317	,9057552	,8994322	,9191698	,9058062	,8925707	,9125138	,8928786	,6887944	,6097159	,6950151	,7277831	,7868424	,8589833	,9573902	,10429980	,
14904667	,14774630	,14505291	,14439755	,14044998	,13587274	,12661805	,11868691	,11540754	,11279635	,11084823	,10427153	,10098703	,9506826	,8784390	,8522758	,7867912	,7211783	,6884102	,7278857	,8134156	,8727310	,9123858	,9123601	,9056270	,8990992	,8990736	,8924943	,8992018	,9124113	,8992785	,8728077	,8793870	,8926735	,9255696	,9190675	,9191186	,9126161	,8993297	,9058831	,9060627	,9125906	,8071948	,6162950	,6687494	,7081479	,7474952	,8065033	,9179915	,10691097	,
14970208	,14438983	,14308429	,14175555	,13584961	,13055279	,11868179	,11542038	,11280661	,11017746	,10624789	,9637642	,9308678	,8653574	,7997958	,7867141	,7343108	,7147271	,7739400	,8463114	,8793357	,8925967	,8992272	,9057039	,9188112	,9123602	,8925967	,8991759	,8992785	,9058322	,9056783	,8792844	,8860430	,9059346	,9191187	,9125395	,9124882	,9256978	,9256722	,9191955	,9190929	,9190673	,8665360	,6295302	,6556166	,6819080	,7147015	,8261897	,9179657	,10428184	,
14634052	,14569287	,14243148	,13650500	,12989485	,12261652	,11803923	,11214353	,11018774	,10426642	,9702151	,8915204	,8653574	,8129287	,7342598	,7409671	,8003081	,8265992	,8462600	,8792589	,8794638	,8925967	,8859918	,8794125	,9122577	,9123858	,8861199	,9058065	,9057552	,9189138	,9122064	,8793099	,9058321	,9256466	,9256723	,9190161	,9255442	,9454355	,9519891	,9388820	,9256208	,9125135	,8928784	,6755592	,6293767	,6556680	,7015946	,7933704	,8917255	,10099473	,
15028299	,14435904	,13976892	,13255737	,12263193	,11933714	,11540752	,11280146	,10359051	,9374214	,9308677	,8653317	,7538950	,6883845	,7410952	,8333580	,8597518	,8530442	,8661003	,9121551	,9056013	,8990477	,8991504	,8794125	,9188112	,9124113	,8994066	,9190421	,9122575	,9057039	,8925966	,8925197	,9385747	,9584149	,9387284	,9189650	,9190417	,9454358	,9454356	,9190930	,9190929	,9125391	,9060112	,7150602	,5769478	,6359816	,6950152	,7736839	,9048329	,10294798	,
14829892	,14369853	,13776944	,12790819	,12066583	,11606032	,11409682	,10752523	,9832966	,9046278	,8850437	,7932422	,6949893	,7543561	,8596495	,8793870	,8793357	,8793357	,8858636	,8990733	,8991246	,8991503	,8860174	,8925454	,9189138	,8993041	,8927248	,9058835	,8991502	,9122063	,9189136	,9320978	,9451794	,9518611	,9650454	,9453078	,9255697	,9322772	,9323283	,9256465	,9125392	,9126161	,9125649	,7545609	,5835014	,6359560	,7015432	,7867912	,9113866	,10229005	,
14566720	,14172733	,13447212	,12458518	,11868178	,11211789	,10620682	,10095366	,9373957	,8456709	,7670276	,7671558	,8199947	,8858893	,8859409	,8726283	,8792586	,8991245	,9056013	,9253904	,9124113	,9058833	,8992271	,9321490	,9322259	,8992527	,8728589	,8992016	,9188880	,9451282	,9649685	,9650198	,9649941	,9650710	,9650965	,9519123	,9518867	,9388821	,9389077	,9322259	,9059341	,9191952	,9192212	,7810061	,6032391	,6162951	,6949896	,7736583	,8851721	,9966347	,
14302518	,13840428	,13115164	,12392211	,11670286	,10685706	,9832710	,9439750	,8522245	,7735813	,7606534	,8725514	,8990477	,8990734	,8989967	,8660233	,8858378	,9255442	,9583380	,9452049	,9452563	,9387283	,9322001	,9585943	,9455127	,9321748	,8991503	,9253905	,9452049	,9584146	,9650453	,9847575	,9781783	,9782039	,9584916	,9453076	,9519383	,9454613	,9193238	,8928529	,8993038	,9257231	,8994834	,8073229	,6032646	,5966343	,6622216	,7474182	,9048073	,10228490	,
13906478	,13574428	,12918041	,12064018	,11473679	,10291719	,9308423	,8719110	,8063492	,8526858	,8989966	,9187085	,8925709	,9122319	,8990220	,8922888	,9121548	,9386515	,9519126	,9650452	,9781013	,9648914	,9715219	,9914138	,9783577	,9717783	,9518610	,9582352	,9780243	,9650453	,9716500	,9848343	,9783321	,9716758	,9585173	,9650453	,9584917	,9520148	,9323541	,8928529	,8993040	,9125137	,8927758	,7941130	,5967366	,6162951	,6753288	,7736839	,8982793	,9967117	,
13575717	,13048089	,12523541	,11998737	,11079180	,10029318	,9046533	,8129028	,8197383	,9122063	,9255186	,9254418	,9319440	,9384463	,9186829	,9121036	,9189391	,9321746	,9649429	,9715476	,9780244	,9846293	,10109719	,9979415	,9979159	,9979416	,9716244	,9780753	,10042644	,9846034	,9847573	,9848599	,9914393	,9783065	,9650965	,9782036	,9519635	,9388821	,9190672	,9059600	,9060370	,8993553	,8730638	,7679499	,5968134	,5835270	,6688264	,7802376	,9310216	,10229773	,
13179417	,12719893	,12392467	,11735566	,10750728	,9832967	,8849926	,7998724	,8725002	,9385489	,9452307	,9386515	,9318927	,9252366	,9449744	,9516816	,9781780	,9848086	,9714962	,9713937	,9976595	,10240534	,10372377	,10241559	,9846548	,9845779	,9846034	,9912853	,10175767	,9912852	,9781781	,9978901	,10044950	,9848342	,9650706	,9584401	,9454100	,9586456	,9323024	,9257745	,8995601	,8928785	,8337422	,7745804	,6165255	,5769478	,6819080	,8326663	,9769226	,10687758	,
12983065	,12391953	,11932174	,11472393	,10816519	,9833480	,8456965	,8197382	,9383182	,9582352	,9647633	,9384207	,9186060	,9448719	,9581843	,9779987	,10044181	,9979925	,9912852	,9976339	,10174486	,10306839	,10438681	,10241560	,9911572	,9713681	,9845779	,10108182	,10175512	,10110744	,9913110	,9978389	,9978644	,9716242	,9847318	,9716244	,9519635	,9651477	,9520916	,9323795	,8798223	,8731663	,8074766	,7548940	,6362375	,6163206	,7343366	,8654087	,10162699	,11474960	,
13048854	,12325903	,11537162	,11275015	,10619911	,9374983	,8261637	,9185035	,9778704	,9845265	,9712912	,9317133	,9185036	,9580305	,9647379	,9910548	,10042902	,10175511	,10043668	,9910801	,10240278	,10503960	,10505241	,10308122	,9846291	,9845264	,10043412	,10175000	,10109720	,10044698	,9912087	,9977108	,9847059	,9979158	,9979415	,9783319	,9651477	,9585427	,9389332	,9192211	,8928271	,8402445	,7877134	,7614990	,6296839	,6556678	,7998984	,9506312	,10818059	,11867921	,
12850961	,12062476	,11537162	,10947592	,9964807	,7867397	,8198921	,9843726	,9911055	,9976849	,9777935	,9448717	,9514510	,9843218	,9909266	,10172179	,10304276	,10304532	,10172946	,10238995	,10305814	,10504216	,10505240	,10439705	,9913363	,10044692	,10176792	,10109974	,9976851	,9910805	,9910549	,9844754	,9911826	,9979414	,9914392	,9717528	,9650451	,9518864	,9389333	,9257748	,8862479	,8205069	,7876621	,7549197	,6231047	,7015432	,8260873	,9768714	,11211789	,11934226	,
12589074	,12193290	,11734538	,10685704	,9112840	,7869449	,9449743	,10108433	,9911568	,9844750	,9712142	,9844241	,10107153	,9975058	,9907471	,10170384	,10303248	,10369297	,10435861	,10568470	,10372376	,10373401	,10504473	,10373400	,10110997	,10242582	,10308888	,10044436	,9778704	,9712912	,9779474	,9713681	,9845779	,9978390	,9847830	,9651223	,9387026	,9387282	,9389588	,9126675	,8665872	,8140044	,8008460	,7548429	,6426632	,7343113	,8785418	,10556172	,11540497	,12266788	,
12259597	,11865353	,11472905	,10423559	,8915974	,9315597	,10502419	,10175507	,9911825	,10042128	,10108178	,10173202	,10238225	,10040337	,9841678	,9973004	,10303248	,10632980	,10830870	,10766616	,10438678	,10306838	,10241303	,10569752	,10636057	,10505240	,10308887	,10241813	,10042642	,9911568	,9846547	,9846549	,9846292	,9977619	,9912340	,9584661	,9190161	,9519123	,9585428	,9257234	,8402960	,7943437	,8205837	,7480842	,6753287	,8391945	,9965322	,11211535	,12328985	,12989997	,
12389646	,11602954	,11210760	,9964807	,9312264	,10172689	,10436884	,10305811	,10042385	,10174226	,10305556	,10238480	,10172688	,10039055	,9775372	,9974029	,10501909	,10831898	,10767129	,10767642	,10438164	,10239762	,10240019	,10635545	,10834461	,10637595	,10374679	,10307862	,10307095	,10109717	,9978900	,10110744	,10109975	,9911827	,9846291	,9649682	,9321745	,9453074	,9256209	,8993551	,8468239	,8139533	,8468239	,7347721	,7670792	,9834249	,10948875	,12064017	,13315878	,14044741	,
12126731	,11603466	,10948617	,9703174	,9774603	,10501906	,10567699	,10435088	,10237967	,10371091	,10370836	,10303759	,10171408	,10038542	,10038029	,10302736	,10830613	,10897432	,10832154	,10701081	,10371348	,10305557	,10700312	,10702105	,10703642	,10637850	,10440729	,10374423	,10307094	,10109203	,9978643	,10110485	,10176023	,10108949	,10042132	,9582608	,9255695	,9255186	,8992784	,8796431	,8534032	,8468240	,8335629	,7606277	,9375243	,10620683	,11735308	,12785687	,13377054	,13837349	,
11996168	,11669513	,10818059	,9310726	,10104589	,10501650	,10501649	,10565903	,10369552	,10238993	,10435602	,10500625	,10433808	,10171151	,10369555	,10830358	,11028245	,10962966	,10831895	,10568980	,10305298	,10371861	,10832665	,10570777	,10505240	,10570518	,10571030	,10373908	,10174735	,10108943	,10109459	,9978642	,9980182	,10045719	,9846545	,9582607	,9452303	,9255185	,8860687	,8729871	,8533519	,8402703	,6822152	,7670023	,9833226	,11210509	,12391184	,13511463	,14568007	,14959939	,
11864584	,11472138	,10424072	,9707273	,10631952	,10632978	,10434574	,10696463	,10698514	,10304529	,10172176	,10499856	,10302478	,10303760	,10699543	,10962968	,11029527	,11030039	,10898455	,10700052	,10568723	,10503956	,10701335	,10570006	,10438166	,10503702	,10701591	,10373396	,10043921	,9978385	,10109715	,10044435	,9915157	,9915413	,9782547	,9584147	,9452818	,9255441	,8926480	,8664335	,8729872	,7414282	,7014663	,9440521	,11276301	,12456719	,13840938	,14502212	,14494769	,14491687	,
11930122	,11209480	,10292743	,10103309	,10764306	,10631952	,10630926	,10699024	,10635025	,10304527	,10171406	,10434319	,10303504	,10501906	,10766613	,10832919	,10899479	,10965015	,10964503	,10700565	,10832149	,10899221	,10767382	,10635285	,10503187	,10567955	,10305811	,10241556	,10307605	,10110741	,9979154	,9979154	,9783059	,9783572	,9651218	,9781524	,9452817	,9125137	,8796176	,8795663	,8268813	,7277829	,9112328	,10882828	,12326415	,13444641	,14300470	,14496565	,15288133	,15883349	,
12061706	,11078407	,9899012	,10366477	,10763534	,10631180	,10631694	,10570002	,10571283	,10240015	,10171916	,10566416	,10699028	,10897430	,10898709	,10965527	,11031064	,11095575	,11161367	,10898454	,11030552	,10834709	,10768662	,10832919	,10635029	,10436882	,10041613	,9977615	,10374167	,10374422	,10045459	,9848338	,9782547	,9650449	,9650196	,9585171	,9453327	,9190929	,8730896	,8138764	,6754566	,8588040	,10489354	,12260112	,13441047	,14165799	,15159632	,15556959	,15416640	,15149615	,
12127241	,11341321	,9702919	,10105102	,10829838	,10697741	,10829839	,10766354	,10636309	,10240527	,10304012	,10765072	,11029012	,11095060	,11030293	,11030806	,11162134	,11029781	,11094290	,11029268	,10965016	,10638102	,10770199	,10703127	,10767383	,10371859	,9975821	,10108176	,10176530	,10177045	,9979412	,9979412	,9847315	,9584143	,9584657	,9454098	,9323025	,8994575	,8271116	,7148551	,8784392	,11014156	,12128013	,13243410	,14297125	,15358293	,15482945	,14954548	,15288391	,15624290	,
12520459	,11406600	,9899783	,10236685	,10960910	,10961168	,10896147	,10831377	,10634512	,10435084	,10566158	,11093779	,11160852	,11095572	,11160851	,11029522	,10964244	,10897937	,10961936	,10896146	,10766358	,10768150	,10768918	,10637334	,10636056	,10305809	,9976591	,10044432	,10110481	,10044947	,10110482	,10044948	,9781522	,9584401	,9716498	,9389586	,9389843	,8469007	,7410952	,9046280	,11013131	,12323853	,13702420	,14627119	,14960203	,14887474	,15285304	,16219249	,15488601	,14035505	,
12651787	,11471368	,9964805	,10366986	,11158029	,11026959	,10895887	,10764044	,10633229	,10501644	,10764303	,11225621	,11227414	,11096597	,11227156	,11030035	,11029781	,10897170	,11027987	,10436882	,10240530	,10766354	,10897683	,10767895	,10505749	,10505237	,10177042	,10046737	,10111763	,10110995	,10045202	,9782801	,9716752	,9782033	,9782804	,9456403	,8336397	,7869192	,9636361	,11341323	,12193034	,13177873	,14560300	,14887214	,15485256	,16013136	,15619154	,14823219	,15496809	,14832975	,
13111313	,11733001	,10291460	,10299658	,11290128	,11093007	,10830093	,10764044	,10831377	,10897683	,10963216	,11030033	,11031828	,11030802	,11028497	,10962449	,10831378	,10897169	,10831121	,10699281	,10438163	,10700306	,10831378	,10571283	,10572567	,10573079	,10179604	,10047763	,9783825	,9782799	,9979409	,9717008	,9651215	,9914128	,9455121	,8203788	,8261895	,10226443	,11931405	,13047057	,14032665	,14162969	,14426402	,15216685	,15746110	,15416385	,16017505	,15689058	,13833499	,14038316	,
13834261	,12651277	,11273735	,9967369	,11027985	,11094287	,10895886	,10895630	,10896655	,11028754	,11028497	,11029777	,11097106	,11029264	,10829837	,10829582	,10895888	,10831378	,10697999	,10632205	,10634514	,10568977	,10437134	,10373393	,10441238	,10507542	,10179091	,9915921	,9783311	,9848078	,9847310	,9716496	,9783056	,9322256	,8068362	,9374473	,10947338	,12062221	,13244180	,13833751	,14293017	,15545135	,15807281	,15085875	,15020078	,15820127	,15150903	,15157315	,14560040	,12650508	,
14359835	,13637396	,12586767	,10946569	,10627083	,10831630	,10699275	,10764044	,10829839	,10896144	,10895116	,10830604	,10964495	,10896912	,10829070	,10698252	,10830865	,10831121	,10632204	,10501388	,10568722	,10437393	,10174221	,10372111	,10177808	,10178578	,10244372	,10046737	,9914127	,9848590	,9650956	,9453070	,9186572	,8983304	,10422795	,11537164	,12981524	,13835291	,13700883	,14952486	,15607592	,14880793	,15744569	,16686736	,15551311	,14557733	,15091267	,13899033	,13904417	,13443098	,
15413801	,14754847	,14030870	,13046031	,11733513	,10754570	,10432522	,10697739	,10961936	,10895632	,10631434	,10632715	,10897679	,10896143	,10763277	,10698254	,10765328	,10765583	,10502157	,10371342	,10438161	,10239758	,10107915	,10371854	,10242578	,10111761	,10112273	,10046737	,9914383	,9518605	,9382667	,10032649	,10817035	,11734285	,12587022	,13768471	,13765906	,14556960	,15609388	,14750491	,15213608	,16411490	,15414331	,15355981	,16421508	,14889784	,13636373	,13704988	,12915732	,13446688	,
15877693	,15346727	,14753565	,14425371	,13505042	,12454669	,11471882	,10756105	,10960399	,10896911	,10764556	,10830861	,10897423	,10830349	,10698253	,10764559	,10831120	,10765584	,10568206	,10371854	,10437903	,10042891	,10108173	,10176015	,10177553	,10177039	,9913613	,9911565	,10036491	,10622218	,11209226	,12258832	,13177617	,13768212	,14226968	,14226710	,15674663	,15077144	,14883871	,16341578	,15482180	,15219518	,16086639	,14817828	,14828866	,15627374	,14096414	,13113623	,13047828	,12657432	,
16004659	,15542823	,15410981	,15147808	,14819099	,14096150	,13439762	,12455438	,11539981	,11084556	,10892044	,10960910	,10962447	,10831115	,10766092	,10832398	,10832911	,10898190	,10701069	,10373390	,10045454	,10044172	,10241295	,10176016	,10500880	,10758926	,11019019	,11407623	,12523024	,13111312	,13899286	,13832469	,14424604	,14882844	,15277857	,15276316	,14817560	,16272195	,15280427	,15414319	,16355203	,15215153	,14822189	,15621977	,14030367	,14434104	,14695731	,12652046	,13052443	,11934996	,
16269116	,16269881	,16071221	,15808567	,15412776	,15148835	,14557725	,13638166	,13702677	,13111570	,12587281	,12457746	,11934735	,11544334	,11284237	,11285516	,11155469	,11024398	,11024142	,11022862	,10824972	,11217165	,11345933	,11540492	,12259856	,13112597	,13374484	,14228250	,14294551	,15151142	,14817565	,15871534	,15144735	,15873590	,15345966	,16141640	,15350335	,15683402	,16086895	,14948894	,15688533	,16157048	,14555677	,14963512	,15290954	,13307154	,13774884	,12786964	,11934737	,11278350	,
16543586	,16402237	,16402494	,16404294	,16139580	,15676975	,14887200	,15545131	,15149092	,14886180	,14755108	,14227996	,14162972	,13702166	,13242643	,13309460	,13047059	,12587793	,12784400	,12915216	,13111571	,13308692	,13438741	,13899031	,13833237	,14623264	,15017250	,15610921	,15541286	,16006713	,16267579	,16066606	,16267575	,15743290	,16083557	,15481662	,15753819	,14688293	,15957620	,15353404	,14754592	,16027515	,15627888	,14360339	,14764854	,13967388	,12588819	,12723995	,10949643	,10426123	,
16423048	,16346463	,16407376	,16539722	,16336188	,15740714	,16271160	,16205373	,15942200	,15675695	,15610159	,15544105	,14885919	,15215397	,14884642	,14820387	,14490652	,14161946	,14622752	,14358812	,14885409	,14753312	,15147298	,15146529	,15277858	,15606822	,15935528	,15938342	,16598334	,16000303	,16608866	,16006981	,16410205	,15546425	,15684430	,15085619	,15156798	,14628146	,14895427	,15429213	,14623259	,15290434	,16564394	,15494503	,13573142	,13906210	,12064017	,11476497	,9508106	,9116684	,
16420474	,16356999	,16486520	,16619911	,16344918	,16338243	,16537927	,16402751	,16202548	,16468287	,16002865	,16402755	,15803944	,16071476	,15872560	,15279141	,15740203	,15146783	,15807789	,15541287	,16267575	,16000300	,16464441	,15868456	,16331056	,15869480	,16204352	,16139076	,16605788	,16271948	,16413546	,15951713	,15679293	,15552068	,14624293	,15094344	,14231848	,14434358	,13901856	,15167842	,14699059	,14692130	,16159354	,16302247	,14503746	,12984597	,11607314	,9442312	,9577233	,10894875	,
15812919	,16220523	,15952218	,16487805	,16083808	,16687242	,16414312	,16544869	,16404551	,16540755	,16404038	,16470603	,16469834	,16402758	,16470342	,16069168	,16334133	,15870506	,16467002	,16068655	,16665926	,16265782	,16667719	,16199218	,16605271	,16209490	,16089209	,16084590	,16276571	,16542819	,15808825	,16084317	,14688288	,15024435	,13900826	,14499380	,13574939	,13178641	,12981006	,13971752	,14500395	,13705489	,15095614	,16037781	,15170655	,12854290	,10097931	,8852488	,10233618	,11682847	,
15615794	,15681844	,16208443	,15813173	,16416872	,16354936	,16491407	,16083038	,16553349	,16214623	,16551553	,16142923	,16418684	,16081757	,16482677	,16212570	,16278877	,16144726	,16473686	,16272713	,16680316	,16334400	,16682875	,16140107	,16482421	,15686490	,15752022	,15818072	,15547455	,16082519	,15015968	,15354173	,14296093	,14033178	,13771801	,13046028	,13509394	,12389385	,12523024	,12324875	,13379864	,12655627	,13907233	,15499091	,15102532	,13188899	,10626323	,9312264	,10101261	,11419418	,
15355693	,15350306	,16081725	,15745837	,16347206	,15880501	,16282958	,15879488	,16354673	,15949649	,16417134	,16012109	,16285292	,15950938	,16020839	,16155258	,15951458	,16285305	,16216940	,16206924	,16620434	,16336197	,16552579	,16012885	,15946061	,15156293	,15288387	,15425367	,14888235	,15551038	,14756388	,14492957	,14429470	,13702673	,13840410	,12653836	,12721425	,11997962	,11341322	,11539465	,11211530	,11539976	,12131853	,14503723	,15099710	,13455148	,11219221	,9837834	,10363921	,11156763	,
14631710	,15222309	,15225385	,15486251	,15621425	,15749937	,15554867	,15813680	,15884861	,15612203	,15945527	,15414573	,15948099	,15287608	,15154737	,15555665	,15417147	,16089459	,15879237	,16145756	,16619914	,16137272	,16414059	,15683403	,15546165	,15090497	,14690341	,14693418	,14426396	,15157820	,14892589	,13966101	,14236707	,13573393	,13445143	,12460047	,11406856	,12000010	,10621445	,10165516	,10298383	,9903116	,10559501	,12133901	,12859417	,11947040	,11089432	,10165775	,10299668	,10762520	,
13577488	,14238751	,14038804	,14830370	,14565916	,15094825	,14566174	,15422765	,15091240	,15546666	,15286569	,14821661	,15089448	,14296603	,14363166	,14757924	,14560035	,15354173	,15150885	,16416111	,16358534	,15807279	,16147804	,15556951	,14685975	,14757415	,13965333	,14098711	,13967382	,14167326	,14564903	,13705237	,13644572	,13051410	,12325902	,12066317	,10884103	,10756366	,9970702	,8789007	,9708813	,10762264	,11155223	,11483160	,11219989	,11090710	,12009759	,10495504	,10300177	,11091480	,
11869446	,12460809	,12328199	,13382928	,13447184	,13711894	,13446928	,14766627	,14234906	,14957604	,14496795	,14296599	,14300445	,13770003	,13837332	,13967894	,13901845	,14562596	,14491927	,16221292	,16225900	,15348774	,15351861	,15225922	,14227478	,14296345	,13440529	,13706522	,13576472	,13509654	,14173737	,13315095	,12853779	,12722958	,11211271	,10885897	,10361352	,9904399	,10302744	,9708305	,9509390	,10364946	,11417880	,11879198	,11877658	,11744794	,11285529	,11155993	,10826776	,10763545	,
11084298	,10753539	,10883073	,11146499	,11803911	,12329737	,12263178	,13383950	,13116684	,14036500	,13576461	,13707029	,13709334	,13114894	,13312784	,13310225	,13179151	,13706002	,14165271	,15959387	,15833706	,15024682	,14494744	,14563615	,13374222	,13442321	,12587019	,12655117	,12787983	,12853519	,13383961	,13120790	,12197389	,11410183	,10556935	,10692622	,10957845	,10959385	,11157018	,10694165	,10166289	,10033420	,11153941	,11483671	,11811866	,11482139	,10100750	,11353629	,10435354	,9845271	,
11152655	,10428167	,10229508	,10295299	,9835522	,10097153	,10293251	,11016195	,11211524	,12328712	,12196869	,12327691	,12789001	,12328203	,12788494	,12260105	,12654859	,12719883	,13905690	,15500378	,15109221	,14569004	,13639949	,13905941	,12588041	,12655114	,11603973	,11671046	,11408903	,11344134	,11806473	,12333583	,11674634	,10428427	,11351578	,11615518	,11681821	,11614744	,11484952	,10693651	,10230285	,10494225	,11219991	,11152914	,11745817	,11483420	,10233618	,10960156	,10696473	,9715225	,
11613970	,10754826	,11415572	,10954506	,10232071	,10036496	,9245704	,10033671	,10756360	,10753284	,11015683	,10949893	,11475460	,10818306	,11738120	,11145988	,11539202	,11275780	,13116180	,14904131	,14646094	,14042403	,12655110	,12132105	,11345416	,11347464	,10689286	,10954249	,10888201	,10493702	,10230278	,10624777	,10690573	,11285020	,11877920	,11680282	,11878940	,12141854	,11812632	,10690827	,9965317	,10823696	,11352086	,10954512	,11747100	,10762011	,9643025	,10630938	,10497557	,9520408	,
12602659	,12271131	,12602404	,12404510	,11415827	,11218709	,10493965	,10758156	,11287060	,11482648	,11086352	,11150859	,11283468	,10953993	,11018759	,10953992	,10164997	,10032132	,11604486	,14500643	,14440759	,13051921	,11146756	,11153165	,11218701	,11482386	,11482641	,11350804	,11350035	,11020045	,10690057	,11219222	,10628117	,10823189	,12471332	,12404255	,12272155	,12205594	,12141340	,11613462	,10755597	,11349525	,11877916	,11417880	,11353370	,9841170	,9052174	,10499353	,9647380	,8867095	,
13394482	,13327663	,13326892	,12932391	,11874068	,11741968	,11015427	,11151372	,11613715	,11348239	,11747608	,12074779	,11946012	,11482127	,11548944	,11484688	,11156499	,10695181	,10163460	,11934989	,12528150	,10752772	,10095619	,11150860	,11812885	,12008984	,12073752	,12272416	,12073245	,11545617	,11281676	,11943705	,11680794	,11481365	,12341284	,12404255	,12403228	,12139031	,12141339	,11943194	,11743510	,11611412	,11812382	,11551006	,10893849	,9184271	,9512722	,10171927	,8994834	,9259799	,
13456426	,13721396	,13657141	,13062950	,12069647	,12397844	,11738119	,11672071	,12005395	,11738634	,12601635	,12867118	,12604464	,11477002	,11808784	,11880474	,11553306	,11224855	,11025423	,10756618	,10820104	,10754825	,11215630	,11808275	,12141082	,12336153	,12533533	,12204829	,12138265	,11940887	,12139032	,12006931	,12208155	,12209439	,12142622	,12272155	,12205594	,12073240	,12007704	,11679254	,11414805	,11283734	,11549722	,11617054	,10566425	,8855821	,9908245	,8927252	,8994838	,9656353	,
13521708	,13589295	,13655855	,13322271	,12859673	,12990234	,12329226	,12065284	,12531478	,12330254	,13061161	,13328438	,12798760	,11802633	,11804940	,12140571	,11747350	,11617817	,11683095	,11681302	,11347212	,11410443	,12469022	,12534816	,12402972	,12731167	,11872016	,11475468	,12401438	,12402205	,12403741	,12140055	,12273950	,12472354	,12537633	,11612180	,11743511	,12138777	,12270876	,12073755	,11614233	,11287835	,11353113	,11486493	,10041367	,8857103	,9320217	,8468757	,9257494	,10582851	,
13456169	,13590063	,13589549	,13324329	,12730656	,12729372	,12131594	,12131079	,12994594	,12792343	,13190690	,13325865	,13259563	,12460302	,12066057	,12336922	,11811348	,11745555	,12010519	,12143389	,12075292	,11737351	,12597272	,12469021	,12534046	,12467738	,11805198	,11738125	,12465691	,12600350	,12536094	,12603168	,12602914	,12867111	,12539176	,11151376	,10622472	,11610642	,12205597	,12075294	,12012579	,11684386	,11354397	,11026202	,9976343	,9516567	,8993047	,9124118	,9325076	,11510381	,
12797724	,13128487	,12995361	,13195821	,12138520	,12668717	,11871506	,12133910	,12864810	,13191201	,13653548	,13590835	,13459253	,12791572	,11868168	,12398355	,12471327	,12073492	,12337689	,12472356	,12669480	,12071444	,12201232	,12269589	,12335382	,12138774	,11739148	,11869965	,12135699	,12665117	,12402713	,12601886	,12734238	,12603933	,12142622	,11216399	,10556681	,11215886	,11614230	,11616798	,11881506	,11749664	,11222556	,10697499	,10238233	,9583126	,9190165	,9517590	,9658656	,12302735	,
12469531	,12601374	,12665372	,12665118	,11741198	,12601895	,11151121	,11542540	,12797472	,13127203	,13455660	,13723449	,13393712	,12463633	,12065800	,12794905	,12931877	,12533273	,12137235	,12602404	,12735531	,11809045	,11674894	,12271640	,12204054	,12005651	,11540230	,11475464	,11938320	,12599578	,12732447	,12535837	,12407837	,12408864	,12077598	,11547928	,11084048	,11351061	,11288089	,11551260	,11617052	,11288603	,10762778	,10698268	,10107159	,9910807	,9911064	,9849109	,9662509	,10724734	,
12339998	,12537376	,12336409	,12402205	,11742485	,12402974	,10820617	,11149069	,12732448	,12402459	,12268054	,13394739	,12866084	,12331277	,12065030	,12660499	,12859926	,12863262	,11808018	,12271648	,12008217	,11280653	,11808276	,12404252	,12337178	,12272668	,12139287	,11476234	,12004369	,12601889	,12733477	,12602660	,12339741	,12405279	,12078371	,11615773	,10231052	,10629397	,11354655	,11485724	,11223838	,10369305	,10565145	,10435355	,9845528	,9976345	,10371613	,9852439	,8939047	,7501396	,
12275488	,12340511	,12337949	,12470560	,11808786	,12205853	,11875093	,12006932	,12468507	,11874578	,11147526	,12733731	,12532763	,11671558	,11671302	,11473924	,11804940	,12533793	,11546902	,12009757	,11414034	,10886411	,11942681	,12405791	,12074004	,12338971	,12207902	,11476745	,11873552	,12537890	,12471075	,12271392	,12074266	,12273952	,11944991	,11419166	,9445646	,10630938	,10761496	,10103057	,10434585	,10566430	,10697246	,9580053	,10107930	,10172954	,10176027	,9655831	,6901020	,3948071	,
11812888	,12010266	,11877913	,12405282	,11809813	,11544852	,12535330	,12337176	,12139801	,11743763	,11147786	,12532765	,12600094	,11938321	,11080711	,11082250	,11609359	,12205082	,11677458	,12141856	,11284244	,10690317	,11812890	,12207902	,12273181	,12205846	,12007702	,10950407	,11479053	,12403998	,12074268	,11743767	,11345934	,11810585	,11418135	,10828570	,10106134	,11224093	,10236949	,9578258	,10303514	,10631964	,10172187	,9449493	,10567711	,9909783	,9257747	,8411937	,4933677	,3882797	,
11548951	,11682074	,11483157	,11548950	,10692109	,10624524	,11943452	,12468253	,12602153	,10494476	,10295563	,12004884	,12405025	,11877144	,11081736	,11016971	,11610897	,11876886	,12008730	,12272673	,11811354	,10955793	,11680792	,12075802	,12207901	,12074262	,11744789	,10821644	,10753799	,11479313	,11743763	,11283476	,10227974	,10889231	,11484955	,10564118	,10960412	,11422754	,10171928	,9711126	,10631963	,10171674	,9185554	,9844246	,10567454	,9319444	,9457948	,8683612	,7438440	,7305826	,
11943449	,11681048	,11219475	,11482388	,10824978	,10231052	,11614229	,12734504	,12732458	,10163209	,9246987	,11614233	,12011037	,11682075	,10887182	,10950921	,12072728	,12472099	,12339231	,12140317	,11943451	,12009755	,11944475	,11878680	,11877399	,12008987	,11416596	,10822414	,10558219	,11216400	,11415315	,10691598	,9769478	,10956561	,10958614	,9707277	,10565401	,11027999	,10040343	,10565403	,10960927	,9843991	,8791309	,10106648	,10172699	,9190161	,10321223	,10661782	,10268051	,9939343	,
11616024	,11483157	,10957588	,10759442	,10429455	,10691086	,11677201	,12468511	,11874583	,9833475	,9640715	,11353627	,11945759	,11549976	,10558987	,10885384	,12008727	,12142107	,12207645	,11943450	,11681050	,11811097	,12009244	,11878938	,11747609	,11746073	,11549208	,10956563	,10427147	,10824211	,10627858	,10364174	,10561038	,11222296	,10431506	,9838605	,10697498	,10697753	,10828572	,10696475	,10501404	,9976087	,9581332	,10501150	,9516310	,9193232	,10719840	,11912884	,11781038	,11714988	,
11090711	,11419158	,11089684	,10695190	,10296841	,11283473	,11939861	,12598044	,11349266	,9704967	,9837323	,10694676	,11749406	,12274467	,11613977	,11152915	,11550743	,11616794	,11550232	,11747610	,11550486	,11483154	,11746328	,11879707	,11880735	,11615769	,11680536	,11351832	,10824722	,10628628	,10299663	,10694161	,10894358	,10960921	,9773837	,10168592	,11092509	,10631706	,10631707	,10369820	,10238748	,10304537	,10567196	,9975833	,9126162	,8931855	,11049326	,12373177	,12307125	,12110256	,
10366995	,10894357	,10762771	,10762778	,10233617	,10758415	,11483158	,11286548	,10825487	,9576458	,9246984	,9970959	,11025429	,11354391	,12077855	,11683357	,11683100	,11485209	,11484183	,11616283	,11681562	,11286802	,10759952	,11219986	,11945760	,11682332	,11417363	,11352342	,11090198	,10562064	,9902343	,10429966	,10827542	,10367509	,9905681	,10696473	,11290658	,10764318	,10633246	,10567967	,10304797	,10305566	,10305049	,9452049	,9324561	,10319936	,12239011	,12569782	,12175276	,11518369	,
10039826	,10566679	,10699542	,10697750	,10103570	,10038034	,10039059	,10302482	,10565397	,10301716	,9314827	,9051401	,10368787	,10368272	,11024921	,11091224	,11485210	,11287321	,10956819	,11087124	,11351577	,11352083	,9772553	,9772044	,11221530	,11485979	,11419671	,11023378	,11155991	,10364429	,9507333	,10034443	,10890770	,10564372	,10499863	,10829084	,10895902	,10633502	,10567452	,10370845	,10240799	,10240542	,10108184	,9453330	,9723167	,12304025	,12964542	,12371883	,11452309	,10073719	,
10303506	,10172179	,10632726	,10040338	,9711378	,9512464	,9776916	,9446671	,9973523	,10697752	,9907216	,8723208	,9711376	,10105105	,10367250	,10565397	,10827028	,11550494	,11350807	,11286041	,11285781	,11417623	,10365200	,9706763	,10762263	,10829080	,10958615	,10890257	,11089684	,10365198	,9574152	,10826003	,11090968	,10763801	,10829340	,10565912	,9975576	,10371103	,10568223	,10699806	,10635298	,10239771	,10109976	,9718034	,10845246	,13292730	,12636085	,11321491	,9679462	,7644478	,
10763030	,10238741	,10302996	,9382929	,8726030	,9052941	,10170901	,9709327	,9578257	,10500631	,10236435	,10039570	,10171923	,10303764	,10304020	,10566421	,10630674	,11287576	,11220243	,11285266	,11221527	,10826517	,10037263	,9575690	,10234641	,10827799	,10495760	,10890771	,11092505	,10301712	,9971984	,11026971	,10960923	,10894362	,10566682	,9712150	,10107163	,10173725	,10108187	,10765344	,10437149	,9911576	,10111768	,9785616	,11244886	,13293242	,11519900	,9221221	,7250745	,6528300	,
10434585	,10107157	,9317135	,8791566	,8265483	,8987406	,9710610	,10038547	,9775379	,10500632	,10632985	,10566681	,10500630	,10370067	,10568214	,10434836	,9512204	,10037775	,11090710	,11090966	,10762773	,10763287	,9907215	,9379084	,10103060	,11090713	,10694161	,10300944	,11026714	,11026201	,10828566	,10961435	,10895388	,10696730	,9579539	,9513747	,10172440	,9909527	,9976859	,10174238	,9647639	,9517588	,10112023	,9786640	,11247968	,12177058	,9090401	,7053619	,6790708	,6987833	,
9512465	,9646866	,9778708	,9318416	,8857871	,8922383	,9579024	,9710612	,8855566	,10171928	,10830877	,10566680	,10567447	,10568216	,10569241	,10699288	,9380363	,8853255	,10105620	,10501657	,10500631	,10500630	,10500373	,10367252	,9905678	,10433044	,10630421	,10498322	,10300945	,10696470	,11025946	,10960667	,10829599	,10435872	,9119761	,9842965	,10303769	,9778710	,9911580	,9581847	,9845015	,10110999	,10177044	,10114069	,10199380	,8697177	,6528040	,6658861	,7249723	,7249982	,
9842192	,10041622	,10895644	,10370588	,9053711	,8528652	,9251857	,9317137	,8067594	,9777686	,10765855	,10501146	,10437147	,10766877	,10634011	,10894875	,9775120	,9380108	,10106133	,10237974	,10698521	,10499861	,10500117	,10501142	,9381131	,9117194	,9444620	,10036494	,10302229	,10498838	,10631446	,10894618	,10764322	,9909530	,8987919	,10041114	,10568479	,9912346	,9780506	,9910554	,10175000	,10177556	,10373910	,10312475	,8229422	,6331690	,6330664	,6789938	,7118393	,6987064	,
10304533	,10502171	,11619617	,10827544	,9841170	,8857614	,8857359	,8922639	,8198665	,9052173	,10303000	,10566939	,10501916	,10632729	,10500120	,10564631	,9972752	,10500630	,10764314	,10500375	,10697240	,10696982	,10631701	,10039569	,9051401	,8918280	,8916998	,9511949	,10632729	,10630935	,10629909	,10301975	,9908762	,8855054	,9053457	,10108443	,10174746	,9911065	,9910810	,9582869	,10044438	,10307095	,10963996	,9987099	,7311144	,6396717	,6593068	,6723887	,7117620	,7969335	,
10041365	,9975573	,10436632	,10170129	,9973266	,9186320	,9054736	,9448210	,8987664	,8854540	,9776916	,10304792	,10501145	,10170901	,9841937	,10631960	,10698519	,10764826	,10895129	,10829082	,10894103	,10433814	,10698010	,10104081	,9180678	,9113349	,9047557	,9774863	,10895130	,10762008	,10367253	,10302744	,9710099	,8592653	,9252884	,10043420	,10108698	,10239769	,9449744	,9319440	,10306839	,10568473	,11030046	,9724955	,7573293	,6658866	,6592814	,6527020	,7379250	,8623667	,
9712146	,9974804	,10106903	,9843988	,9712402	,8857870	,9318163	,9975061	,8790797	,8526603	,9515031	,10305305	,10304022	,10040596	,10237718	,10764571	,10632984	,10830362	,10895128	,11027484	,10829592	,10499349	,10237461	,9051914	,8721669	,9180422	,9443081	,10365971	,11025691	,10433048	,10498840	,10499863	,10104851	,8658700	,9843992	,9844761	,10107673	,10502425	,9318414	,10106899	,10764568	,11093276	,10832923	,9855002	,7899949	,6724147	,6395692	,6329898	,6919724	,8426285	,
9778194	,9975316	,10500886	,10697497	,9711893	,8661007	,9318677	,10106903	,8987405	,8132105	,9053457	,10106905	,9711378	,9908754	,10698008	,10698778	,10434839	,10105876	,10565910	,11027739	,10829080	,10893847	,10433556	,9182731	,8985097	,8984584	,9247755	,9642766	,10104083	,10236184	,10499354	,10893593	,10564886	,8855564	,9449236	,9515027	,10237720	,10041365	,9909266	,10895642	,11158301	,11289631	,10898202	,10378266	,8095016	,6592303	,6460457	,6394921	,6263849	,7049509	,
9516564	,9714196	,9911318	,10698778	,8987661	,8199946	,9186065	,9710866	,9841938	,9316110	,9053709	,10107161	,9974292	,10105621	,10434070	,10566166	,10565910	,9444874	,9379851	,10763289	,10829593	,10828824	,10368276	,9379850	,9115399	,8917252	,9246986	,9052429	,9513490	,10564889	,10762525	,11090975	,10235413	,8659212	,9581334	,10369305	,10172439	,9777425	,10696727	,11355166	,11486752	,11092507	,10701340	,10508318	,8289064	,6525999	,6460461	,6460205	,6460718	,6198058	,
9383183	,9646866	,9647380	,9713941	,8856332	,8528395	,8856333	,9841682	,10566169	,10501402	,9843220	,9975319	,10040086	,10631704	,10631703	,10565398	,10500631	,9379851	,9115913	,10894875	,11619365	,10829084	,10236181	,9707535	,9640206	,9112324	,9114632	,9316113	,10304795	,10566687	,11158823	,11289893	,10434844	,8922894	,10172955	,10698782	,10239258	,10238743	,10829082	,11355422	,11552801	,10765083	,10570269	,10506781	,8614439	,6459953	,6329391	,6328878	,6394930	,6394930	,
9384464	,9646097	,9515026	,9122321	,9185806	,8987919	,9382674	,10501914	,10633755	,9776658	,10105880	,9579024	,10237206	,10566169	,10632473	,10434069	,10170387	,9248012	,9379340	,10960667	,11488548	,10698267	,10631194	,9968910	,10033166	,9113094	,8853513	,9842453	,10699291	,11159330	,11419680	,11947820	,11620908	,10040597	,10304025	,10501403	,10304281	,10632988	,10830107	,11421730	,11553828	,10896669	,10634779	,10636316	,9202212	,7049011	,6460464	,6591024	,6460210	,6526006	,
9648150	,10042135	,9777169	,9185294	,9318418	,9186578	,9317650	,10435867	,10370842	,10106134	,10304025	,9710097	,9973781	,10566427	,10566938	,10369558	,10039570	,9380364	,9247754	,9840911	,10896925	,10764828	,10763035	,11024411	,10168083	,9049863	,9182731	,9843989	,11158813	,11946788	,12206881	,12539441	,11686185	,10501659	,10369819	,10435612	,10436892	,11027998	,11289886	,11553058	,11553572	,10829851	,10633755	,10701854	,9854238	,7635242	,6393644	,6327592	,6327852	,6262835	,
9711379	,10041109	,10040595	,9777940	,9779993	,9516053	,9514515	,10106389	,10370584	,10962977	,10699805	,9184525	,9711636	,10698525	,10698267	,10568730	,10436631	,9512461	,9248011	,9643022	,10633756	,10829852	,10960925	,10895387	,10039058	,9840658	,10236437	,10896413	,12344366	,12605999	,12736303	,12145452	,11028513	,10764573	,10436125	,10567454	,11028000	,11355423	,11420193	,11420448	,11288605	,10959644	,10962207	,10964256	,10572062	,8548640	,6588195	,5933088	,5933349	,5868330	,
9973265	,9776657	,9776914	,9580306	,9384468	,9055507	,9711894	,10501916	,10503712	,10568734	,10633243	,10171415	,10106390	,10764572	,11027487	,10765338	,10501913	,9446670	,9510412	,9773581	,10500122	,10631450	,10368278	,10237462	,10566169	,10829086	,10632476	,10960411	,12737841	,13726278	,13133118	,11422498	,10632730	,10369306	,10238747	,10633501	,11223581	,11287837	,11484962	,11420450	,11223070	,10893852	,11223841	,11159839	,11160096	,9723931	,7043866	,5801501	,5932834	,5867815	,
10499351	,10434329	,10170642	,10105107	,9251088	,8857872	,9712406	,10567453	,10305309	,10305564	,10502169	,10698266	,10435097	,10961951	,11027230	,10765084	,10697754	,9839631	,9510155	,10035982	,10564889	,10040085	,10302741	,10564630	,10762009	,10696987	,10501147	,10238229	,10435606	,11488295	,11226152	,10634781	,10567966	,10041112	,10435869	,10962208	,11551261	,11879199	,12077862	,11552802	,10959901	,10432021	,11287324	,11619620	,11554596	,10770209	,8285720	,5866014	,5736227	,5998889	,
10631448	,11355682	,11092001	,10828059	,10038548	,8791053	,9316112	,10236440	,9974549	,10172440	,10172953	,10436123	,10501146	,10764830	,10962722	,10700064	,10435609	,9577999	,9575949	,10035214	,10629914	,10301719	,10629653	,10828056	,10762520	,10828572	,10764571	,10305047	,10107416	,10237977	,10435869	,10568993	,10371360	,10304540	,10634015	,11028255	,11682333	,12668198	,12341802	,11355937	,10762779	,10233618	,11153944	,11619622	,11686439	,11161891	,9395739	,6781727	,5669923	,5998119	,
10763033	,11947815	,12080685	,11487526	,10630939	,8855563	,9249549	,10564631	,10368535	,10171927	,10368280	,10237976	,10173466	,10173465	,10501149	,10501149	,10237720	,9709840	,9706763	,9970703	,10433560	,10563349	,10563604	,10762777	,10961182	,11159329	,10962463	,10633499	,10303769	,10236952	,10831140	,10766630	,10568740	,10436127	,10502430	,10962207	,10959896	,11484956	,11749667	,11487524	,11091744	,10497047	,10826008	,11290147	,11817000	,11685414	,10178587	,7826971	,5930784	,5800737	,
10698777	,11947300	,12275752	,12342574	,11091231	,8920588	,9578515	,10959900	,10697242	,10566426	,10763548	,10566684	,10369818	,9974294	,9182987	,9643023	,10434074	,10763036	,10102799	,9971729	,10434070	,10499093	,10630679	,10762521	,10960925	,10895645	,10369562	,10566939	,10369820	,9974551	,10699555	,10635045	,10437668	,10502175	,10566940	,10894878	,10829339	,11157789	,11617825	,11618338	,11421989	,10959132	,11022873	,11287839	,11814946	,12210473	,11094557	,9002520	,6583836	,5406232	,
10237717	,11224605	,12341801	,12341801	,11025434	,8855563	,9776150	,10961953	,10894365	,10893850	,11157790	,11158304	,10960413	,10433815	,9380877	,8985866	,10038805	,10895134	,10565401	,10235668	,10630936	,10827802	,10892827	,11090714	,11025946	,10566682	,10172183	,10369562	,10436381	,10239260	,10436895	,10173982	,10634789	,11028259	,11092509	,11025693	,11222558	,11617827	,11880226	,12012071	,11948076	,11485988	,11285530	,11811612	,12010270	,12472620	,12012839	,10375964	,7432981	,5601556	,
10040853	,10041364	,10567194	,10894874	,10369303	,9119760	,9578258	,10565657	,10959386	,11157019	,11157275	,11026204	,10960923	,10961437	,10170644	,8985097	,9183246	,10171930	,10301973	,10826518	,11419678	,11617568	,11748387	,11287836	,10894107	,10764317	,10567193	,10698780	,10831392	,10634270	,10172440	,9842710	,10897448	,11026719	,11288092	,11221272	,11352346	,11748129	,12077091	,12077609	,11880487	,11880487	,11746848	,12206624	,12272672	,12340778	,12340522	,11357216	,8478229	,5861906	,
9712149	,10108185	,9845014	,9514770	,9645845	,9514517	,9446160	,10761496	,11156506	,11288862	,11157277	,10894363	,11026973	,11422498	,10695705	,9772045	,9576463	,10498583	,11287579	,10958615	,11353371	,11748385	,11814947	,11287838	,10630168	,10565658	,10565144	,10894619	,11159070	,10960924	,10432278	,10498840	,11224611	,11552546	,11748383	,11681308	,11746843	,12010784	,12274985	,11945507	,11813407	,12142629	,12537130	,12669230	,12405799	,12341033	,12406570	,11881766	,9785626	,6908177	,
9514260	,10109211	,10042391	,9317646	,9447954	,9448470	,9644050	,11024410	,11156251	,11157790	,11354912	,11551777	,11354909	,11356193	,10628629	,9902860	,10233106	,11154971	,11682335	,11287579	,11090456	,11221017	,11221528	,10827288	,10300179	,10562323	,10628115	,11090201	,11419676	,11090713	,10694422	,10695704	,11421216	,11947301	,12011811	,12077349	,12077860	,12274727	,12274218	,11944737	,12141089	,12536616	,12867120	,13131319	,12603691	,12472363	,12670767	,12211243	,10702111	,8412949	,
10237721	,10502686	,10304538	,9842450	,9842451	,9974553	,10037781	,11155741	,11090458	,11090714	,11288093	,11551519	,11486751	,11355422	,10496531	,9705739	,10168080	,11287068	,11353885	,11091227	,11025947	,10169359	,10036750	,10827546	,10826775	,10693138	,10296074	,10757647	,11484698	,11353627	,10891285	,11286811	,11880739	,12077861	,12143140	,12143653	,12143397	,12274216	,12010272	,11944222	,12205598	,12601124	,12735787	,12999729	,12735789	,12735535	,12802355	,12342318	,11421216	,9852185	,
10566939	,10632476	,10501662	,10237462	,10303000	,10698530	,10365975	,11351836	,11418651	,11352602	,11418141	,11616287	,11485983	,11353628	,10560785	,9771531	,10365457	,11288347	,11289116	,11223323	,11355164	,11024664	,11221278	,11552807	,11419936	,11155484	,10625551	,10690060	,11615002	,11747356	,11154456	,11088665	,11748384	,12011296	,12143137	,12406054	,12272163	,12337443	,12272932	,12405030	,12534561	,12732707	,12998700	,13000243	,12933938	,12867634	,12934197	,12473134	,11616799	,10963998	,
10960927	,10830111	,10633501	,10697756	,10433816	,10631453	,10364947	,11219226	,11548955	,11681565	,11615517	,11746848	,11484702	,11154713	,10165516	,9967882	,11087380	,11880738	,11814689	,11682333	,11551261	,11286810	,11285787	,11419166	,11682590	,11813152	,11020817	,10756365	,11943710	,12140833	,11746335	,11088405	,11746587	,12339747	,12341031	,12274727	,12272675	,12271650	,12338981	,12667687	,12732198	,12995368	,13129774	,13132086	,13131831	,12867636	,12999735	,12473390	,11747873	,11618594	,
11356965	,11160868	,10962206	,11025693	,10366742	,10300952	,10166800	,11482397	,11681310	,11748128	,11549467	,11549469	,11417114	,11087638	,9967626	,10360842	,11481367	,12142883	,12208420	,12208163	,11945249	,11284248	,10822929	,11484187	,12010785	,12010528	,11416342	,11018252	,11875609	,12074528	,11944224	,11812124	,12338211	,12537384	,12604461	,12406058	,12273444	,12273444	,12537642	,12997422	,12863270	,12928549	,13128494	,13130292	,13065526	,12866607	,12932914	,12604723	,12143404	,11880997	,
11554086	,11292197	,11159073	,11420448	,10828059	,10168594	,10363405	,11680030	,11615517	,11616028	,11943967	,12010273	,11745818	,11350040	,10560015	,10953230	,11678745	,12142113	,12141343	,12339747	,12207907	,11413523	,11019023	,11878173	,12405542	,12340006	,11943198	,11214606	,11742228	,12074268	,12009247	,12470055	,12337441	,12470565	,12735536	,12405543	,12207136	,12602665	,12998193	,13327415	,13127468	,12862498	,12995624	,13127981	,13129521	,12865837	,12668459	,12537903	,12538416	,12275244	,
11749669	,11421732	,11290916	,11552803	,11354400	,10496789	,10626065	,11284761	,11350806	,12008989	,12603178	,12601381	,12140320	,11415833	,11416857	,11813149	,11747869	,11944991	,11878427	,12075551	,12273957	,11416085	,10952717	,11942684	,12404774	,12404516	,12336929	,11676436	,11940632	,12139806	,12074271	,12206117	,12336930	,12469794	,12603689	,12404773	,12271134	,12865324	,13129266	,13523768	,13326130	,12797984	,12798499	,13062956	,13195314	,13064756	,12801327	,12669229	,12933171	,12604463	,
11617313	,11289121	,11488551	,11420448	,11088663	,10694166	,10824214	,11614494	,11811097	,12534562	,13063472	,12665379	,12534825	,11481883	,11943453	,12341032	,12341033	,12143397	,12142113	,12272674	,12273443	,11811870	,11215632	,12138781	,12536105	,12470053	,12403491	,12335902	,12204059	,12139038	,12007708	,12072218	,12467488	,12732967	,12734763	,12536102	,12532765	,12863269	,13062188	,13259053	,13259823	,13061670	,12931368	,13130290	,13261877	,13196083	,12999474	,12933426	,12933939	,12868147	,
11355424	,10961950	,11555115	,11288352	,10757391	,11351577	,11285528	,11681055	,11810843	,12664351	,13326132	,13194545	,12864557	,11742999	,12337440	,12405798	,12208418	,12142368	,12272417	,12470052	,12536358	,12339239	,11874841	,12072729	,12404001	,12470307	,12469539	,12534818	,12666662	,12534819	,12204315	,12466461	,12994344	,13127212	,12930088	,12666148	,12797989	,12864550	,13061930	,13127723	,13062702	,13061932	,12864808	,12998448	,13064754	,13130289	,13262389	,13065268	,12802097	,12801841	,
11553058	,11357220	,11489579	,11420194	,10954771	,11613724	,11350809	,11481625	,12138265	,12859417	,13125929	,13392436	,12666150	,11479314	,11942683	,12075293	,12207135	,12273953	,12207135	,12404769	,12668711	,12536871	,12206114	,12271390	,12468767	,12534818	,12666403	,12732197	,12798504	,12732712	,12335389	,12663838	,13193260	,13259567	,12994852	,12927776	,12864036	,12996906	,13260593	,13129265	,13194546	,13062445	,12864809	,12865322	,12998446	,13262645	,13328695	,13130547	,12933427	,12735791	,
11158305	,11159588	,11358249	,11421987	,11417627	,11613981	,11481626	,11414806	,12400666	,13120538	,13519404	,13390895	,12796964	,11677204	,11811353	,12207648	,12207390	,12406563	,12472357	,12472102	,12537125	,12536098	,12337695	,12534045	,12533022	,12731940	,12864294	,12666146	,12533279	,12533794	,12401694	,12797219	,13061415	,13194029	,13060644	,12796448	,12732453	,12997163	,13129520	,13261620	,13261622	,13260594	,13128751	,12930858	,13063214	,13196082	,13196595	,13064498	,12867377	,12867633	,
10698781	,10897186	,11359019	,11423528	,11486242	,11351067	,11284248	,11349525	,12072472	,12530712	,13389357	,13324075	,12730912	,12007192	,11943965	,12077601	,12208670	,12406819	,12274721	,12405795	,12538150	,12537379	,12469792	,12534817	,12533791	,12798246	,12799015	,12535071	,12534816	,12733480	,12732713	,12666150	,12334103	,12532762	,12666656	,12798759	,12930346	,13127981	,13260594	,13328696	,13196600	,13128753	,13129008	,12997936	,12997678	,13195310	,13196596	,13262392	,12999219	,12933427	,
11094307	,11160612	,11687728	,11554343	,11749156	,11350040	,11217684	,11746589	,11944738	,11547413	,12205337	,12403231	,12074010	,12140574	,12141599	,12142367	,12405794	,12603430	,12472870	,12603685	,12802093	,12735787	,12733991	,12997167	,12865066	,12797988	,12797989	,12731937	,12798503	,12865067	,12863785	,12666151	,12332568	,12397074	,12732452	,13063215	,13194033	,13061932	,13259824	,13327926	,13196342	,12997421	,13195057	,13064242	,12932141	,13128748	,13128492	,13261364	,13064756	,12802097	,
11422502	,11555112	,11819313	,11489318	,11815459	,12008477	,11679257	,11879199	,12077863	,11746588	,12075553	,11878172	,11745818	,12207137	,12339493	,12470821	,12338464	,12337951	,12734504	,13129005	,12932140	,12998960	,12998449	,12996652	,12929319	,12729375	,12729886	,12994598	,13325107	,13128241	,12996140	,12930091	,12861476	,12726554	,13125676	,13261624	,13261625	,13259826	,13325874	,13393464	,13328441	,13064241	,13194288	,13194544	,12865579	,12997166	,13062957	,13129520	,12933170	,12801584	,
11421219	,11620650	,11556909	,11490346	,11750437	,12470819	,12469794	,12405542	,12341032	,12207138	,12272677	,11877406	,11746076	,12075295	,12274469	,12538411	,12140831	,12271133	,12535584	,12799525	,12733476	,12799528	,12798247	,12929576	,12928550	,12928037	,12995368	,13126954	,13259057	,13192752	,13060649	,13193519	,13325106	,13058342	,12860194	,13193008	,13391930	,13325362	,13325875	,13524539	,13459002	,13260595	,13127980	,13128237	,12865580	,12931629	,13129523	,13262914	,13131838	,13065012	,
11617825	,11619366	,11689522	,11886643	,11949867	,12938290	,12932646	,12866095	,12736562	,12537128	,12205855	,12007192	,12139806	,12141600	,12209188	,12144165	,12141855	,12536356	,12603173	,12604198	,12603687	,12404258	,12533019	,13126698	,13192492	,13127469	,13127467	,13193517	,13193005	,12994341	,13060132	,13325361	,13458488	,13060650	,12594197	,13056287	,13324336	,13193776	,13260852	,13459260	,13260597	,13325618	,13260849	,13063982	,12735020	,12668714	,12931373	,13260856	,13393211	,13524280	,
11617057	,11684135	,11556143	,11754288	,11620903	,12675378	,12867366	,12865324	,12537899	,12338980	,12337439	,12401950	,12665892	,12537640	,12143907	,11879964	,12273440	,12470819	,12471588	,12539178	,12603945	,12471078	,12798759	,13193519	,13127982	,12995884	,13125672	,13191977	,13259567	,12996137	,13192745	,13326132	,13458487	,13259312	,12858908	,12725526	,13191209	,13260594	,13195315	,13327930	,13261880	,13261365	,13262133	,13196340	,12867375	,12603432	,12667174	,12863526	,13391154	,13655096	,
11616545	,11617571	,11288350	,11686702	,11686956	,11617826	,11943711	,12337440	,12337186	,12008479	,12272674	,12533279	,12467999	,12274212	,12078113	,11944475	,12338464	,12536869	,12470562	,12603174	,12537381	,12799786	,13128752	,13259570	,12863784	,12663582	,12725269	,13188384	,13325617	,13061930	,13259567	,13326388	,13326386	,13458999	,13193519	,12925471	,13323309	,13262649	,13195315	,13458487	,13460027	,13394491	,13328186	,13195060	,12997934	,12800298	,12602152	,12666917	,13259054	,13720890	,
11552036	,11882796	,11620141	,11686447	,11619626	,11286557	,11613467	,11877149	,11481366	,11481881	,12272163	,12666661	,12337695	,11941912	,11939860	,12271389	,12273953	,12602918	,12667428	,12798502	,12798502	,12930345	,12930602	,12732195	,12598558	,12198672	,12327435	,12856854	,13391153	,13194285	,13194028	,13260336	,13326900	,13460796	,13460284	,13454381	,13387048	,13391926	,13129521	,13194030	,13525306	,13526589	,13392952	,13194547	,13129265	,13064498	,12801585	,12537128	,12864296	,13194289	,
11092513	,11819060	,11622448	,11489323	,11354660	,11351067	,11811870	,12141862	,11283733	,11546905	,12338214	,12535587	,12141343	,11610384	,11606794	,12467228	,12603433	,12668200	,12798503	,12796963	,12730143	,12664347	,12599838	,12534044	,12664864	,12331541	,12262156	,12592144	,13060903	,13128750	,13061929	,13062442	,13194030	,13459258	,13460284	,13259055	,13056542	,13256745	,13195314	,13194544	,13589304	,13392695	,13325618	,13260336	,13130805	,13131063	,12998964	,12602923	,12470053	,12667944	,
11160359	,11754293	,11951928	,11555376	,11354659	,11616547	,12012073	,12274218	,12073758	,11941917	,12338467	,12404512	,12471590	,12007193	,11542283	,12203800	,12470562	,12534560	,12600353	,12599839	,12402204	,12403487	,12469278	,12600861	,12799015	,12533022	,12266257	,12594195	,12993057	,13061415	,12995367	,12996137	,13127982	,13326130	,13260593	,13194546	,12993573	,13124388	,13458745	,13458744	,13391411	,13259055	,13194286	,13393463	,13327927	,13130550	,12866863	,12733736	,12799788	,12932657	,
11227691	,11621421	,11751724	,11487785	,11288352	,11814180	,12209710	,12405290	,12404260	,11941145	,12140061	,12667943	,12800811	,12535075	,12334617	,12731425	,12733479	,12732709	,12733223	,12470564	,12339231	,12472616	,12801068	,12865577	,12667428	,12601891	,12733734	,12797217	,12927776	,13126438	,12995365	,13061161	,13127725	,13062701	,13260080	,13458231	,13522741	,13323054	,13588793	,13524538	,13391923	,13260336	,13326897	,13393976	,13327669	,13129521	,12733225	,12798760	,12997679	,13064500	,
11753780	,11752751	,11159074	,10960414	,11221019	,11944482	,12340267	,12402465	,12469284	,11941916	,12271390	,12733735	,12601638	,12534818	,12929320	,12996651	,12998190	,12932400	,13129266	,12867377	,12472360	,12735790	,12998964	,12866608	,12799272	,12734247	,12867115	,12931624	,12995109	,13061672	,13127463	,13258540	,13259825	,13261364	,13392951	,13590074	,13656637	,13390642	,13322024	,13390641	,13128238	,13128751	,13326900	,13196084	,13130549	,12996655	,12531998	,12861218	,13061677	,12998193	,
