9079338	,9211175	,9211427	,9343010	,9343514	,9474581	,9540372	,9605907	,9671439	,9802253	,9801996	,9736203	,9800974	,9996815	,10324236	,10651912	,11242244	,11373315	,11504385	,11569665	,11700994	,11700994	,11766017	,11831297	,11765504	,11830531	,11764485	,11633419	,11436818	,11370772	,11305240	,11239707	,11304225	,11435815	,11369769	,11435564	,11567150	,11763761	,11961140	,12092726	,12289851	,12355644	,12421438	,12486718	,12551743	,12617536	,12617023	,12551230	,12485441	,12550723	,
9079338	,9145382	,9211427	,9277217	,9343514	,9409304	,9606165	,9737491	,9803023	,9869071	,9934092	,9933833	,9933063	,10194184	,10586884	,10980099	,11307522	,11438592	,11635201	,11831808	,11766017	,11831297	,11896576	,11830784	,11830016	,11829505	,11894529	,11763463	,11762960	,11631636	,11631383	,11565851	,11434784	,11500325	,11500074	,11565867	,11697453	,11829041	,12092213	,12289592	,12421178	,12487484	,12618816	,12750145	,12684097	,12749890	,12684097	,12749376	,12682816	,12748611	,
9079085	,9276199	,9407782	,9343011	,9409053	,9671708	,9606167	,9672213	,9803536	,9869071	,10000139	,9999622	,10196227	,10654209	,11111936	,11439616	,11569665	,11635201	,11831297	,11962369	,11961856	,12027138	,11961345	,12026368	,12156673	,12156161	,12090368	,12024579	,11893003	,11761684	,11695638	,11630106	,11499039	,11564580	,11630120	,11696428	,11893807	,12025650	,12289076	,12486455	,12618041	,12618555	,12684861	,12816449	,12816449	,12882242	,12882242	,12881729	,12881731	,12946755	,
9275696	,9341738	,9407784	,9473829	,9539873	,9671709	,9737242	,9803287	,9803284	,9868818	,9934092	,10196486	,10524161	,11113730	,11506435	,11767810	,11766785	,11897090	,11961856	,12027138	,12157954	,12157443	,12222466	,12222209	,12155648	,12220675	,12220416	,12023296	,11891461	,11825163	,11694098	,11628312	,11693854	,11628321	,11759657	,11826220	,12024110	,12156466	,12288563	,12551733	,12618039	,12618809	,12750654	,12882240	,12817217	,12883010	,12948803	,13013826	,13079106	,12947520	,
9209903	,9341740	,9341992	,9407782	,9539875	,9670944	,9736989	,9868313	,9934360	,10065175	,10327312	,10523911	,10851585	,11441666	,11769091	,11833603	,12029442	,12093953	,12092929	,12289027	,12354306	,12419588	,12287489	,12352513	,12220416	,12285187	,12284676	,12218624	,12217601	,12085765	,11888652	,11823124	,11692316	,11560992	,11561508	,11825193	,11957804	,12155694	,12222255	,12485940	,12683832	,12684602	,12750652	,12948031	,12883008	,12949314	,13014594	,13014594	,13145665	,13079872	,
9143858	,9275949	,9341738	,9407784	,9539109	,9605153	,9802271	,9999131	,10130711	,10327061	,10654735	,10916614	,11310080	,11572480	,11965187	,11898881	,12094720	,12159488	,12289792	,12420097	,12353792	,12549889	,12483585	,12417024	,12416514	,12350212	,12348930	,12413953	,12347648	,12216065	,12018183	,11755536	,11558937	,11493405	,11691042	,11889703	,12088363	,12155437	,12353327	,12485682	,12618038	,12684601	,12816700	,13014079	,12948800	,13015106	,13080386	,13146179	,13212226	,13342783	,
9143347	,9275183	,9341227	,9473065	,9538596	,9801251	,9932830	,10129690	,10326550	,10588693	,10850574	,11243782	,11506433	,11899392	,12096001	,12161026	,12291585	,12356352	,12420864	,12551424	,12615936	,12615425	,12679937	,12613632	,12612866	,12546306	,12479233	,12478465	,12477954	,12280577	,12017413	,11688718	,11426072	,11426330	,11690272	,12020262	,12088104	,12220458	,12418607	,12616498	,12683574	,12815417	,12881978	,12948284	,12949054	,13015104	,13080897	,13212226	,13408833	,13343294	,
9142835	,9208879	,9340716	,9406761	,9669414	,9866787	,10128926	,10260506	,10719256	,10784789	,10981390	,11309318	,11702785	,12030208	,12226306	,12488964	,12422658	,12618756	,12617474	,12616704	,12747009	,12812034	,12679424	,12744448	,12678146	,12677376	,12545281	,12543747	,12542467	,12344576	,12081667	,11686924	,11424790	,11491096	,11689502	,11953956	,12087334	,12220201	,12418607	,12681778	,12748852	,12815671	,12816185	,12948025	,13014075	,13015104	,13080897	,13278019	,13278015	,13409086	,
9273140	,9404979	,9405742	,9602859	,9865768	,10193442	,10390558	,10653213	,10980887	,11046419	,11308815	,11636741	,11833088	,12160513	,12357378	,12422658	,12684036	,12749315	,12748289	,12813313	,12877825	,12811521	,12876289	,12809728	,12612101	,12742660	,12741890	,12544001	,12345604	,12213504	,11818241	,11621131	,11555861	,11556376	,11755037	,11887902	,12217890	,12219941	,12483370	,12812337	,12617520	,12815156	,12947255	,12948025	,13079870	,13014847	,13212226	,13278019	,13408833	,13408833	,
9338419	,9404209	,9470252	,9733418	,10061351	,10389539	,10652190	,10718236	,11177240	,11242771	,11439118	,11767044	,12029440	,12225538	,12422145	,12552961	,12749315	,12814595	,12945154	,12878593	,12943361	,12877057	,12941569	,12940800	,12808449	,12807681	,12741120	,12543488	,12410880	,12212992	,11884034	,11751947	,11555859	,11753238	,11886107	,12018720	,12217380	,12416039	,12483113	,12812076	,12682543	,12814897	,12946996	,13078841	,13145404	,13211454	,13343042	,13474628	,13474626	,13474626	,
9337397	,9469233	,9666093	,10060073	,10388519	,10716451	,10913565	,11044891	,11307030	,11438610	,11635211	,11897603	,12159745	,12356099	,12618497	,12749313	,12879875	,13010947	,13010434	,13074945	,13008641	,13073153	,13072385	,13006080	,13070592	,13004292	,12937474	,12740097	,12541954	,12278786	,12080902	,11883787	,11687184	,11884563	,12082201	,12215070	,12216865	,12481062	,12613927	,12746281	,12878893	,12945713	,13012276	,13078582	,13210427	,13211197	,13342529	,13474117	,13539908	,13605701	,
9336628	,9533745	,9861932	,10255658	,10649638	,10846497	,11109404	,11240728	,11502869	,11634446	,11831046	,12093440	,12224513	,12486658	,12814595	,12880129	,13010947	,13076227	,13140737	,13140225	,13139457	,13138176	,13137665	,13136896	,13070594	,13004290	,12937729	,12740096	,12542209	,12344325	,12146695	,12015624	,11884555	,12015889	,12082454	,12346396	,12347934	,12480799	,12613668	,12680488	,12878379	,13076271	,13077554	,13143861	,13275961	,13342013	,13539394	,13604934	,13670726	,13736520	,
9466420	,9729330	,10058028	,10452008	,10714661	,10977055	,11370521	,11567381	,11895570	,11961355	,12026884	,12158208	,12355072	,12682756	,12814082	,12945154	,13141250	,13206530	,13206018	,13271297	,13204993	,13203969	,13268737	,13268225	,13136640	,13070081	,13003520	,12806144	,12673793	,12606979	,12541190	,12278786	,12213253	,12278794	,12279570	,12543255	,12610330	,12678172	,12810528	,12943395	,13141544	,13339180	,13340463	,13406515	,13407287	,13407546	,13473599	,13604676	,13736007	,13736009	,
9727284	,9990448	,10450219	,10779174	,11173154	,11435294	,11763481	,11960340	,12156941	,12222983	,12354306	,12419584	,12550913	,12813315	,12944641	,13141250	,13206531	,13271811	,13337090	,13336577	,13335809	,13335298	,13400323	,13334018	,13202432	,13135874	,13069315	,12937217	,12936449	,12869891	,12672515	,12541440	,12476161	,12608260	,12674569	,12938254	,13005330	,13137943	,13270810	,13403166	,13404449	,13536549	,13603114	,13669679	,13801524	,13736248	,13802045	,13801794	,13735749	,13735496	,
9922610	,10317103	,10973994	,11367971	,11631136	,11959323	,12090645	,12287761	,12549640	,12615684	,12747011	,12747009	,12877825	,12943618	,13074944	,13206018	,13271811	,13402883	,13467393	,13466880	,13401089	,13466114	,13400323	,13334018	,13333764	,13201921	,13200901	,13068803	,13133826	,13001729	,12935938	,12936448	,12937729	,13004290	,13136385	,13399810	,13597702	,13664010	,13730832	,13731861	,13798426	,13930782	,13866019	,13997866	,14063918	,13998642	,14064184	,14063934	,13998403	,13998149	,
10118962	,10578733	,11300904	,11695137	,11957788	,12155160	,12220689	,12352526	,12745477	,12811521	,12877568	,12943361	,12942848	,13074434	,13271296	,13337090	,13271297	,13336577	,13466880	,13597952	,13531905	,13466114	,13400323	,13399811	,13334018	,13267712	,13266944	,13200386	,13331204	,13265411	,13331458	,13529857	,13465856	,13597441	,13663745	,13861121	,14058752	,14059522	,14257162	,14258192	,14193176	,14325275	,14260256	,14391846	,14326570	,14326831	,14326837	,14392379	,14195520	,14195267	,
10708014	,11233834	,11627812	,11824929	,12153629	,12284954	,12547607	,12613895	,12876289	,12942082	,13007875	,13073153	,13335555	,13466882	,13532673	,13467136	,13401344	,13532673	,13663745	,13663491	,13728773	,13531394	,13465603	,13465090	,13399298	,13333505	,13464321	,13463810	,13332224	,13595907	,13728514	,13860864	,13926403	,14057989	,14189825	,14256384	,14453761	,14520322	,14586881	,14587395	,14653197	,14654230	,14655004	,14524449	,14655786	,14589999	,14655796	,14590263	,14524220	,14523969	,
11035950	,11495723	,11824164	,11889695	,12152347	,12283671	,12481044	,12678152	,12940800	,13006593	,13072385	,13203458	,13269505	,13531905	,13663491	,13729538	,13597952	,13663745	,13663232	,13663234	,13597441	,13531394	,13531394	,13530883	,13465090	,13661955	,13530369	,13595649	,13793280	,14122755	,14123521	,14255618	,14321664	,14453250	,14519554	,14586369	,14652674	,14850051	,14785024	,14916865	,14982916	,14917900	,15049750	,14918940	,14853666	,14787881	,14919217	,14853939	,14853434	,14853181	,
11429932	,11692071	,12020260	,12085791	,12217369	,12479510	,12676626	,12808200	,13070592	,13136385	,13268225	,13268224	,13334017	,13465601	,13663234	,13729027	,13663232	,13663232	,13597441	,13597187	,13531394	,13531394	,13662723	,13596930	,13727746	,13661953	,13661953	,13859584	,14188800	,14321152	,14386944	,14519043	,14716674	,14716672	,14652162	,14784258	,14785026	,14982403	,15114242	,15311873	,15247360	,15247618	,15313421	,15313690	,15379743	,15248423	,15248685	,15248944	,15182904	,15182649	,
11495464	,11757604	,12085794	,12282141	,12413719	,12610578	,12872974	,12938759	,13004288	,13070081	,13201921	,13267712	,13399297	,13465090	,13596930	,13662721	,13728514	,13662723	,13596930	,13530883	,13530883	,13596676	,13596930	,13596930	,13793539	,13727746	,13859330	,14123523	,14386945	,14518784	,14585088	,14848260	,14914051	,14980610	,14915331	,15047682	,15114242	,15180546	,15312132	,15509762	,15510784	,15511041	,15577096	,15577363	,15643164	,15577891	,15578153	,15512621	,15512116	,15512117	,
11495462	,11692065	,12020001	,12216348	,12478742	,12610320	,12872714	,13069060	,13069313	,13135360	,13266946	,13332737	,13464321	,13596162	,13661953	,13727746	,13662723	,13596930	,13465090	,13399298	,13465090	,13530883	,13727746	,13793539	,13661953	,13859330	,13991937	,14321154	,14453248	,14650881	,14848258	,15045636	,15112194	,15243778	,15178754	,15311105	,15311872	,15378177	,15378946	,15511041	,15708674	,15774977	,15841540	,15907082	,15972631	,15907359	,15842085	,15711018	,15775791	,15775793	,
11626278	,11757858	,12151072	,12347675	,12478742	,12675343	,12872455	,13003267	,13069315	,13135106	,13266946	,13332224	,13464064	,13529857	,13661442	,13727746	,13662723	,13661953	,13530369	,13464321	,13596162	,13661953	,13727746	,13727744	,13727744	,14056962	,14189568	,14452737	,14650881	,14848258	,14980097	,15177474	,15244801	,15310594	,15376385	,15442689	,15509249	,15575553	,15511296	,15709184	,15971843	,16038401	,16039168	,16039426	,16039695	,16039707	,16039713	,15908646	,15908394	,15842604	,
11757605	,12020001	,12282143	,12478745	,12675094	,12740879	,13003269	,13003010	,13134595	,13200386	,13266433	,13463042	,13528833	,13594880	,13595649	,13727235	,13596162	,13529856	,13464064	,13464064	,13595650	,13661955	,13661953	,13727746	,13793537	,14122753	,14386176	,14518784	,14847745	,14914050	,15111681	,15375106	,15376385	,15442178	,15508482	,15575042	,15641346	,15708163	,15774466	,15906561	,16169987	,16104961	,16237056	,16172033	,16238088	,16238100	,16303390	,16238115	,16040998	,16040491	,
11757604	,12019999	,12281884	,12478231	,12674579	,12740364	,13003010	,13199618	,13265411	,13331204	,13397251	,13463042	,13528833	,13528833	,13464064	,13595650	,13595650	,13594880	,13528833	,13528833	,13529603	,13595907	,13661955	,13727748	,13859584	,14254339	,14517761	,14781186	,14913538	,15111170	,15243265	,15440897	,15507969	,15574275	,15640835	,15773184	,15708161	,15840259	,15972097	,16103683	,16235777	,16236545	,16500228	,16370178	,16501764	,16435980	,16370200	,16370204	,16304419	,16304168	,
11954469	,12216097	,12478493	,12609303	,12674320	,12936712	,13068035	,13199361	,13265154	,13330947	,13396740	,13462531	,13462531	,13528322	,13660162	,13725953	,13464064	,13463042	,13463040	,13528833	,13463810	,13595650	,13727233	,13793029	,13924864	,14254080	,14649089	,14912772	,15045379	,15111681	,15374851	,15507201	,15574016	,15706112	,15772672	,15839232	,15905793	,16037636	,16169987	,16235778	,16236547	,16434688	,16435456	,16501764	,16567553	,16567815	,16568084	,16502297	,16305436	,16305185	,
11954214	,12150304	,12477982	,12674328	,12674322	,12936716	,13067524	,13133313	,13199106	,13264899	,13330947	,13330947	,13396738	,13462531	,13528576	,13528833	,13332224	,13397249	,13397249	,13463040	,13528833	,13529857	,13661440	,13727235	,13990405	,14319873	,14714882	,14913024	,15045377	,15243265	,15506692	,15638787	,15705602	,15837700	,15904259	,15970563	,16037125	,16103683	,16301313	,16367616	,16368896	,16369666	,16501764	,16568066	,16634112	,16699650	,16634124	,16568341	,16437276	,16437022	,
11953956	,12150304	,12477980	,12674328	,12805140	,13001741	,13001477	,13133056	,13198849	,13264642	,13330434	,13330434	,13396227	,13462531	,13462529	,13397249	,13331456	,13331458	,13331456	,13397249	,13528835	,13464064	,13595649	,13793028	,14056450	,14385666	,14714882	,14912770	,15045377	,15374593	,15572737	,15770625	,15837185	,15969282	,15970818	,15971586	,16103170	,16169472	,16367104	,16499201	,16434688	,16501251	,16699139	,16699907	,16634629	,16634627	,16635140	,16569612	,16569109	,16569111	,
11953957	,12150304	,12412187	,12608537	,12804886	,12935693	,12935684	,13001472	,13133056	,13198849	,13395457	,13461250	,13396227	,13462020	,13396738	,13331458	,13265665	,13331458	,13265665	,13397249	,13528835	,13594880	,13726465	,13989635	,14122242	,14450944	,14649089	,14912770	,15045377	,15374594	,15572737	,15770625	,15837696	,15970050	,16036609	,16103168	,16235008	,16301313	,16433410	,16564994	,16435459	,16567555	,16633857	,16700420	,16700677	,16701184	,16701440	,16635656	,16635153	,16635155	,
11887912	,12215588	,12543006	,12673819	,12739094	,12935697	,13000967	,13066241	,13263872	,13329665	,13329664	,13329664	,13395457	,13330434	,13265154	,13330947	,13265411	,13265665	,13265665	,13331458	,13463042	,13529088	,13726465	,13989635	,14318852	,14516736	,14714882	,14978565	,15111172	,15440133	,15638023	,15771145	,15903242	,16035596	,16167690	,16234504	,16301060	,16367363	,16564994	,16565762	,16567044	,16699143	,16699400	,16700171	,16700938	,16702211	,16702208	,16702211	,16701454	,16635153	,
11822121	,12149796	,12476959	,12608028	,12804376	,12935184	,13131785	,13066243	,13197827	,13263361	,13263360	,13263360	,13394945	,13329665	,13264642	,13265154	,13330947	,13396738	,13397251	,13463042	,13528833	,13594880	,13792258	,13924096	,14318594	,14582275	,14780422	,14978314	,15110667	,15439884	,15638286	,15836433	,15903760	,16035603	,16102418	,16300561	,16432909	,16498950	,16499971	,16632068	,16567052	,16699153	,16699412	,16700181	,16700946	,16701968	,16702480	,16702732	,16702219	,16701964	,
11625001	,11952676	,12214305	,12410909	,12607256	,12803859	,12934925	,13065994	,13065477	,13131524	,13131523	,13197570	,13263361	,13329667	,13198849	,13264641	,13462020	,13528322	,13528835	,13594626	,13725953	,13791745	,13989124	,14120962	,14384384	,14648322	,14780424	,15043855	,15176463	,15374352	,15638033	,15771155	,15903505	,16101397	,16167959	,16366101	,16498449	,16433677	,16565772	,16632333	,16698648	,16698905	,16633625	,16700697	,16701721	,16702498	,16702504	,16702247	,16702494	,16702999	,
11428139	,11624231	,12017188	,12213536	,12410396	,12606999	,12803347	,12803346	,13065481	,13065479	,12999684	,12999937	,13131777	,13198081	,13329665	,13264641	,13462018	,13528576	,13594369	,13594626	,13725952	,13791745	,13989378	,14252546	,14450178	,14713602	,14780424	,15109902	,15176463	,15374352	,15507219	,15770900	,15837975	,15970331	,16233499	,16365849	,16498197	,16499219	,16566037	,16698136	,16698905	,16699670	,16700179	,16701467	,16701736	,16702516	,16702773	,16703025	,16702768	,16636971	,
11362348	,11558696	,11820581	,12082722	,12279072	,12475421	,12671769	,12803097	,12802834	,12803089	,12999183	,13196298	,13262342	,13394179	,13394947	,13461251	,13462021	,13462529	,13528576	,13594369	,13660162	,13725952	,13989376	,14121216	,14450691	,14517250	,14911745	,15174917	,15110667	,15374353	,15571989	,15836184	,15969049	,16101145	,16299292	,16431904	,16432921	,16565523	,16566039	,16698650	,16699670	,16700179	,16569873	,16701473	,16702004	,16702268	,16703295	,16703295	,16703033	,16702263	,
11231021	,11558698	,11755047	,12017190	,12213540	,12344352	,12540701	,12803357	,12737305	,12868377	,12999445	,13130771	,13196814	,13328653	,13394955	,13395725	,13527822	,13593866	,13659399	,13659651	,13659649	,13725952	,14054656	,14252288	,14515712	,14713600	,14977027	,15174917	,15241737	,15374093	,15637522	,15770391	,15837463	,16101147	,16234012	,16432157	,16498714	,16631064	,16632598	,16699157	,16634652	,16700707	,16701224	,16701747	,16702017	,16702792	,16703305	,16703303	,16703045	,16702530	,
11230768	,11493166	,11820587	,11886121	,12082470	,12278820	,12540961	,12606497	,12737566	,12802844	,12934171	,13131033	,13196822	,13394454	,13395476	,13527060	,13462290	,13659408	,13724941	,13659399	,13594115	,13725953	,14055171	,14317828	,14712320	,14779393	,15042818	,15240708	,15307528	,15439886	,15703058	,15901207	,15968281	,16101148	,16234014	,16497946	,16564507	,16697112	,16698644	,16699931	,16700713	,16701239	,16701499	,16702275	,16702540	,16703057	,16703572	,16703312	,16703310	,16703049	,
11230768	,11493166	,11689771	,11951914	,12082729	,12344872	,12475686	,12606756	,12868898	,12869152	,12934430	,13065757	,13131547	,13329178	,13461017	,13461528	,13593365	,13724692	,13724688	,13659146	,13659397	,13791488	,14185728	,14448898	,14778112	,14845440	,15108864	,15372035	,15372810	,15570449	,15702804	,15835414	,16099354	,16101148	,16299805	,16497948	,16630553	,16632081	,16699670	,16700204	,16700731	,16701250	,16702022	,16702542	,16702805	,16703063	,16703065	,16703320	,16703315	,16702797	,
11230770	,11558704	,11689773	,11886380	,12082730	,12344874	,12410408	,12475688	,12738083	,12803876	,13000484	,13131811	,13197602	,13329441	,13527070	,13592862	,13658905	,13724951	,13659669	,13725200	,13921801	,14119424	,14382848	,14646017	,14909187	,14976514	,15239684	,15437063	,15569421	,15635985	,15833621	,15900694	,16099608	,16166428	,16299803	,16563741	,16696344	,16698641	,16634403	,16700733	,16701257	,16701517	,16702287	,16702807	,16702815	,16703330	,16703332	,16703075	,16703067	,16703059	,
11099700	,11427890	,11690032	,11821359	,12017453	,12214316	,12542253	,12476460	,12673065	,12804135	,12935719	,13067047	,13329703	,13395492	,13527329	,13659169	,13790491	,13791257	,13791255	,13856789	,14184463	,14381573	,14644996	,14777352	,15106570	,15304974	,15502864	,15634704	,15569938	,15767571	,15899669	,15900694	,16033814	,16166427	,16365339	,16629786	,16697109	,16698906	,16699953	,16700741	,16701770	,16702037	,16702551	,16637787	,16703075	,16703338	,16703596	,16703338	,16703330	,16702810	,
11100215	,11428149	,11690290	,11887411	,11952945	,12214832	,12411695	,12411695	,12673837	,12805164	,12805162	,13002282	,13199144	,13330982	,13528101	,13593890	,14053406	,14119197	,14119450	,14250264	,14447383	,14645525	,14843925	,15107865	,15241501	,15571490	,15703844	,15769635	,15769890	,15900704	,15966236	,15967002	,16033815	,16297499	,16430362	,16629524	,16697617	,16699169	,16700220	,16701260	,16702030	,16702295	,16702812	,16703330	,16703592	,16703595	,16703853	,16703595	,16703334	,16702815	,
11100728	,11363126	,11625267	,11887924	,12018995	,12150322	,12412978	,12412465	,12740147	,12806195	,12937263	,13003054	,13134381	,13331500	,13659946	,13725991	,13923108	,14185764	,14317089	,14448926	,14844195	,15109417	,15439920	,15770165	,16034616	,16167996	,16234299	,16234299	,16102200	,16231730	,16165161	,16099105	,16165151	,16363292	,16495644	,16629776	,16697866	,16633633	,16700226	,16701267	,16701529	,16702045	,16702558	,16703077	,16703083	,16703338	,16703595	,16703853	,16703336	,16702818	,
11101496	,11363383	,11691319	,11888438	,12085301	,12282421	,12347701	,12347701	,12544563	,12741942	,12741681	,12938288	,13003822	,13332272	,13595181	,13858093	,13989414	,14121516	,14648110	,15306804	,15506750	,15837507	,16168520	,16368720	,16632407	,16633436	,16698461	,16697171	,16432967	,16300611	,16364345	,16166189	,16100134	,16362526	,16299795	,16563469	,16632068	,16699686	,16700480	,16701008	,16701780	,16702304	,16702561	,16702564	,16637032	,16702825	,16703083	,16703339	,16703082	,16702566	,
11167800	,11429943	,11626807	,11823928	,12020535	,12282678	,12348471	,12480057	,12611383	,12677176	,12742710	,12939573	,13070644	,13333299	,13464624	,13793070	,13925678	,14387768	,15244610	,15773261	,15973463	,16501347	,16700529	,16702081	,16702082	,16701559	,16634723	,16698716	,16434263	,16301385	,16364607	,16296757	,16230952	,16166430	,16495379	,16628996	,16697347	,16699426	,16700222	,16701265	,16701784	,16702305	,16702818	,16702564	,16637545	,16703083	,16702831	,16703087	,16703083	,16702566	,
11168568	,11365175	,11693112	,11890232	,12021305	,12218168	,12283961	,12415547	,12480825	,12546873	,12809275	,12940602	,12940087	,13071927	,13334580	,13794869	,14321463	,15047494	,15839825	,16369759	,16635511	,16702606	,16702873	,16702872	,16701579	,16700793	,16699496	,16631645	,16497749	,16233547	,16166206	,16164146	,16098600	,16166176	,16691729	,16628736	,16697088	,16699163	,16700217	,16635980	,16702040	,16702818	,16702564	,16637286	,16637546	,16703085	,16702833	,16703089	,16702828	,16702313	,
11234871	,11431737	,11693880	,11956538	,12087609	,12218682	,12284729	,12416315	,12678717	,12678717	,12744509	,13006654	,13006652	,13072699	,13204023	,13795897	,14849862	,15707732	,16434533	,16701311	,16703386	,16703652	,16702874	,16702346	,16701052	,16699502	,16500578	,16432215	,16429387	,16164674	,15900981	,16031277	,16097575	,16230172	,16494088	,16562176	,16696320	,16698898	,16700214	,16636229	,16702038	,16702561	,16702564	,16637032	,16637294	,16702833	,16702834	,16703089	,16702833	,16702315	,
11366968	,11563834	,11825977	,11957563	,12088892	,12285499	,12416828	,12417085	,12614206	,12614207	,12679487	,12876095	,12941888	,13007935	,13205051	,14059843	,15115090	,15973471	,16568691	,16702349	,16702877	,16703129	,16702603	,16635261	,16568433	,16434537	,16235355	,16101200	,15967044	,15768115	,15636523	,15898666	,16161309	,16227343	,16098817	,16429573	,16564224	,16632586	,16634413	,16635716	,16701780	,16702304	,16702307	,16702826	,16703089	,16703093	,16703093	,16703349	,16703091	,16702576	,
11630391	,11761464	,11892793	,11958331	,12089917	,12220989	,12352062	,12352575	,12483647	,12549441	,12615234	,12812098	,12877891	,12812098	,13272388	,14259021	,15050329	,16105321	,16569209	,16636291	,16701575	,16701060	,16700029	,16567415	,16499304	,16233825	,16033621	,15702851	,15569463	,15699503	,15764775	,15698715	,15698954	,16027393	,15964931	,16427782	,16628736	,16697347	,16699683	,16700996	,16701523	,16702047	,16702307	,16702570	,16702834	,16703352	,16703611	,16703867	,16703863	,16703091	,
12156725	,12156726	,12222008	,12156474	,12156476	,12287551	,12353344	,12353601	,12353089	,12484675	,12484675	,12747333	,12747333	,12813126	,13142088	,14062929	,15050335	,15776105	,16041331	,16304507	,16566648	,16566388	,16368239	,16235113	,15838554	,15506766	,15503942	,15436599	,15501101	,15630375	,15629337	,15432712	,15368449	,15697664	,15831554	,16098050	,16495872	,16696577	,16699155	,16700731	,16701262	,16701786	,16702048	,16702313	,16702836	,16703611	,16704126	,16704637	,16704633	,16703861	,
12617268	,12617013	,12617017	,12419897	,12353851	,12419646	,12485441	,12420161	,12550981	,12616774	,12485188	,12616261	,12550468	,12682054	,13142860	,13997651	,14656346	,15182942	,15445862	,15511658	,15642727	,15642725	,15575651	,15572569	,15504207	,15174215	,15237688	,15235881	,15169315	,15233301	,15364360	,15431683	,15894026	,15960846	,16158977	,16097285	,16626688	,16630016	,16567304	,16568878	,16701000	,16701525	,16701535	,16702315	,16702838	,16703867	,16704637	,16705403	,16704633	,16704374	,
12880690	,12815156	,12880951	,12946231	,12749112	,12551997	,12551745	,12552261	,12683333	,12814406	,12748872	,12552264	,12616774	,12748102	,13208651	,13669200	,14194515	,14655066	,14851929	,14851416	,14981975	,14981462	,15046227	,15109197	,15237696	,14841397	,14772774	,14902050	,14967308	,15098368	,15100673	,15895316	,16163114	,16163366	,16361255	,16363809	,16365849	,16695558	,16697864	,16699432	,16700230	,16701521	,16701280	,16702310	,16703344	,16703865	,16704383	,16704894	,16705405	,16705146	,
13143347	,13012276	,13078069	,13143864	,13078332	,12880959	,12749122	,12552772	,12618567	,12814919	,12683847	,12552776	,12552263	,12682566	,13010502	,13338181	,13731654	,14191176	,14256712	,14518344	,14648647	,14713412	,14646079	,14577974	,14772524	,14507810	,14505494	,14767117	,14899971	,14966272	,15431432	,16493108	,16695628	,16628806	,16629574	,16696897	,16697400	,16697649	,16633651	,16700228	,16700743	,16700233	,16702034	,16701802	,16637556	,16703863	,16704635	,16639866	,16704633	,16704886	,
13274416	,13078322	,13144115	,13275447	,13275707	,13144382	,12815936	,12684610	,12554055	,12750151	,12750151	,12553544	,12487751	,12552261	,12813377	,13008701	,13335610	,13597242	,13661751	,13857590	,14118965	,14052400	,14116396	,14048548	,14374946	,14242582	,14504461	,14439171	,14505217	,15032325	,15696662	,16429626	,16696660	,16698717	,16701036	,16635764	,16569961	,16701558	,16702342	,16702595	,16638349	,16704158	,16702307	,16701537	,16702577	,16638583	,16704630	,16638583	,16704886	,16704627	,
13340461	,13210158	,13275697	,13341492	,13276473	,13276220	,13013567	,12685377	,12554053	,12816198	,12816198	,12619333	,12553542	,12552772	,12748609	,12943934	,13270329	,13531448	,13661235	,13594672	,13855534	,13919787	,13918245	,14048032	,14177816	,14176529	,14568968	,14569728	,14636033	,14900226	,14904577	,15564045	,16029990	,16562502	,16700783	,16703122	,16702869	,16702602	,16703111	,16703121	,16641992	,16711410	,16702584	,16702047	,16701799	,16703857	,16704623	,16703861	,16704117	,16704627	,
13340973	,13210670	,13342001	,13407796	,13408057	,13473852	,13210943	,12817217	,12751430	,12816966	,12751430	,12685637	,12685126	,12553540	,12815169	,12944702	,13140024	,13401143	,13596725	,13726256	,13855532	,13919785	,13984036	,14179360	,13981720	,14177042	,14241543	,14504448	,14570242	,14834180	,14902016	,15232513	,15896344	,16497212	,16701050	,16703391	,16703909	,16703899	,16703119	,16702346	,16703109	,16702595	,16702060	,16702048	,16701543	,16637035	,16637807	,16638828	,16704109	,16704108	,
13472811	,13342252	,13408047	,13539380	,13539641	,13539643	,13342783	,12948803	,12751685	,12751942	,12555333	,12489541	,12685637	,12619587	,12815168	,13010494	,13337401	,13532727	,13728309	,13726767	,13791020	,13986089	,14050341	,14114594	,14244122	,14374678	,14045703	,14438401	,14570242	,14703874	,15563271	,16229408	,16696400	,16700278	,16637595	,16704430	,16704180	,16703915	,16703655	,16703383	,16571527	,16702077	,16702055	,16701796	,16636257	,16702049	,16702566	,16703339	,16703849	,16703338	,
13472809	,13408299	,13473838	,13539635	,13539895	,13539641	,13408574	,12949314	,12751942	,12686919	,12621639	,12555333	,12685892	,12554306	,12815938	,13142078	,13403192	,13532725	,13597491	,13596464	,13791533	,13855785	,13920038	,13984289	,14113817	,14178067	,14307846	,14504449	,14243584	,15101966	,16425006	,16698465	,16703642	,16704697	,16640703	,16706496	,16705211	,16704941	,16639401	,16704416	,16572303	,16702341	,16701806	,16636003	,16702051	,16702050	,16702560	,16702566	,16703332	,16703336	,
13538344	,13539371	,13539885	,13605428	,13605686	,13605688	,13474366	,13015107	,12555844	,12555844	,12621637	,12686149	,12751685	,12620099	,12685377	,13011773	,13272889	,13599030	,13729076	,13662769	,13726509	,13986858	,14116645	,14115105	,14179867	,13981969	,14439173	,14308097	,14244098	,15365398	,16232247	,16569718	,16703920	,16706241	,16641996	,16707017	,16706239	,16705208	,16704684	,16703907	,16703384	,16506247	,16702066	,16701806	,16701539	,16701285	,16701792	,16702305	,16703077	,16703075	,
13408037	,13539372	,13605678	,13605937	,13671479	,13671229	,13474115	,13080638	,12817735	,12621889	,12425288	,12425030	,12686401	,12751172	,12882240	,12946491	,13273146	,13337139	,13663796	,13728047	,13923370	,13987880	,13920549	,13984289	,14113816	,14112787	,14177794	,14243074	,14441216	,15299604	,16230714	,16700021	,16704430	,16641735	,16708563	,16708300	,16706756	,16705465	,16704436	,16638635	,16704158	,16637580	,16636794	,16702063	,16701798	,16701539	,16701539	,16701537	,16702048	,16702561	,
13604900	,13736236	,13670958	,13671217	,13605685	,13539641	,13409086	,12949313	,12686150	,12621126	,12424775	,12490053	,12686403	,12751685	,12816447	,13077564	,13600826	,13599795	,13664048	,13728558	,13858093	,13856294	,13855777	,13985313	,13983509	,14047246	,14112259	,14177539	,14375424	,15102225	,15966777	,16568168	,16703911	,16707017	,16708822	,16708817	,16707526	,16705981	,16705465	,16704940	,16704160	,16703375	,16702592	,16702069	,16701545	,16701285	,16701283	,16701535	,16702045	,16702558	,
13604900	,13605418	,13605678	,13606190	,13540662	,13474618	,13343291	,12883008	,12751943	,12817478	,12555334	,12489540	,12686403	,13145410	,13341240	,13931060	,14389299	,14454316	,14256426	,14188583	,14055207	,13987621	,13855777	,13919517	,13918229	,13916425	,13915650	,14112259	,14309378	,14773001	,15636531	,16500827	,16702873	,16705988	,16708052	,16708822	,16708298	,16706494	,16705977	,16705457	,16704168	,16703640	,16703111	,16702588	,16702064	,16701799	,16701285	,16701283	,16701531	,16701790	,
13473828	,13540134	,13606186	,13409838	,13475382	,13540409	,13343034	,12948286	,12751683	,12751683	,12554564	,12817474	,13539645	,14261816	,14917679	,15442216	,15507745	,15571991	,15439385	,15306519	,15107605	,14974492	,14183709	,13985053	,13917718	,13916679	,13915649	,13981442	,14047233	,14443523	,15436583	,16234574	,16636029	,16639668	,16707534	,16709337	,16708565	,16575688	,16706237	,16705718	,16704430	,16703901	,16703373	,16703105	,16702323	,16702058	,16701539	,16700767	,16701018	,16701021	,
13408547	,13540133	,13606439	,13409325	,13474867	,13409077	,13211707	,12883261	,12620861	,12620099	,13014593	,13934138	,15181362	,15772200	,16100385	,16035095	,16099856	,16230406	,16097539	,16030978	,16227584	,15897345	,14908936	,14314258	,14179857	,13851143	,13981442	,13916162	,13851137	,14311169	,15039507	,15836216	,16501856	,16703382	,16705727	,16708046	,16708561	,16707531	,16706496	,16705463	,16704431	,16703907	,16703382	,16702859	,16702587	,16701806	,16701281	,16700759	,16700500	,16700248	,
13474590	,13671460	,13671720	,13671470	,13671730	,13409076	,12949563	,12555836	,12490045	,13145153	,14327860	,15247656	,16100898	,16232470	,16166932	,16166663	,16297472	,16428288	,16295680	,16295426	,16558341	,16162560	,16028931	,15105028	,14575622	,13851396	,13915907	,13916162	,13851650	,14048516	,14511619	,15372318	,16037445	,16700269	,16703904	,16705978	,16707017	,16706759	,16705984	,16705465	,16704687	,16704166	,16703642	,16702862	,16702333	,16701806	,16701278	,16700751	,16634699	,16700240	,
13540124	,13606180	,13605927	,13475370	,13475632	,13081139	,12752696	,12424763	,12752184	,14130482	,15575332	,16101147	,16232725	,16167179	,16166663	,16297473	,16429057	,16493827	,16428033	,16625664	,16690948	,16360962	,16688133	,16027904	,15169792	,14312450	,13850883	,13719298	,13851650	,13983236	,14182656	,14777611	,15440420	,16235842	,16700783	,16703896	,16704689	,16639417	,16639413	,16639918	,16704174	,16703912	,16703645	,16703117	,16702333	,16701804	,16701018	,16700489	,16699709	,16699197	,
13409050	,13475105	,13410343	,13148198	,13147696	,12884021	,12621364	,12555834	,13539382	,15051298	,15904285	,16035352	,16100617	,16232195	,16363264	,16493827	,16362753	,16493829	,16428036	,16559619	,16624385	,16689412	,16557058	,16029952	,15697664	,14839556	,13851648	,13588225	,13916930	,14049025	,14051584	,14381313	,15106820	,15638051	,16169789	,16634465	,16702844	,16703378	,16703642	,16703640	,16637847	,16703125	,16702606	,16702592	,16701806	,16701020	,16700228	,16699694	,16698654	,16697884	,
13343515	,13212451	,13212964	,13016361	,12884526	,12556335	,12359989	,12686129	,14786602	,15707417	,16035344	,16166410	,16166401	,16362753	,16362754	,16297473	,16296960	,16230916	,16296960	,16493057	,16557061	,16622851	,16293378	,16225536	,15763970	,15301637	,14049537	,13654018	,13786114	,13918722	,14116609	,14183170	,14578944	,15172613	,15833621	,16298542	,16566087	,16568921	,16635235	,16700773	,16701802	,16701547	,16701286	,16701016	,16699967	,16699173	,16698128	,16566275	,16696320	,16696065	,
13146910	,13081123	,12884262	,12753191	,12621614	,12359471	,12293424	,13145902	,15246876	,15773453	,15970054	,16100868	,16100864	,16296960	,16296707	,16362754	,16428033	,16362243	,16428034	,16558337	,16557058	,16491265	,16161538	,16093445	,15763969	,15565059	,14641665	,13719810	,13719810	,14049540	,14050305	,14116611	,14249729	,14645248	,15107330	,15570443	,15968022	,16233763	,16498223	,16565044	,16697394	,16697647	,16697637	,16566039	,16499720	,16564224	,16563456	,16562690	,16628738	,16694016	,
12687396	,12621603	,12555561	,12293414	,12423981	,12293424	,12358188	,13671207	,15510029	,15904259	,16035328	,16166401	,16231680	,16230916	,16230916	,16296707	,16624643	,16427264	,16493826	,16624643	,16557571	,16557058	,16359168	,16225283	,15698176	,15762691	,15037185	,13785857	,13588225	,13786114	,13852928	,14050820	,14117892	,14381826	,14580224	,14975232	,15436545	,15767301	,15966730	,16230926	,16362761	,16494599	,16429827	,16364032	,16429057	,16429059	,16364034	,16495618	,16561924	,16496131	,
12227625	,12161830	,12292649	,12161832	,12161579	,12227374	,12423211	,14129953	,15706628	,16035329	,16166402	,16297218	,16165634	,16165125	,16230914	,16296960	,16428034	,16362241	,16362240	,16559105	,16689666	,16688896	,16227584	,15961859	,15698179	,15762691	,15234563	,13786114	,13588738	,13786116	,13918722	,14050818	,14117379	,14315522	,14382594	,14711810	,14975232	,15239168	,15437568	,15635456	,15833600	,15900160	,15965952	,15966464	,16098050	,16098819	,16230914	,16363266	,16429056	,16494592	,
11899434	,12030506	,12161577	,12095788	,12095784	,12160811	,12553514	,14391836	,15837185	,16100609	,16231425	,16231425	,16165121	,16230916	,16296960	,16494592	,16559619	,16493827	,16494337	,16691205	,16624132	,16623105	,16029956	,15764483	,15632386	,15631621	,15301124	,13852161	,13588737	,13786116	,13984515	,13920000	,14052097	,14315520	,14578944	,14776835	,14974466	,15106818	,15239168	,15305984	,15437828	,15569924	,15767555	,15833345	,15899392	,16030976	,16163330	,16361222	,16296450	,16362240	,
11833641	,12030252	,12095786	,11963950	,12160809	,12028712	,12487207	,14260246	,15968003	,16034818	,16165636	,16165123	,16164610	,16230403	,16296448	,16493826	,16493826	,16428034	,16559872	,16691719	,16558341	,16425474	,16028933	,15895809	,15698176	,15696900	,15432196	,13851907	,13588224	,13851909	,13984514	,13985792	,14117892	,14381313	,14578944	,14776836	,14974212	,15041027	,15173123	,15304960	,15371522	,15569154	,15701249	,15832835	,15898627	,15899138	,16096769	,16163329	,16294915	,16427266	,
11833391	,12030254	,11963948	,11898158	,12094507	,12093994	,12289576	,13931032	,15901700	,16034050	,15902210	,15967234	,16098049	,16163843	,16229635	,16361219	,16295426	,16492548	,16427264	,16559105	,16689409	,16227584	,15699456	,15829762	,15829762	,15631107	,15037952	,13588738	,13588224	,13851907	,13919232	,13920513	,14183685	,14381826	,14513664	,14646017	,14843648	,14975745	,15238404	,15369989	,15436544	,15503361	,15635204	,15701251	,15767042	,15832834	,15899392	,16030978	,16097539	,16295429	,
11833140	,11964463	,11963951	,11898157	,11896875	,12028203	,12091944	,13536283	,15572483	,15836672	,15770112	,15900672	,16031744	,16097537	,16097537	,16229123	,16229123	,16491267	,16623364	,16492548	,16293889	,15831554	,15501827	,15632386	,15435264	,15368452	,14708992	,13391109	,13456898	,13852161	,13985024	,13921026	,14183937	,14316033	,14513410	,14776836	,14908673	,14975232	,15172610	,15238914	,15173891	,15372034	,15569665	,15635458	,15700740	,15831556	,15897347	,16094724	,16030465	,16228353	,
11833140	,11701554	,11832375	,11832364	,11896875	,12223785	,11960358	,13075234	,15242503	,15770116	,15769603	,15768320	,15964931	,15965699	,16097539	,16228355	,16096769	,16359682	,16359681	,16359681	,16029184	,15764482	,15435268	,15238403	,15499266	,15301637	,13985027	,13063424	,13326595	,13524225	,13853955	,14051588	,14118144	,14381826	,14382592	,14646019	,14712321	,14975745	,15107330	,15173121	,15239936	,15437314	,15503618	,15634947	,15700740	,15765763	,15699970	,15700736	,15898881	,15965699	,
11833142	,11702069	,11831860	,11897136	,11896366	,12091948	,11894569	,12483621	,14256398	,15637248	,15834628	,15768322	,16030214	,16096769	,16228096	,16161792	,16030464	,16491267	,16359169	,16094213	,15830275	,15698179	,15303168	,14974464	,15301889	,14643458	,13458432	,12997376	,13260802	,13393153	,13591296	,13920513	,14052608	,14316033	,14382592	,14514690	,14778116	,14909698	,15041537	,15173123	,15108096	,15305729	,15503107	,15503107	,15633923	,15568130	,15568384	,15634945	,15833088	,16030978	,
11767609	,11636023	,11896883	,11896626	,11961136	,11960111	,11762730	,12023079	,13007901	,15109892	,15701761	,15833345	,15898628	,15965184	,16359171	,16161542	,16162304	,16490754	,16226817	,15895558	,15434753	,15237634	,15105792	,15301637	,14906626	,13721600	,12932353	,12998148	,13195777	,13459457	,13591809	,13921026	,14118401	,14316035	,14382594	,14514691	,14712323	,14843905	,15041537	,15107330	,15239168	,15305729	,15371521	,15371521	,15502338	,15436545	,15502337	,15569154	,15767044	,15833347	,
11833150	,11635772	,11962680	,11830579	,11960627	,11828271	,11695913	,11825704	,12087583	,13793808	,15108100	,15700740	,15701251	,15701761	,16096258	,16227333	,16557060	,16489989	,16225283	,15829762	,15303682	,15040256	,14973444	,14971140	,13985025	,12998146	,12801026	,13130243	,13196289	,13394176	,13591554	,13854979	,14118403	,14316035	,14382594	,14448898	,14646530	,14778112	,14975745	,15107331	,15238914	,15370754	,15239936	,15370752	,15370754	,15370754	,15436545	,15568900	,15635458	,15767554	,
11833153	,11569981	,11896634	,11764786	,11894836	,11762480	,11826220	,11759400	,11889957	,12675611	,13923080	,14975232	,15436545	,15700740	,15832322	,16029186	,16358400	,16159490	,15961348	,15763969	,15303170	,15039235	,14642947	,13918721	,12932866	,12669443	,12801537	,12999168	,13262593	,13460224	,13657602	,13986565	,14118403	,14316035	,14316801	,14448385	,14514690	,14712321	,14909441	,15041025	,15107330	,15238914	,15304961	,15304961	,15238914	,15238914	,15239682	,15437827	,15503872	,15701762	,
11767106	,11635520	,11830843	,11764535	,11697717	,11630130	,11890735	,11823657	,11822628	,11952925	,12739094	,13461251	,14315522	,15105028	,15632132	,16158727	,16158977	,15829252	,15631107	,15367430	,14774531	,14312961	,13524224	,12669440	,12472321	,12538114	,12604928	,12736512	,13262339	,13459968	,13789186	,14052099	,14052610	,14316035	,14251010	,14382594	,14448385	,14711810	,14777601	,14909441	,15041025	,15107330	,15173121	,15238914	,15238403	,15173121	,15239682	,15372035	,15503618	,15701251	,
11701062	,11700804	,11830591	,11894846	,11631672	,11629621	,11824690	,11561005	,11756074	,11820579	,11950364	,12474130	,13064199	,13458178	,13852928	,14445315	,14839556	,14576385	,14181376	,13786114	,13456898	,13062659	,12471810	,11947010	,12143874	,12275712	,12473089	,12736514	,12999938	,13394179	,13723395	,13920513	,14052610	,14184194	,14381826	,14447617	,14513664	,14580226	,14646017	,14908673	,14975234	,15041025	,15041024	,15106817	,15106817	,15107330	,15173889	,15306242	,15437825	,15635458	,
11766605	,11765574	,11764800	,11894084	,11499833	,11694391	,11561519	,11232300	,11427112	,11884070	,11686942	,11815708	,12142608	,12208137	,12600835	,12798208	,12929542	,12929792	,12798208	,12600577	,12207360	,11879936	,11749378	,11947008	,12078084	,12209921	,12341507	,12604930	,12802560	,13196547	,13525763	,13723393	,13986817	,14118401	,14250242	,14316033	,14513410	,14579456	,14711040	,14842626	,14777601	,14843648	,14909440	,15041025	,15041025	,15041024	,15108098	,15240449	,15372034	,15503618	,
11832398	,11568969	,11764295	,11762755	,11695935	,11628602	,11561014	,11427888	,11360555	,11489830	,11620130	,11618331	,11682071	,11680529	,11745544	,12007938	,11876352	,12007938	,11745795	,11812353	,11747586	,11617028	,11683585	,11815169	,11815939	,12144389	,12209921	,12473344	,12736512	,13065730	,13394177	,13591296	,13789186	,13986819	,14118401	,14250242	,14381826	,14447617	,14645250	,14711042	,14776833	,14842626	,14974466	,14909187	,14909441	,14975232	,15107330	,15173891	,15239936	,15437315	,
11766608	,11699532	,11763785	,11762245	,11695169	,11562043	,11494712	,11492915	,11359533	,11423272	,11487523	,11485981	,11615512	,11613970	,11612938	,11612416	,11612672	,11678976	,11614209	,11549696	,11616513	,11485442	,11552001	,11552769	,11684353	,12012803	,12078592	,12407296	,12670721	,13064961	,13262593	,13525504	,13657602	,13854979	,14052097	,14183937	,14315522	,14381315	,14513410	,14579203	,14711042	,14711042	,14776833	,14908419	,14908673	,14843648	,14909952	,15173123	,15238914	,15370754	,
11831636	,11699280	,11763533	,11761993	,11694660	,11496000	,11493690	,11492151	,11293232	,11290922	,11223588	,11287839	,11417369	,11415825	,11415308	,11348996	,11480832	,11612929	,11548418	,11549696	,11616513	,11420162	,11420931	,11552515	,11618560	,11816194	,12078594	,12341505	,12604930	,12933377	,13130753	,13393666	,13525504	,13722882	,13920513	,14052097	,14118144	,14183936	,14381313	,14447360	,14578944	,14644737	,14710530	,14776322	,14842115	,14776833	,14908673	,15106050	,15106818	,15172610	,
11832151	,11765075	,11763535	,11761995	,11563333	,11496001	,11428668	,11426617	,11227698	,11290924	,11157542	,11222049	,11351322	,11284500	,11349518	,11348745	,11414787	,11547136	,11548163	,11483904	,11484928	,11354371	,11355138	,11421442	,11618560	,11816194	,12078594	,12341505	,12538882	,12801537	,12999170	,13262082	,13393664	,13591297	,13788675	,13920259	,13986306	,14052097	,14249730	,14381315	,14447106	,14578946	,14644739	,14710019	,14775810	,14644737	,14710529	,14842369	,15039746	,15171330	,
11832151	,11634259	,11764048	,11762508	,11694919	,11496514	,11494207	,11426617	,11227698	,11291183	,11092264	,11090722	,11220251	,11218709	,11283471	,11217419	,11283716	,11481856	,11482370	,11417859	,11418881	,11288578	,11289345	,11420929	,11553024	,11750146	,12012803	,12210178	,12407296	,12735746	,12867330	,13064961	,13262082	,13459459	,13591043	,13722883	,13788675	,13920259	,14052099	,14183683	,14315522	,14381313	,14512386	,14512386	,14512386	,14643458	,14643456	,14709249	,14840833	,15038467	,
11897944	,11700052	,11829841	,11828301	,11695433	,11628100	,11494720	,11295801	,11228468	,11291953	,11092780	,11025188	,11089182	,11153433	,11152403	,11217421	,11218180	,11416064	,11351297	,11352067	,11353088	,11353858	,11420161	,11420929	,11552768	,11750146	,11881732	,12078594	,12275712	,12473089	,12604928	,12802305	,13130496	,13327873	,13393664	,13525250	,13591297	,13722882	,13854720	,14051584	,14118144	,14249217	,14380033	,14445826	,14511106	,14445313	,14576385	,14642178	,14773251	,14839043	,
11897689	,11765590	,11829841	,11697229	,11564361	,11562821	,11495233	,11296828	,11163447	,11161396	,11093806	,10960424	,10958627	,11088414	,11021846	,11218450	,11153158	,11219200	,11285504	,11286273	,11352832	,11288065	,11354369	,11486208	,11552769	,11684355	,11815941	,11881987	,12078592	,12341505	,12473344	,12604928	,12933376	,13130496	,13262080	,13327873	,13393664	,13656577	,13788162	,13920000	,14051586	,14182402	,14247938	,14378754	,14378754	,14378243	,14443523	,14574339	,14574082	,14639875	,
11832408	,11700565	,11698769	,11697742	,11630922	,11498054	,11364928	,11297339	,11230008	,11096628	,11029040	,10961707	,10828326	,11089443	,11022617	,11087891	,11284490	,11219712	,11351297	,11352066	,11418624	,11288065	,11354369	,11485954	,11618308	,11684101	,11750407	,11881732	,12078594	,12275712	,12473089	,12670723	,12867332	,13064452	,13130243	,13196034	,13327363	,13458948	,13590786	,13722370	,13985027	,14050305	,14247170	,14246657	,14246659	,14245891	,14376963	,14376450	,14441473	,14441473	,
11701592	,11635030	,11568211	,11567184	,11499850	,11563846	,11365442	,11298624	,11165244	,11163447	,11030321	,10896941	,10829608	,10893602	,10893084	,11089433	,11220237	,11220744	,11286273	,11286784	,11418624	,11550210	,11485697	,11552001	,11684104	,11618824	,11749896	,11750146	,11816192	,12078592	,12275971	,12407559	,12670472	,12670731	,12736011	,13129740	,13261580	,13327884	,13524752	,13721350	,13917952	,13917952	,13983234	,14048514	,14113537	,14179073	,14244096	,14178305	,14243074	,14308098	,
11701592	,11700823	,11568724	,11567697	,11566157	,11564361	,11431748	,11298881	,11231550	,11164217	,11031348	,10964017	,11027500	,10960678	,11025439	,11221532	,11287313	,11286794	,11352579	,11352577	,11484417	,11550721	,11551490	,11486724	,11683850	,11749897	,11749894	,11750146	,11816194	,11947525	,12144904	,12276490	,12342283	,12407824	,12604689	,12801555	,13064211	,13130772	,13458709	,13589256	,13720064	,13654017	,13719297	,13850369	,13980672	,14046208	,14045696	,14045696	,14241024	,14174720	,
11701593	,11570007	,11568724	,11436625	,11566414	,11499851	,11366982	,11234371	,11232831	,11165242	,10966838	,10965042	,10963245	,11027752	,11092515	,11157277	,11222549	,11287566	,11352837	,11418883	,11484928	,11485697	,11551748	,11552264	,11683854	,11684104	,11684353	,11684865	,11750661	,11881995	,12013839	,12014094	,12014094	,12145429	,12210709	,12407575	,12736024	,12999196	,13261077	,13456647	,13390594	,13324288	,13521153	,13783042	,13782531	,13913090	,13912577	,13977600	,14042370	,13975809	,
11636057	,11570007	,11569237	,11502418	,11436111	,11500364	,11433288	,11169603	,11168065	,11232061	,10967863	,10966066	,10964526	,11029290	,11159846	,11224351	,11289112	,11288340	,11419148	,11419653	,11419904	,11551490	,11617289	,11486733	,11618059	,11618310	,11553280	,11619073	,11750407	,11750669	,11751185	,11816978	,11751187	,11750936	,11947545	,12210715	,12407834	,12670494	,12997907	,13127682	,12995585	,12995072	,13257217	,13388033	,13452802	,13649154	,13779713	,13779202	,13843714	,13842945	,
11636057	,11570007	,11635030	,11502931	,11436111	,11369805	,11368778	,11235909	,11103296	,11101756	,11099960	,11033140	,11031600	,11096363	,11226661	,11291425	,11355673	,11355159	,11420177	,11485703	,11485957	,11551496	,11683084	,11618061	,11552518	,11487235	,11553282	,11684614	,11684874	,11684878	,11619601	,11554068	,11488023	,11553565	,11685151	,12013857	,12342305	,12538912	,12734481	,12798467	,12732161	,12731904	,12993795	,13190147	,13320450	,13516802	,13515777	,13580800	,13710594	,13644290	,
11636057	,11504471	,11504213	,11503443	,11371345	,11370318	,11369035	,11171399	,11103810	,11102783	,11101243	,11034167	,11098675	,11163437	,11227686	,11292705	,11422747	,11421719	,11486481	,11420939	,11486475	,11552013	,11552266	,11552517	,11421442	,11487489	,11553282	,11553543	,11619083	,11619599	,11488275	,11422230	,11159577	,11290911	,11488290	,11817507	,12145442	,12275740	,12405259	,12469249	,12403200	,12599296	,12861442	,12926209	,13122561	,13252866	,13448705	,13447937	,13577728	,13445632	,
11439448	,11438678	,11438933	,11372627	,11371858	,11305039	,11304012	,11171656	,11039300	,11103296	,10970684	,10969657	,11033907	,11164718	,11163688	,11293732	,11423773	,11423000	,11487762	,11422223	,11553039	,11552779	,11487237	,11487489	,11487235	,11553280	,11488000	,11553543	,11422220	,11422480	,11159828	,11028504	,11028765	,11226144	,11489061	,11752227	,12013857	,12077589	,12010501	,12075011	,12205568	,12401920	,12663298	,12793857	,12989953	,13054977	,13185282	,13249794	,13313793	,13247232	,
11373657	,11307862	,11438678	,11307092	,11306835	,11305552	,11238732	,11106633	,11105606	,11038530	,11103042	,11101756	,11166006	,11230768	,11229994	,11425829	,11490082	,11555099	,11489043	,11554066	,11488524	,11422725	,11422208	,11487235	,11487235	,11487488	,11553793	,11487750	,11356427	,11356689	,11028502	,10897179	,10963487	,11029793	,11292711	,11620898	,11750431	,11814160	,11681283	,11746306	,12007936	,12204288	,12400640	,12596224	,12727298	,12792066	,12921858	,13052417	,13116417	,13049856	,
11307864	,11242071	,11242069	,11307092	,11306835	,11109456	,11173966	,11041867	,11106633	,11039813	,10972737	,11036990	,11035962	,11166004	,11296301	,11361319	,11491362	,11425053	,11489815	,11489043	,11554057	,11488000	,11291139	,11225856	,11487746	,11421953	,11421953	,11291139	,11291147	,11159826	,10962708	,10896926	,10832162	,11095075	,11227172	,11489061	,11683609	,11616009	,11418113	,11483136	,11810561	,11875840	,12203009	,12464387	,12725506	,12724737	,12855298	,13050370	,13049091	,12785920	,
11242071	,11176278	,11176278	,11241301	,11241301	,11174995	,11108686	,10976587	,11041353	,11040070	,10907714	,10906431	,10971196	,11101492	,11231791	,11493162	,11557668	,11425823	,11490585	,11489555	,11488775	,11356928	,11291139	,11225856	,11291392	,11225344	,11291139	,11159810	,11028741	,11028492	,10896915	,10766110	,10701094	,11095336	,11161125	,11291424	,11354897	,11353092	,11220993	,11351296	,11744257	,11940353	,12136705	,12332289	,12528130	,12593153	,12657665	,12787200	,12785920	,12653825	,
11110231	,10979158	,11044438	,10978645	,11175510	,11109715	,11043409	,11042895	,10910794	,10909767	,10908484	,10841921	,10971707	,10971189	,11298097	,11362859	,11427109	,11491875	,11490842	,11490066	,11423752	,11357441	,11291650	,11094785	,11225856	,11225603	,11159810	,11028994	,10963203	,10831623	,10831635	,10832160	,10767400	,11030057	,11095332	,11159579	,11091464	,10958848	,11089154	,11350784	,11612416	,11808768	,11939073	,12069121	,12264704	,12461058	,12525570	,12589568	,12654082	,12588032	,
11044438	,10913365	,10847572	,10912852	,10978645	,10978645	,10978129	,10911823	,10845516	,10779208	,10778181	,10776898	,10907197	,11037239	,11167538	,11232300	,11493416	,11426852	,11425821	,11424790	,11424011	,11226625	,11095040	,10963200	,11028994	,11028996	,10963200	,10832128	,10766081	,10766084	,10766357	,10767137	,10833189	,10965029	,11029282	,11092755	,11025155	,10761472	,10957570	,11284993	,11612418	,11676928	,11807488	,12003328	,12198913	,12329218	,12393985	,12523777	,12523009	,12653572	,
10978645	,10847572	,10781779	,10912852	,10912852	,10912852	,10847059	,10780750	,10714444	,10648137	,10647109	,10646082	,10776638	,10906936	,11036979	,11232813	,11362859	,11493156	,11492127	,11490842	,11424273	,11292164	,11160832	,11028992	,10963461	,10963203	,10832128	,10766081	,10700289	,10766084	,10898198	,10833443	,10899236	,10899234	,10962717	,10960652	,10762752	,10695936	,11023616	,11285506	,11547138	,11742976	,11873280	,12003585	,12199426	,12263936	,12393985	,12458497	,12457986	,12588802	,
10781781	,10715988	,10781779	,10847059	,10781266	,10715986	,10715473	,10649680	,10714444	,10713930	,10647624	,10646595	,10711360	,10907195	,11103286	,11168049	,11297580	,11362597	,11426850	,11425821	,11424790	,11358218	,11226624	,11094785	,11028996	,10897921	,10766081	,10700289	,10700288	,10897670	,11030041	,10900006	,10899236	,10832928	,10896666	,10829064	,10631424	,10696706	,11089920	,11286273	,11482370	,11809280	,11939584	,11939073	,12069120	,12264704	,12329218	,12393985	,12393731	,12459528	,
10715988	,10715988	,10781781	,10781268	,10715475	,10584402	,10584402	,10583889	,10649166	,10582860	,10713417	,10515525	,10580289	,10710845	,10906934	,11102772	,11232813	,11232041	,11296036	,11295262	,11294233	,11358482	,11226886	,11028994	,10963203	,10897408	,10634496	,10634496	,10700289	,10963724	,11030811	,11031589	,10965027	,10898207	,10830865	,10632706	,10566913	,10828802	,11090688	,11352577	,11417859	,11744768	,11940864	,11874560	,12004864	,12200705	,12265732	,12330246	,12330507	,12331020	,
10650195	,10650195	,10584402	,10650195	,10584402	,10584402	,10518609	,10518097	,10583373	,10582860	,10582090	,10450245	,10580802	,10711358	,10973242	,11037493	,11167536	,11232302	,11230758	,11229982	,11228701	,11292954	,11292174	,11029254	,10897155	,10765824	,10568705	,10568704	,10766084	,11029012	,11030558	,10900768	,11031071	,10766618	,10765319	,10698752	,10699012	,10895360	,11156481	,11287297	,11287297	,11614209	,11876354	,11744768	,12006146	,12136452	,12201736	,12332299	,12332817	,12267796	,
10518609	,10518609	,10518609	,10518609	,10518609	,10584147	,10518609	,10518096	,10452303	,10517326	,10451274	,10384711	,10383939	,10514495	,10710586	,10841143	,10971440	,11101229	,11034408	,11033381	,11031839	,11031065	,11095573	,11094544	,10962952	,10700032	,10765056	,10764801	,10896906	,11029015	,11095583	,10834464	,11030044	,10766862	,10634498	,10568192	,10699010	,10896130	,11092480	,11288576	,11419136	,11484417	,11680513	,11876864	,12007680	,12072452	,12137996	,12203536	,12138259	,12138772	,
10452816	,10452816	,10387023	,10387023	,10452561	,10452561	,10452561	,10452304	,10386510	,10451533	,10451276	,10450504	,10318659	,10514496	,10710588	,10775096	,10840114	,10970159	,10969132	,11099176	,11032100	,11031071	,11030041	,11029014	,10962699	,10765319	,10764801	,10764550	,10896658	,11028761	,11030044	,10833694	,10964241	,10766343	,10634496	,10568704	,10699778	,11028227	,11224578	,11355138	,11289345	,11420162	,11616514	,11813122	,11878146	,11943174	,11942925	,11943186	,11943701	,11878167	,
10320975	,10320975	,10255437	,10320975	,10386768	,10386768	,10386768	,10386511	,10320718	,10320717	,10319947	,10253897	,10253125	,10448962	,10645055	,10709820	,10774580	,10904626	,10837804	,10902826	,11032615	,10965796	,10898974	,10897945	,10962962	,10830863	,10896138	,10830095	,10896664	,11094556	,11030042	,10964502	,10832904	,10700801	,10569216	,10635009	,10766082	,10897410	,11093760	,11290369	,11355649	,11355649	,11420929	,11617281	,11748099	,11878921	,11879183	,11813906	,11879960	,11749145	,
10189902	,10189902	,10189902	,10255182	,10255182	,10255182	,10255182	,10320718	,10189389	,10254925	,10189131	,10254154	,10122311	,10252355	,10513728	,10578749	,10774582	,10773556	,10772527	,10837291	,10901544	,10900517	,10833696	,10898206	,10962968	,10830612	,10895635	,10764819	,10896664	,11028763	,11160601	,11029515	,10635778	,10504192	,10438400	,10569986	,10832388	,10963714	,11028992	,11291650	,11291137	,11421953	,11487488	,11552769	,11749126	,11814668	,11749392	,11684114	,11685145	,11619611	,
10124109	,10124109	,10124109	,10124109	,10189389	,10189389	,10123596	,10123596	,10189389	,10123596	,10123851	,10123339	,10122569	,10186821	,10382658	,10447422	,10643514	,10774071	,10773042	,10772013	,10836010	,10834983	,10768418	,10767135	,10766107	,10699800	,10830360	,10896407	,10962711	,11094297	,11028751	,10897410	,10504193	,10372864	,10438657	,10570243	,10767362	,10964225	,11029504	,11095298	,11160832	,11226625	,11357440	,11488514	,11619334	,11619853	,11685652	,11554836	,11489815	,11490335	,
9992523	,9992523	,9992523	,10058316	,10124109	,10123596	,10123596	,10123596	,10123596	,10123596	,10057803	,10057803	,10122569	,10121286	,10317380	,10251072	,10512188	,10642745	,10641974	,10640945	,10770735	,10769706	,10768679	,10767396	,10700574	,10634522	,10831386	,11028504	,11094297	,11094546	,11028741	,10896640	,10438146	,10504450	,10439427	,10505473	,10768128	,10964992	,10964992	,11030786	,11293443	,11293443	,11358721	,11358721	,11423750	,11489805	,11490068	,11424790	,11360026	,11426334	,
9926732	,9926730	,9926730	,9992523	,9992525	,9992525	,10057805	,10057805	,9992012	,10057803	,10057803	,10057803	,9991499	,10056263	,10186309	,10185794	,10381118	,10511675	,10576439	,10641205	,10771250	,10639151	,10638124	,10636582	,10635553	,10700574	,10831900	,11094556	,11160087	,11029004	,10897410	,10700288	,10504193	,10570243	,10439939	,10505984	,10637056	,10768896	,10834689	,10834946	,11162882	,11162882	,11228416	,11294209	,11425029	,11359499	,11359763	,11294486	,11229721	,11296027	,
9795146	,9860939	,9860939	,9860939	,9860939	,9926732	,9926732	,10057805	,9992012	,10057805	,9992010	,9926219	,9925706	,10056265	,10186822	,10185539	,10381631	,10446141	,10510905	,10510133	,10705715	,10573616	,10572589	,10571048	,10701092	,10635553	,10832414	,11029533	,11094546	,10963209	,10766084	,10766594	,10569985	,10636291	,10505730	,10506498	,10703361	,10769154	,10704131	,10704643	,10901507	,11032579	,11032577	,11098112	,11360515	,11294987	,11294995	,11163927	,11296539	,11231260	,
9728842	,9794635	,9663306	,9729099	,9860685	,9860428	,9794635	,9860428	,9794892	,9860939	,9926219	,9926219	,9860426	,9859913	,9990470	,10055236	,10185282	,10315840	,10380350	,10445114	,10378549	,10377522	,10376239	,10441002	,10637095	,10636834	,10898974	,11095322	,11094805	,10963461	,10766594	,10701571	,10636289	,10505472	,10637568	,10572545	,10572802	,10638850	,10705154	,10705152	,10836992	,10836738	,10967811	,10967552	,11033344	,11033608	,11033616	,10968340	,11100439	,11297818	,
9663306	,9663306	,9532490	,9466697	,9663306	,9663306	,9794635	,9794635	,9794892	,9794892	,9860426	,9860426	,9860426	,9859913	,9925192	,10121286	,10185539	,10250305	,10117693	,10182458	,10247222	,10377781	,10376498	,10375979	,10571559	,10637091	,10833694	,11030041	,11095059	,10963460	,10766592	,10635778	,10571266	,10505984	,10506752	,10507009	,10572802	,10573570	,10574338	,10640129	,10640642	,10771715	,10902785	,10902785	,10902531	,10968328	,10968593	,11034646	,11035414	,11102232	,
9400906	,9466699	,9400906	,9400906	,9466699	,9597515	,9663308	,9663308	,9663308	,9663306	,9729099	,9794635	,9794635	,9794633	,9794120	,9924679	,9923650	,10053953	,10052928	,10051902	,10116665	,10181431	,10179889	,10179371	,10441256	,10637604	,10768671	,10899225	,10964241	,10963971	,10898432	,10701824	,10637057	,10571777	,10572545	,10507009	,10507522	,10376705	,10443009	,10508802	,10443779	,10509570	,10574848	,10574849	,10640388	,10706184	,10772495	,10904340	,10970646	,11037205	,
9335113	,9335113	,9203784	,9269577	,9400906	,9400906	,9466699	,9466699	,9531722	,9597515	,9597513	,9663049	,9728842	,9728842	,9728842	,9728327	,9793093	,9857603	,10053442	,10052415	,10051386	,10115896	,9983539	,10114350	,10375977	,10572327	,10703135	,10833943	,10898959	,10899202	,10899200	,10767873	,10637570	,10637568	,10572545	,10441729	,10310913	,10245632	,10246402	,10312193	,10246659	,10246912	,10246400	,10246400	,10377988	,10575367	,10707211	,10838545	,10970644	,10971410	,
9203527	,9203527	,9137991	,9203784	,9269577	,9335113	,9269320	,9335113	,9465929	,9400906	,9597515	,9531722	,9531722	,9597513	,9597513	,9663049	,9727559	,9726530	,9791553	,9856317	,9921082	,9985592	,10049845	,10180400	,10376490	,10572840	,10703648	,10768920	,10899729	,10899459	,10899713	,10702848	,10703361	,10506752	,10441216	,10375936	,10310913	,10245633	,10180609	,10115073	,10049280	,10049280	,9983488	,10114561	,10312193	,10509570	,10641671	,10773004	,10970383	,10906130	,
9136964	,9137734	,9137734	,9072198	,9072198	,9203527	,9203527	,9203527	,9400137	,9269320	,9335113	,9465929	,9531722	,9531722	,9531722	,9597256	,9596745	,9530434	,9660737	,9725758	,9724730	,9789496	,9919540	,10050097	,10442794	,10507815	,10638623	,10769433	,10899986	,10834434	,10768896	,10703361	,10572544	,10572545	,10507009	,10507522	,10376706	,10311426	,10114561	,9983488	,9917696	,9917697	,9917697	,10114561	,10246400	,10444032	,10575874	,10773255	,10905100	,10906385	,
9071172	,9005893	,9005893	,9005893	,9006148	,9071941	,9137734	,9137734	,9137479	,9137734	,9203527	,9400136	,9400136	,9465929	,9400136	,9465416	,9465929	,9465157	,9464387	,9529151	,9528378	,9723960	,9919797	,10116400	,10312489	,10443045	,10639134	,10769944	,10769682	,10834947	,10703360	,10638337	,10507264	,10573057	,10573570	,10573570	,10376705	,10245633	,9983488	,9917697	,9786368	,9786370	,9852163	,10049281	,10181120	,10378496	,10576128	,10707971	,10774536	,10840588	,
8874307	,8808514	,8809027	,8874820	,8940100	,8940100	,8940355	,9006148	,9005893	,9006405	,9072198	,9137734	,9268550	,9334343	,9334343	,9399623	,9334341	,9399877	,9267780	,9332544	,9462845	,9593657	,9854774	,10117168	,10247464	,10378020	,10639903	,10770712	,10901268	,10835716	,10835200	,10704130	,10638850	,10573570	,10639363	,10442498	,10245632	,10114561	,9983488	,9786368	,9720576	,9720577	,9852161	,9984000	,10181377	,10313217	,10510594	,10708226	,10774789	,10578695	,
