5985547	,6312709	,6378502	,6379015	,6510087	,6576134	,6510598	,6576134	,6772743	,7165957	,7691266	,8150785	,8347905	,8347905	,8478721	,8609794	,8609796	,8478470	,8413195	,8281871	,8084757	,8019225	,7757082	,7691802	,7887901	,7953183	,8215076	,8411173	,8541735	,8803626	,9065258	,9261610	,9523242	,9523242	,9523242	,9588781	,9588781	,9457708	,9391916	,9325612	,9260076	,9325869	,9457455	,9654828	,9983274	,10246183	,10508579	,10442271	,10507288	,10572050	,
6247429	,6509317	,6640904	,6640906	,6772232	,6772228	,6772482	,6772224	,7427840	,7821569	,8346626	,8674562	,8740355	,8871426	,8805633	,8936705	,8936451	,8739589	,8674059	,8477199	,8346131	,8149784	,7952922	,7756315	,7952670	,8149281	,8476965	,8607526	,8869673	,9131564	,9327660	,9589805	,9721132	,9721130	,9786412	,9852205	,9786925	,9721132	,9655085	,9523501	,9457708	,9523502	,9720368	,10048816	,10180653	,10377769	,10574631	,10639650	,10704669	,10703638	,
6313219	,6444548	,6706696	,6706950	,6771971	,6771971	,7034371	,7362562	,8149248	,8542722	,8870658	,9067265	,9067265	,9067265	,9132288	,9132288	,9066497	,9000451	,8869385	,8738061	,8475665	,8279317	,8147993	,8082459	,8214047	,8541988	,8804391	,9066280	,9197355	,9328684	,9590573	,9787436	,9919021	,10116141	,10181934	,10181680	,10050607	,9984814	,9853228	,9786923	,9721132	,9720878	,9918000	,10312240	,10509359	,10509355	,10640425	,10705445	,10967072	,10835485	,
6444805	,6510339	,6772741	,6838273	,6838016	,6968832	,7296516	,7886853	,8739074	,8870145	,9132288	,9197824	,9328640	,9328640	,9328129	,9328129	,9196545	,9064704	,9064454	,8867853	,8605713	,8343060	,8146199	,8211994	,8409119	,8737315	,8934437	,9197096	,9459498	,9656364	,9853998	,9985582	,10117420	,10249006	,10445613	,10314799	,10183213	,10051625	,9920041	,9985066	,9984555	,9918508	,9983789	,10378032	,10640943	,10640941	,10772011	,10705960	,10901795	,10835486	,
6576130	,6772482	,6837764	,7034371	,7099904	,7165697	,7755778	,8477184	,9198081	,9263617	,9459713	,9656065	,9589761	,9457921	,9522945	,9522947	,9588481	,9390848	,9193730	,8800520	,8472848	,8079379	,8079640	,8277019	,8408092	,8736545	,9064740	,9327654	,9590826	,9788203	,10051886	,10249517	,10446895	,10512942	,10578735	,10512942	,10381356	,10249768	,10118184	,10183466	,10247977	,10181932	,10115626	,10509357	,10706734	,10772527	,10903597	,10771753	,10836515	,10835232	,
6642689	,6904065	,6903555	,6968578	,7230976	,7559169	,8214785	,8935680	,9460226	,9525506	,9655811	,9786370	,9785859	,9719554	,9587968	,9652993	,9455616	,9323776	,8995841	,8667654	,8273933	,8011794	,8012052	,8209686	,8472090	,8801055	,9195299	,9458468	,9853480	,10051625	,10315309	,10447917	,10579503	,10645294	,10645293	,10645293	,10448427	,10382121	,10381352	,10315561	,10511659	,10445355	,10379050	,10641195	,10969390	,11100975	,11035182	,10837544	,10902308	,10835232	,
6774273	,6970624	,6969858	,7034625	,7427584	,8148992	,8804865	,9329408	,9591553	,9656835	,9721345	,9851904	,9851393	,9850625	,9652992	,9586688	,9323777	,8995328	,8601346	,8206853	,7944459	,7944206	,8076305	,8273683	,8602649	,8931614	,9194785	,9589795	,9985062	,10249257	,10512938	,10645547	,10645806	,10777390	,10843437	,10777644	,10646569	,10580263	,10448166	,10578986	,10775082	,10642986	,10773291	,10969643	,11100716	,11232302	,11166509	,10968615	,10968099	,10901279	,
6905346	,7035904	,7035905	,7166211	,7886851	,8870145	,9395201	,9854465	,9919490	,9984770	,10115073	,10311425	,10245120	,10112512	,9914882	,9717507	,9191426	,8666113	,8140544	,7614976	,7615494	,7812620	,7878926	,8076818	,8536343	,8865308	,9260321	,9721122	,10182183	,10577450	,10644779	,10777131	,10843437	,10909228	,10909739	,10843946	,10778153	,10777640	,10711336	,10776361	,10906922	,10840362	,11036461	,11167020	,11100968	,11231787	,11297580	,11297064	,11099172	,11032865	,
7102208	,7167488	,7363328	,7821056	,8674049	,9592579	,9986049	,10248192	,10510081	,10641156	,10640388	,10705152	,10704641	,10507009	,10243587	,9979905	,9125637	,8271879	,7286531	,7417345	,7680260	,7680771	,7943943	,8272654	,8601109	,8930073	,9391389	,9852705	,10182432	,10381094	,10579500	,10711849	,10843433	,10975019	,10909739	,10778922	,10713640	,10647847	,10777895	,10908198	,11038504	,11037480	,11233832	,11364137	,11363626	,11560236	,11559723	,11428137	,11427109	,11163937	,
7429121	,7559937	,7887362	,8740872	,9659400	,10512904	,10642948	,10905092	,11101189	,11298061	,11428624	,11362318	,11230732	,10967310	,10638096	,10045708	,9257229	,8600592	,7812622	,7482887	,7482627	,7746051	,7877635	,8206604	,8797973	,9126936	,9456667	,9983775	,10182433	,10381092	,10644775	,10711336	,10909226	,10975532	,10975532	,10910508	,10845226	,10779433	,10909481	,11039785	,11169577	,11169320	,11430441	,11495466	,11626028	,11757357	,11625771	,11625001	,11558436	,11295264	,
7952644	,8610058	,9069067	,9725454	,10381581	,10971915	,10970885	,11101958	,11232777	,11429645	,11692049	,11757589	,11757339	,11560479	,11165470	,10441495	,9651736	,9126683	,8535579	,8074515	,7876616	,7810816	,8008192	,8402698	,8665359	,9060628	,9587736	,10049309	,10313506	,10512162	,10710309	,10842154	,10843435	,10909739	,10975532	,10844715	,10845226	,10910762	,10975274	,11105065	,11300904	,11365927	,11496488	,11561257	,11757868	,11823148	,11888171	,11822121	,11820838	,11623202	,
9003792	,9595411	,9791247	,9987340	,10512142	,10970893	,11299086	,11430156	,11494668	,11626256	,11757076	,11757080	,11756826	,11757086	,11494435	,10836512	,10047264	,9390110	,8732443	,8468503	,8270861	,8073476	,8073472	,8467715	,8862220	,9257748	,9653270	,10048537	,10247199	,10445858	,10578723	,10841897	,10777129	,10909228	,10909739	,10909738	,10909738	,10975531	,11105578	,11170344	,11431722	,11497002	,11693354	,11692843	,11888941	,12019757	,12085293	,12018987	,11952426	,11754534	,
9791509	,9857043	,10053394	,10512403	,10971410	,11233808	,11628053	,11627285	,11823637	,11889175	,11954457	,11888412	,11691036	,11559711	,11231009	,10836000	,9981982	,9652765	,9389855	,8994584	,8599569	,8533005	,8401412	,8729856	,8861960	,9388305	,9652757	,9982486	,10312478	,10445347	,10577957	,10710057	,10711338	,10843437	,10909228	,10909228	,10909226	,10974762	,11105067	,11235370	,11431724	,11693613	,11890735	,11956017	,12020527	,12151345	,12216625	,12150575	,12018220	,11886121	,
9987601	,10184468	,10512150	,10971671	,11168274	,11430672	,11693330	,11890457	,11955738	,11955737	,12152347	,12152097	,12020260	,11757605	,11428901	,11033891	,10508066	,10310434	,9981473	,9454875	,9059349	,8795665	,8729607	,8861184	,9255943	,9585167	,9849107	,10047766	,10311964	,10444578	,10511397	,10775336	,10710570	,10777133	,10842926	,10842926	,10842926	,10973740	,11170094	,11300654	,11562799	,11759408	,11956017	,12152372	,12086322	,12282932	,12348212	,12150833	,12149805	,12017706	,
10248720	,10642708	,11036953	,11299609	,11496214	,11824916	,11955989	,12153116	,12284186	,12218393	,12283933	,12283683	,12217891	,12151844	,11691812	,11428392	,10968101	,10901795	,10375200	,9980703	,9651740	,9255699	,9123852	,9058049	,9190147	,9584906	,9980177	,10178583	,10311451	,10444065	,10445092	,10642983	,10644266	,10710317	,10776110	,10907185	,11038255	,11038255	,11234608	,11431473	,11693617	,11824690	,11955763	,12086580	,12151860	,12151860	,12217139	,12150833	,12215599	,12280109	,
10773012	,10970644	,11430936	,11496218	,11824411	,11956251	,12218909	,12219163	,12218910	,12218909	,12481312	,12350246	,12218407	,12218407	,11889190	,11625767	,11428137	,11296037	,10835236	,10309155	,10045983	,9716502	,9518350	,9452807	,9584648	,9716743	,10045969	,10243863	,10310938	,10509343	,10510371	,10511140	,10642984	,10774829	,10774831	,10971697	,10971697	,11037233	,11233840	,11627571	,11824691	,11824691	,12086580	,12152373	,12217653	,12151862	,12216885	,12150835	,12281138	,12345904	,
11101720	,11299099	,11561757	,11889695	,12087324	,12087577	,12218909	,12415774	,12612640	,12349981	,12415267	,12416039	,12482084	,12415784	,12283434	,11954469	,11756324	,11427620	,11097893	,10768928	,10439963	,10045207	,9913360	,9848068	,10110725	,10045698	,10177545	,10244116	,10376732	,10443548	,10444577	,10576428	,10642221	,10774061	,10774321	,10905394	,11167790	,11101997	,11429940	,11692853	,11823926	,11955512	,12152375	,12152375	,12217655	,12151864	,12282680	,12150835	,12281138	,12215347	,
11430425	,11824665	,11692566	,12283675	,12349213	,12415519	,12547610	,12613151	,12744484	,12744739	,12744226	,12678180	,12546596	,12414756	,12152097	,11888672	,11690785	,11623711	,11163678	,10834973	,10899738	,10636567	,10504978	,10439429	,10505473	,10505730	,10440707	,10507272	,10705168	,10771992	,10904351	,11035683	,11036455	,11102508	,11036463	,11101746	,11298355	,11298354	,11495476	,11692342	,12020535	,11955512	,12152121	,12152121	,12151610	,12151610	,12282682	,12216374	,12346933	,12346422	,
11823130	,12020763	,12151834	,12151834	,12349213	,12481312	,12546592	,12678178	,12546845	,12415000	,12348688	,12282896	,12347928	,12216602	,12150809	,11888155	,11952668	,11689757	,11492125	,11360541	,11097115	,10965268	,11031564	,11294720	,11295488	,11295488	,11230208	,11165184	,11362821	,11495186	,11627034	,11561757	,11693603	,11628071	,11562029	,11495472	,11560756	,11494708	,11757365	,11888952	,12020535	,12086330	,12152121	,12152123	,12151611	,12085818	,12216889	,12150835	,12281140	,12346422	,
12084762	,12020250	,12415519	,12218142	,12218140	,12415774	,12480541	,12414230	,12150797	,12018696	,11821313	,11886848	,11953153	,12150282	,12150549	,12084764	,12018459	,11821341	,11623962	,11557659	,11557407	,11820310	,12280839	,12282112	,12085504	,12019712	,11954433	,11889408	,12020992	,12087300	,12153101	,12153366	,12153630	,12022560	,12088104	,12152622	,12152111	,11954481	,11888438	,12019510	,12020025	,12085817	,12152123	,12217403	,12151610	,12151611	,12282680	,12216628	,12281138	,12346420	,
12347673	,12283162	,12217882	,12283933	,12086304	,12086045	,12349205	,11624455	,11294720	,11426048	,11754242	,11754241	,11951872	,12215042	,12149770	,12215573	,11953176	,11887386	,11624732	,11821341	,12215573	,12676616	,13006082	,13202689	,12809730	,12678144	,12678657	,12744452	,12810241	,12745217	,12744966	,12811023	,12744986	,12482331	,12547874	,12678441	,12678188	,12546353	,12348725	,12216887	,12216634	,12151611	,12217916	,12283450	,12217657	,12217657	,12348471	,12216626	,12347185	,12477490	,
12610845	,12479772	,12217370	,12019739	,12216350	,11690006	,10966535	,10505472	,10834688	,10966272	,11360512	,11426306	,11557892	,11821056	,12017664	,12214793	,12281106	,12149269	,12149530	,12675862	,13268232	,13532160	,13532673	,13467395	,13467393	,13401600	,13270784	,13336577	,13402369	,13337089	,13337090	,13336836	,13205778	,13008151	,12942366	,12875810	,13006634	,12941101	,12809263	,12611637	,12348473	,12217657	,12217914	,12349241	,12480057	,12414518	,12414005	,12282161	,12412975	,12608816	,
12676123	,12545564	,12282393	,11887385	,11492368	,10374400	,10242561	,10637319	,10703360	,10900482	,11097089	,11425025	,11688449	,12083200	,12609540	,13070093	,13071129	,12742936	,13071382	,13662992	,13729284	,13926657	,14124034	,14059520	,13928448	,13928449	,13797632	,13863424	,13863424	,13863170	,13797890	,13732096	,13731848	,13534484	,13468442	,13402142	,13401891	,13401895	,13204777	,13072687	,12809523	,12546871	,12349752	,12415032	,12546103	,12545844	,12480051	,12413745	,12740909	,12674605	,
12807448	,12282135	,11887383	,11361042	,10176516	,9979136	,10242560	,10637059	,10899200	,11161602	,11555840	,12610048	,14257414	,15509796	,16038979	,16040527	,15842126	,15380806	,14984757	,14588964	,14257429	,14256647	,14323456	,14323204	,14323456	,14389251	,14258179	,14258944	,14193152	,14127104	,14192897	,14127104	,14061060	,13995020	,13863447	,13928219	,14059807	,13862946	,13599783	,13467949	,13270576	,12876339	,12547382	,12546871	,12612148	,12545840	,12545583	,12479790	,12806955	,13002795	,
12742686	,12412951	,11754770	,10833666	,9519616	,9848321	,10372866	,10308353	,10833155	,12673792	,15046927	,16371796	,16705434	,16707769	,16707003	,16639915	,16704142	,16703867	,16635238	,16171602	,15379515	,14785565	,14586377	,14848257	,14586626	,14652672	,14521603	,14653701	,14588160	,14522113	,14587908	,14390530	,14390016	,14390019	,14389775	,14324249	,14324250	,14192925	,14127140	,13929510	,13404199	,13271598	,13073200	,12809266	,12809265	,12743211	,12742445	,12741933	,12872235	,13002794	,
12742166	,12674330	,11688466	,10045184	,9846787	,9782274	,10110464	,10569984	,13071360	,16368958	,16577717	,16710887	,16711145	,16710113	,16708567	,16706754	,16639413	,16704663	,16637823	,16701038	,16369243	,15316285	,15049245	,14850053	,14784260	,14850304	,14850819	,14851332	,14851329	,14785536	,14719744	,14653953	,14653952	,14653952	,14588678	,14719759	,14654226	,14588697	,14588192	,14325538	,13996837	,13732649	,13337644	,12941613	,12743470	,12743211	,12873516	,12938793	,12938534	,13069350	,
12544278	,12148497	,11293443	,10044672	,9518853	,9847553	,10372355	,13201921	,16701020	,16579802	,16711413	,16710895	,16710375	,16709863	,16710365	,16708048	,16705987	,16705193	,16704142	,16701810	,16634986	,16240228	,15907141	,15180311	,14981889	,15047680	,14982658	,15048451	,15048962	,14982915	,14917122	,14917123	,14852099	,14918144	,14983683	,15049736	,15049999	,14918679	,14852638	,14655517	,14457889	,14062628	,13732901	,13402667	,12875308	,13005613	,13070377	,13135910	,13136164	,13332771	,
12477717	,11687936	,11227395	,9978626	,9453312	,9977605	,12148992	,16631878	,16710873	,16711414	,16710385	,16710896	,16710639	,16710123	,16579046	,16644315	,16641483	,16705465	,16704669	,16702588	,16701812	,16569971	,16171092	,15246365	,15047681	,15179265	,15179267	,15180033	,15245826	,15048709	,15048708	,15114753	,15050241	,15182080	,15313664	,15313923	,15248649	,15248146	,15116570	,15050777	,14918944	,14457889	,14193186	,13797413	,13400874	,13268009	,13267748	,13464608	,13464608	,13530655	,
12214032	,11688192	,11160832	,9912064	,9715203	,10832640	,15969312	,16709820	,16710647	,16710648	,16711153	,16710388	,16710896	,16710639	,16382950	,16709854	,16708046	,16639674	,16704153	,16703362	,16702331	,16503917	,16039759	,15115290	,15112961	,15244547	,15245058	,15311104	,15114242	,14982405	,14983169	,15180544	,15247873	,15511296	,15577600	,15577345	,15512324	,15446539	,15446036	,15314454	,15248410	,14984224	,14587932	,14257439	,13926691	,13596448	,13596448	,13662492	,13662492	,13662492	,
12148235	,11622145	,11226625	,9977856	,9518337	,14255109	,16706971	,16710636	,16710899	,16579574	,16711412	,16711414	,16711414	,16514031	,16710632	,16709594	,16707013	,16705203	,16703896	,16703877	,16636794	,16503401	,16038989	,15048988	,15244298	,15244548	,15244801	,15179267	,15048200	,14982667	,15114504	,15115272	,15379204	,15643138	,15840772	,15709700	,15709700	,15709960	,15643920	,15512083	,15445779	,15378715	,15048475	,14652187	,14452508	,13925403	,13859358	,13793817	,13728281	,13728281	,
12411922	,11885317	,11161857	,9977603	,11359488	,16372313	,16711145	,16709863	,16644851	,16711153	,16710645	,16711161	,16645880	,16710388	,16710637	,16644574	,16641483	,16704940	,16703637	,16703365	,16438902	,16239205	,15774536	,15112990	,15308817	,15112713	,15112710	,15047432	,15113490	,15245589	,15246608	,15312658	,15510792	,15774979	,15841536	,15907329	,15842048	,15842049	,15775753	,15774991	,15708434	,15575830	,15246103	,14915608	,14519572	,14188823	,13925403	,13859861	,13794068	,13728021	,
12411924	,12148497	,11490820	,10306308	,13794820	,16709554	,16711418	,16710121	,16645617	,16710384	,16710647	,16711412	,16711414	,16711160	,16711160	,16710380	,16706500	,16505736	,16373108	,16634735	,16502377	,16106590	,15510076	,14980634	,15176984	,15111956	,15112461	,15178765	,15245076	,15180310	,15312910	,15445007	,15839505	,15972358	,16039168	,16105474	,16105472	,15973888	,15973126	,15906828	,15905298	,15576080	,15377939	,15113748	,14651918	,14321425	,13991445	,13925903	,13991437	,13859599	,
12083476	,11820050	,11556102	,10700802	,12018688	,15580281	,16244406	,16578008	,16711152	,16644851	,16711153	,16711164	,16711420	,16711422	,16645882	,16711421	,16707274	,16371814	,16170322	,15907150	,15578955	,15709264	,15377211	,15044636	,14914589	,15046167	,15178256	,15179533	,15246355	,15246865	,15312910	,15708173	,15971853	,15907339	,16237060	,16040962	,16106496	,16236805	,16039428	,15972875	,16036621	,15773453	,15640848	,15377165	,15113475	,14849538	,14782726	,14650887	,14519043	,14123521	,
11951638	,11754772	,11294217	,10767875	,10043139	,10042112	,12278018	,16440450	,16711156	,16710891	,16710640	,16711152	,16711415	,16711421	,16711422	,16711422	,16642246	,16702610	,16568681	,16172634	,16172909	,15840330	,15179060	,14848034	,14914587	,15111956	,15244299	,15311372	,15378194	,15444496	,15510540	,15774217	,16037900	,16104718	,16302853	,16172546	,16238080	,16237060	,16105474	,15973124	,15972358	,15707909	,15838979	,16037636	,15907842	,15578880	,15511041	,15377666	,15113475	,14718981	,
11821082	,11755035	,11557140	,11162884	,13004292	,13863711	,15247679	,16705447	,16710378	,16645094	,16644839	,16579297	,16645094	,16645094	,16710382	,16709349	,16703648	,16435814	,16104280	,16236382	,15975532	,15313736	,15046442	,15110686	,15111709	,15243794	,15441929	,15442956	,15509776	,15642126	,15774217	,15971846	,16169737	,16302350	,16368646	,16304130	,16435456	,16302849	,16171265	,16169984	,16103168	,15840257	,16104962	,16304130	,16238850	,15711744	,15643393	,15443969	,15180546	,14917890	,
11822370	,11756064	,11492378	,12214543	,15838490	,16708780	,16711398	,16711142	,16710115	,16709858	,16710370	,16709856	,16709595	,16708309	,16706759	,16640436	,16704412	,16636544	,16173671	,15776855	,15181124	,14916658	,15242792	,15242015	,15242777	,15374863	,15507973	,15640333	,15707660	,15840008	,15971845	,16037890	,16235778	,16368391	,16434435	,16369923	,16435458	,16368642	,16302592	,16235778	,16299520	,16104194	,16303619	,15975680	,15908865	,15774979	,15576577	,15443969	,15114501	,14982658	,
12019749	,11822370	,11427870	,12149530	,15574821	,16640418	,16709861	,16710369	,16709856	,16644055	,16709076	,16707793	,16706496	,16705469	,16704681	,16704407	,16702859	,16700282	,16303979	,15775831	,15377726	,14785840	,15046440	,15373339	,15440405	,15572747	,15705602	,15903756	,15971335	,16103681	,16235520	,16169984	,16236545	,16434435	,16500481	,16369923	,16369923	,16434689	,16368385	,16301060	,16103429	,16039168	,16238080	,15974656	,15973122	,15774467	,15313666	,15050240	,14983169	,14719235	,
11757353	,11691044	,11690272	,11887650	,14851116	,16636802	,16709595	,16709592	,16577492	,16707787	,16640704	,16639926	,16638886	,16704417	,16703639	,16572040	,16373629	,16436340	,16040293	,15512142	,15376706	,15308844	,15242274	,15177753	,15637524	,15704584	,15902981	,16036106	,16103429	,16235777	,16367616	,16302338	,16368896	,16369665	,16501249	,16435716	,16369923	,16566274	,16368384	,16235267	,15971843	,16039168	,16172033	,15842819	,15709954	,15313664	,15180548	,15113989	,14851329	,14521856	,
11625769	,11626029	,11692075	,12085804	,13798191	,16569194	,16707266	,16641483	,16706496	,16706237	,16704943	,16703907	,16703129	,16703372	,16702854	,16570496	,16371830	,16041325	,15645536	,15380549	,15047985	,14979872	,15110426	,15440153	,15637522	,15902213	,16100870	,16168711	,16301571	,16368385	,16500482	,16566275	,16567044	,16567555	,16633089	,16567555	,16435971	,16566274	,16368384	,16235265	,16102402	,16104192	,16105474	,15645440	,15380736	,15247105	,15048451	,14850049	,14521856	,14390016	,
11626029	,12085553	,11823407	,12152115	,12942643	,15579208	,16703897	,16705726	,16704948	,16704933	,16704410	,16703373	,16703111	,16702339	,16701308	,16437623	,16238451	,16039266	,15839575	,14983745	,15045675	,14912798	,15372823	,15309850	,15769872	,15969025	,16167684	,16301313	,16434178	,16566274	,16633089	,16633346	,16699650	,16699652	,16699139	,16568066	,16501764	,16566274	,16368385	,16235267	,16037379	,16037377	,16235265	,15906561	,15379716	,14984196	,14589185	,14457090	,14520833	,14126593	,
11561006	,11888438	,12085552	,12152115	,12283959	,13997373	,16042337	,16704156	,16639391	,16703373	,16702342	,16701824	,16636293	,16701320	,16371062	,16303474	,15908971	,15578716	,15378763	,15046451	,14911266	,14912020	,15111191	,15571993	,15835915	,15969536	,16234504	,16432905	,16631557	,16633089	,16634112	,16700162	,16700933	,16635392	,16634880	,16699652	,16633089	,16500481	,16368133	,16235520	,16102400	,15773953	,15774464	,15774466	,15378944	,14983169	,14784774	,14587395	,14389249	,14257154	,
11429683	,11560756	,11758135	,11823926	,12153143	,12811833	,14656851	,16041834	,16702600	,16504705	,16437883	,16370807	,16371581	,16306045	,15843952	,16039017	,15709021	,15378514	,15113024	,14780969	,14712858	,14911507	,15307799	,15703318	,15836684	,16101636	,16366604	,16433926	,16567296	,16699904	,16700933	,16701198	,16701467	,16701461	,16635658	,16634626	,16633600	,16566528	,16499203	,16235265	,16101891	,15838466	,15771905	,15640835	,15377666	,15047681	,14784260	,14521088	,14519041	,14255618	,
11231799	,11429430	,11561014	,11758135	,12218936	,12745280	,13601610	,14327114	,15842666	,16304505	,16041842	,15777132	,16039791	,15842666	,15578211	,15576920	,15313234	,15048008	,14716726	,14582050	,14580759	,14976530	,15242004	,15703058	,15968524	,16233737	,16498449	,16565510	,16633088	,16700162	,16700946	,16701216	,16701742	,16701740	,16701721	,16700932	,16699392	,16566274	,16432896	,16235008	,15970563	,15902978	,15638787	,15441410	,15309826	,15046401	,14849024	,14651138	,14452738	,14122753	,
11033909	,11297333	,11428919	,11494710	,12152893	,12548160	,12416315	,12876865	,13996107	,14853726	,15578726	,15314530	,15445344	,15248735	,15050075	,15048270	,15048008	,14782526	,14517037	,14514717	,14514708	,14779153	,15175443	,15768849	,16165131	,16365071	,16564242	,16697350	,16698880	,16699911	,16700954	,16701483	,16702004	,16702004	,16701734	,16635404	,16633857	,16566274	,16432897	,16300033	,15969282	,15902210	,15440387	,15176193	,14913024	,14780673	,14649089	,14517252	,14253314	,13857026	,
10837301	,11231288	,11297592	,11429689	,11824701	,11889466	,12151094	,12479797	,13137727	,13598530	,14190919	,14454348	,14719056	,14719054	,14585928	,14714944	,14582325	,14449454	,14250015	,14315027	,14316560	,14647057	,15043093	,15571472	,15968522	,16234000	,16564242	,16697348	,16699136	,16699909	,16700952	,16701483	,16635951	,16701998	,16701737	,16700949	,16633857	,16500481	,16432387	,16233473	,16099077	,15835396	,15373315	,15042818	,14843905	,14645250	,14512899	,14249989	,13920002	,13590018	,
10575158	,10968635	,11100215	,11364150	,11232051	,11493431	,12084278	,12281392	,12741176	,13332537	,13397049	,13397562	,13661752	,13857844	,13987629	,13788710	,13788959	,13919771	,13721616	,13985293	,14249488	,14579731	,15041815	,15438863	,15902731	,16234004	,16367633	,16566274	,16568320	,16700419	,16700948	,16635944	,16701737	,16701734	,16701223	,16700693	,16699392	,16566016	,16366594	,16232705	,16163589	,15702529	,15306241	,15041537	,14776322	,14511106	,14181891	,13918468	,13654528	,13390081	,
10312756	,10509369	,10640694	,10837043	,10770738	,11296054	,11688752	,12345653	,12805172	,12607533	,12803634	,13065523	,13196074	,13259812	,13324574	,13390620	,13521937	,13522442	,13456900	,13787146	,13986063	,14250258	,14843157	,15372045	,15901448	,16233232	,16498189	,16565762	,16568068	,16700420	,16700687	,16701471	,16701216	,16701215	,16700446	,16699917	,16698880	,16696321	,16497152	,16297987	,16163330	,15701248	,15436032	,15171584	,14841088	,14576385	,14181124	,13917954	,13588224	,13455106	,
10049846	,9984053	,9984053	,10179891	,10573105	,10966319	,11753266	,12080178	,12472624	,12406825	,12471336	,12470308	,12599834	,12861466	,12795413	,12796427	,13255940	,13257216	,13586946	,13654279	,13590796	,14117649	,14382095	,14910981	,15768835	,16166412	,16431365	,16630528	,16633350	,16700162	,16700421	,16635404	,16635156	,16700699	,16700184	,16699911	,16698369	,16630276	,16627968	,16428804	,16228353	,15896836	,15697668	,15563780	,15036672	,14641665	,14312197	,13851650	,13849857	,13716738	,
9524528	,9720881	,9589295	,9785391	,10178351	,10636844	,11291435	,11618346	,11944742	,11942948	,12204573	,12072470	,12005644	,12135943	,12332804	,12464641	,12795136	,12993793	,13126912	,13325314	,13392904	,13787409	,14116876	,14711042	,15306501	,16033027	,16299779	,16499971	,16698369	,16699649	,16634880	,16700164	,16700188	,16700446	,16699935	,16698908	,16697866	,16696321	,16693506	,16493826	,16359681	,16093440	,15762178	,15759619	,15430402	,14773504	,14639621	,14244864	,14046720	,13782019	,
9130284	,9392173	,9392175	,9457196	,9980972	,10372905	,10961957	,11288099	,11483423	,11677979	,11676178	,11543304	,11608580	,11674112	,11937281	,12201216	,12531712	,12665088	,12732161	,12996098	,13194498	,13589256	,13984265	,14183424	,14779136	,15834624	,16167680	,16433410	,16631555	,16698882	,16699650	,16699657	,16568608	,16634414	,16699947	,16699175	,16697880	,16696580	,16694016	,16691459	,16557312	,16290565	,16024832	,16022530	,15561731	,15035395	,14836484	,14507008	,14243074	,14109956	,
8999725	,9065005	,9195564	,9260330	,9717800	,10306083	,10763295	,11023900	,11152663	,11347474	,11476743	,11475713	,11606786	,11738624	,11805698	,11872769	,12137216	,12205057	,12403460	,12666883	,12995584	,13455874	,13719557	,13918722	,14580224	,15701762	,16034816	,16234754	,16368131	,16632321	,16633089	,16699404	,16634665	,16700220	,16699961	,16699192	,16698157	,16697108	,16695040	,16692227	,16689155	,16488197	,16288256	,16154116	,15758338	,15231745	,14967298	,14703360	,14636033	,14437633	,
9132077	,9066030	,9261869	,9260842	,9717798	,10371362	,10631709	,10892056	,11086613	,11215886	,11280131	,11345408	,11476481	,11542272	,11674369	,11609856	,11742976	,11810561	,12140035	,12402945	,12732161	,13060867	,13258497	,13917952	,14578692	,15240195	,15704321	,16101891	,16366851	,16631040	,16697600	,16699147	,16634926	,16700735	,16700484	,16699460	,16698429	,16697386	,16695566	,16693248	,16689923	,16556033	,16421121	,16286214	,15889922	,15494145	,15295234	,15031042	,14701313	,14634240	,
9197868	,9132075	,9131564	,9195817	,9718309	,10371360	,10631964	,10892313	,11152916	,11282701	,11346946	,11346433	,11411969	,11411969	,11543555	,11478785	,11349248	,11612929	,11942147	,12205568	,12534785	,12732164	,12995072	,13852160	,14315522	,14844675	,15373824	,16099841	,16365826	,16564224	,16631808	,16699406	,16700464	,16700487	,16700489	,16699720	,16698694	,16697659	,16696101	,16628231	,16691714	,16623616	,16619779	,16353536	,16087553	,15756545	,15557377	,15358467	,14963458	,14830592	,
9132843	,9067052	,9132075	,9196328	,9718309	,10240801	,10698527	,10893594	,11154195	,11349517	,11347714	,11478273	,11478019	,11478273	,11412226	,11281921	,11152128	,11350018	,11613442	,12007936	,12206080	,12468738	,12863747	,13654528	,14183424	,14777603	,15307522	,15968257	,16298752	,16497409	,16631555	,16699406	,16700468	,16700489	,16700490	,16699981	,16698955	,16698180	,16696881	,16695073	,16693262	,16691459	,16687106	,16551680	,16350976	,16084736	,15753473	,15554819	,15224837	,15026179	,
9133356	,9132843	,8935723	,9262121	,9784613	,10241826	,10764829	,10829080	,11155475	,11285003	,11348996	,11347714	,11412737	,11412992	,11216128	,11282434	,10889985	,10956289	,11153666	,11679234	,11942144	,12205057	,12797443	,13456898	,13920000	,14776835	,15438338	,15968003	,16166915	,16496897	,16696835	,16699404	,16700212	,16700739	,16700490	,16699727	,16698958	,16632648	,16697143	,16695347	,16693799	,16692756	,16688901	,16618500	,16548609	,16347648	,15950595	,15751172	,15486722	,15287813	,
9068332	,9067563	,8804905	,9131303	,9784868	,10242335	,10896667	,10895639	,11287826	,11219978	,11350020	,11348996	,11348226	,11348480	,11216641	,11086082	,10824450	,10694400	,10891266	,11219202	,11612929	,12138243	,12665088	,13390592	,14050565	,14776323	,15372545	,15705602	,15969282	,16299520	,16631040	,16699144	,16700204	,16700480	,16700489	,16699727	,16699470	,16632907	,16696899	,16695862	,16694842	,16627756	,16689930	,16488195	,16483332	,16413440	,16016387	,15817217	,15683072	,15418114	,
9068843	,8936491	,8804905	,9131815	,9720100	,10308637	,10701079	,10896405	,11091215	,11220740	,11415809	,11350016	,11218434	,11152130	,11152128	,10889985	,10693888	,10628864	,10628864	,10825473	,11350018	,11678721	,12336896	,13388803	,13918721	,14514691	,15241986	,15704832	,16033796	,16233477	,16696320	,16698374	,16699422	,16700472	,16700230	,16699722	,16698957	,16698188	,16697154	,16695870	,16695612	,16694076	,16690721	,16620033	,16614401	,16479233	,16343813	,16013315	,15944961	,15549954	,
8871977	,8871211	,8870698	,9197606	,9786147	,10243614	,10701079	,10896407	,11091727	,11155458	,11219712	,11219200	,11153155	,11218434	,11218432	,10956291	,10759939	,10563843	,10563841	,10760193	,11153409	,11481856	,12139264	,13060099	,13721344	,14448385	,15176448	,15704321	,15902211	,16166915	,16498690	,16698114	,16699159	,16699951	,16699709	,16699462	,16699466	,16698444	,16697154	,16695869	,16695359	,16693819	,16689951	,16685061	,16680194	,16544512	,16344064	,16144384	,16076034	,15681027	,
8937259	,8936746	,9001767	,9197858	,9589534	,10112538	,10439187	,10700049	,10960650	,11024641	,11220480	,11088896	,11022850	,11153409	,11022336	,10957057	,10826245	,10629634	,10564354	,10760704	,10957057	,11416832	,12139777	,12863236	,13523712	,14381826	,15044097	,15506692	,15770627	,16100609	,16366594	,16697088	,16698885	,16699416	,16699181	,16699199	,16699460	,16698436	,16696891	,16565048	,16695099	,16693041	,16688662	,16683778	,16679171	,16609538	,16539908	,16209413	,16272899	,15877890	,
8675115	,8805673	,8935974	,9197860	,9524000	,9981724	,10438934	,10765330	,10895109	,11025154	,11155713	,11155201	,11023361	,11022848	,10957056	,10957568	,10827011	,10695425	,10630145	,10695680	,10958081	,11418113	,12075264	,12864001	,13457921	,14183683	,14779395	,15307779	,15638017	,15968256	,16233473	,16564224	,16697088	,16698117	,16698901	,16698670	,16698937	,16697914	,16696373	,16695603	,16694325	,16691491	,16621321	,16616448	,16678149	,16608773	,16670980	,16339972	,16272386	,16008962	,
8740138	,9001767	,9132324	,9394210	,9523740	,10046745	,10504467	,10896140	,10960388	,11025154	,11024641	,11089920	,11089408	,11089408	,11023616	,10958080	,11023872	,10827265	,10695936	,10761984	,11090434	,11616001	,12273153	,12865280	,13392640	,13986306	,14515458	,15044097	,15439617	,15769603	,16034816	,16299779	,16563972	,16696832	,16698114	,16632848	,16698391	,16697118	,16695330	,16694565	,16693028	,16624661	,16685572	,16681472	,16677379	,16673794	,16670465	,16274177	,16272384	,16074755	,
8740137	,8936228	,9132063	,9328415	,9457947	,9915927	,10438928	,10830598	,10894849	,10894338	,11024641	,10958849	,11089665	,11089920	,11023872	,10958849	,10958848	,10958849	,10893569	,10894338	,11157506	,11683074	,12274433	,12800769	,13261569	,13854720	,14383105	,14911745	,15110402	,15505412	,15836160	,16101122	,16497152	,16498688	,16631040	,16696578	,16566016	,16695810	,16694535	,16693515	,16691722	,16689159	,16685059	,16680706	,16677122	,16673027	,16604416	,16405252	,16338690	,16141059	,
9263910	,9591587	,9656352	,9524253	,9523226	,9850134	,10241806	,10568194	,10894849	,10828803	,10828545	,10893569	,10958849	,10958848	,10893569	,10959361	,10959361	,11025154	,10960129	,11092480	,11355649	,11815169	,12406528	,12867073	,13327620	,13854466	,14316803	,14647809	,14977536	,15372547	,15636995	,15902210	,16232194	,16299779	,16497410	,16628995	,16629249	,16693763	,16692993	,16692224	,16689922	,16687619	,16684291	,16680451	,16610817	,16475650	,16603648	,16405763	,16339459	,16076547	,
11954198	,12216342	,11756051	,10967059	,10309393	,10111763	,10175502	,10502150	,10763776	,10763010	,10762497	,10827776	,10893569	,10893568	,10762497	,10696960	,10828545	,11025922	,11026688	,11224576	,11488000	,11947776	,12669953	,12999170	,13393666	,13854466	,14250242	,14449667	,14779648	,15108609	,15307271	,15440899	,15967491	,16035077	,16167680	,16496129	,16561664	,16495620	,16625412	,16624130	,16688644	,16686594	,16683521	,16680192	,16545024	,16540422	,16537601	,16471556	,16405763	,16011777	,
14777605	,14843648	,14448900	,13592579	,12015873	,10963722	,10372102	,10436608	,10632704	,10697730	,10696960	,10893569	,10893569	,10893056	,10827011	,10695938	,10630913	,10894849	,11224578	,11488000	,11750658	,12145409	,12605441	,12999938	,13394177	,13723395	,13987585	,14382592	,14712323	,14844673	,15174402	,15504131	,15702531	,15901441	,16034050	,16230914	,16362241	,16493057	,16426753	,16491776	,16621314	,16685313	,16683011	,16614402	,16544259	,16343042	,16406531	,16471810	,16209154	,16077570	,
15370754	,15436032	,14975491	,14448387	,13462272	,12409344	,11093760	,10501121	,10566913	,10631424	,10630912	,10761729	,10695936	,10630144	,10630145	,10695938	,10630912	,10960640	,11290369	,11685379	,11948291	,12342786	,12802818	,13131523	,13459968	,13658372	,13921794	,14251008	,14514690	,14778114	,14844928	,15174402	,15504131	,15703042	,15835394	,15967234	,16098049	,16229122	,16359682	,16359169	,16488704	,16487682	,16550914	,16547585	,16674820	,16539394	,16406531	,16340738	,16144131	,16078340	,
15437314	,15501825	,14975232	,14711043	,14250242	,13657089	,12210178	,10960901	,10435328	,10499840	,10565120	,10695938	,10629632	,10498560	,10368002	,10565120	,10763009	,11092480	,11488000	,11816962	,12080386	,12409091	,12737793	,13132034	,13460738	,13658370	,13790208	,13987840	,14382594	,14579971	,14777603	,15041538	,15305475	,15569922	,15702531	,15834115	,16030976	,16162051	,16358149	,16292097	,16356609	,16355329	,16418819	,16415747	,16542980	,16473601	,16341251	,16210178	,16013313	,15947522	,
15503361	,15567873	,15106817	,14842629	,14315523	,13985795	,12999170	,11421696	,10303744	,10302722	,10433282	,10564354	,10563841	,10498560	,10499329	,10696706	,10894849	,11289858	,11619585	,11948802	,12080384	,12474882	,12803841	,13197827	,13461250	,13724163	,13856001	,14184449	,14381826	,14513412	,14645250	,14842626	,15107330	,15371521	,15569922	,15767555	,15832834	,15964163	,16160259	,16225282	,16355331	,16354050	,16418052	,16284162	,16281091	,16212226	,16276739	,16145410	,16079617	,15948033	,
15370754	,15041537	,14448640	,14316803	,14052099	,13788676	,13262593	,12012800	,10303488	,9974273	,10170625	,10366721	,10432514	,10498561	,10499329	,10631424	,10961153	,11487489	,11882498	,12014593	,12212225	,12540929	,12935425	,13395460	,13527297	,13658883	,13921794	,14118656	,14315522	,14381315	,14512386	,14644737	,14843394	,15042307	,15372035	,15569413	,15635458	,15700738	,15896836	,16093188	,16288003	,16221441	,16220162	,16218369	,16216322	,16082689	,16147203	,16147203	,16015617	,15884032	,
15238403	,14843907	,14250756	,13987585	,13788675	,13393925	,13196289	,12537857	,10369281	,9712129	,9908481	,10170113	,10235905	,10302209	,10433793	,10697216	,11158530	,11553793	,12014082	,12211712	,12343809	,12672513	,13001218	,13264642	,13593090	,13658881	,13856001	,14052608	,14052352	,14183424	,14315009	,14512386	,14776836	,14975234	,15238914	,15371268	,15437314	,15568130	,15567618	,15763969	,15959555	,16089603	,16154369	,16218881	,16217601	,16085250	,16084482	,16018690	,15952897	,15755520	,
15501057	,14975232	,14513664	,13986816	,13722882	,13328132	,13130241	,12734721	,10369796	,9515265	,9580547	,9907713	,10170370	,10040066	,10237697	,10763776	,11224578	,11685378	,12080128	,12343296	,12475393	,12738818	,13001729	,13264642	,13593090	,13724674	,13921794	,14118403	,14052097	,14051586	,14117377	,14315010	,14512899	,14776833	,14909440	,15238403	,15370241	,15436034	,15566850	,15697666	,15762691	,15958787	,16023810	,16154880	,16088576	,16153088	,16152835	,15955969	,15889665	,15692032	,
14842369	,14513410	,14249989	,13658372	,13656577	,13196800	,12932864	,12406528	,10107138	,9317888	,9383425	,9711361	,10039297	,9908993	,9975552	,10632704	,11159553	,11751171	,12211713	,12409089	,12541440	,12804611	,13067522	,13264899	,13658883	,13790469	,13921540	,13986817	,13986306	,13920002	,14051586	,14183170	,14380803	,14644739	,14908162	,15040257	,15171841	,15303682	,15368963	,15631107	,15762691	,15828484	,15960068	,16025602	,16155905	,16220673	,16220419	,16154628	,16088323	,15825153	,
14448385	,14118144	,13723910	,13591554	,13393666	,13196036	,12867072	,12078084	,9777922	,9121795	,9318144	,9515265	,9383940	,9449729	,9910272	,10502401	,11225344	,11816962	,12211713	,12409602	,12673026	,12870145	,13067522	,13265154	,13462529	,13659649	,13790208	,13920259	,13788675	,13788675	,13854466	,14052099	,14183937	,14315776	,14644737	,14907909	,15039748	,15171332	,15237377	,15501059	,15501825	,15829762	,16092675	,16223491	,16223234	,16222211	,16221700	,16221441	,16286466	,16154626	,
14513153	,14118144	,13722880	,13590786	,13262080	,13064450	,12801537	,11421442	,9449729	,8990209	,9187328	,9318145	,9121536	,9383936	,9910274	,10502401	,11291137	,11817216	,12211713	,12409602	,12673025	,12935938	,13133315	,13265154	,13527811	,13593858	,13724161	,13788675	,13657090	,13657090	,13788675	,13920259	,13986304	,14249728	,14513410	,14711043	,14908419	,14909441	,15106817	,15436034	,15568130	,15765248	,16093186	,16158466	,16289538	,16223491	,16222981	,16288257	,16287746	,16221698	,
14644998	,14315009	,13722880	,13328902	,13393668	,13130241	,12407298	,10567168	,8925184	,8990209	,8925186	,8859393	,8990209	,9187328	,9844481	,10502401	,11291137	,11817216	,12145920	,12343809	,12607232	,12870145	,13067522	,13199106	,13396225	,13396225	,13592577	,13591554	,13525250	,13591297	,13722883	,13788675	,13920513	,14315522	,14513410	,14579971	,14712321	,14909952	,15108098	,15371522	,15569154	,15897345	,16225283	,16158977	,16093184	,16092673	,16223491	,16092160	,16223744	,16223491	,
14512386	,14576385	,13854209	,13197317	,13262080	,12932864	,11619075	,9648640	,8663041	,8793345	,8597249	,8465665	,8859393	,9187840	,9844227	,10568194	,11225857	,11620353	,12080384	,12343809	,12541440	,12804352	,13001729	,13133313	,13330434	,13330434	,13460993	,13459970	,13394177	,13459970	,13525761	,13657090	,13920513	,14250242	,14316801	,14514691	,14647298	,14844673	,15108611	,15306242	,15569154	,15897345	,16094467	,16093697	,16093186	,16093186	,16158979	,16158720	,16158977	,16224770	,
13854466	,13590784	,13590016	,13195525	,12867584	,12144128	,10567171	,8860672	,8532226	,8531458	,8334849	,8269056	,8728320	,9187840	,9778947	,10633987	,11159810	,11554560	,12014592	,12278018	,12606720	,12804098	,13001731	,13067522	,13198595	,13198595	,13198081	,13131777	,13262593	,13263361	,13394176	,13459968	,13789954	,14119170	,14185728	,14318082	,14647298	,14713600	,14977025	,15109120	,15503361	,15897347	,16028674	,15962881	,16027906	,16093699	,16159490	,16159490	,16291076	,16226050	,
12012290	,11815169	,11946497	,11749126	,10961920	,9977344	,9058562	,8730112	,8335617	,8072193	,8072448	,8334849	,8597248	,9056768	,9844738	,10436865	,11028994	,11554560	,11948800	,12212225	,12540929	,12738305	,12935427	,12935938	,13067011	,13001218	,13000450	,12999938	,12999937	,13131777	,13197568	,13459968	,13790467	,13988867	,14054656	,14252289	,14450178	,14647809	,14845698	,15043329	,15503107	,15700738	,15963138	,15896834	,15831043	,15896834	,16094466	,16160260	,16226053	,16292610	,
9449472	,9581569	,9516545	,9385219	,9254401	,8926978	,8599553	,8729600	,8269824	,7810304	,8072704	,8335617	,8663554	,9123328	,9845506	,10371072	,10963203	,11554562	,12014593	,12211713	,12475136	,12672513	,12803586	,12804098	,12935427	,12869634	,12737793	,12802818	,12868098	,12934657	,13000448	,13263363	,13593604	,13857026	,14054658	,14120962	,14384385	,14516736	,14779906	,14846720	,15306242	,15569411	,15766529	,15765763	,15764997	,15765250	,15962880	,16028674	,16094466	,16161538	,
8530688	,8400129	,8466176	,8466688	,8730112	,8926465	,8729345	,8729860	,8401409	,7876867	,8073472	,8401409	,8664067	,9189120	,9780224	,10436865	,10963203	,11554562	,12014595	,12211713	,12409089	,12606209	,12672000	,12738048	,12803841	,12672000	,12606209	,12671234	,12671234	,12802818	,12934657	,13197316	,13462018	,13660160	,13923585	,14055169	,14252801	,14516482	,14583297	,14714880	,15043329	,15372034	,15634945	,15633923	,15764229	,15830275	,15896320	,15896320	,15962881	,16161540	,
8267266	,8268034	,8399872	,8597249	,8663042	,8795138	,8664065	,8205058	,8205058	,8205313	,8467713	,8599040	,8861444	,9123844	,9780226	,10502658	,10897408	,11357441	,11816962	,12080384	,12277504	,12409089	,12540418	,12540416	,12540929	,12540929	,12474625	,12408578	,12474371	,12540416	,12672256	,13001220	,13264641	,13659651	,13791745	,14055169	,14253059	,14450691	,14714115	,14714112	,14845952	,15043329	,15370754	,15369472	,15566080	,15827971	,15696898	,15632384	,15897088	,16162051	,
8200961	,8070657	,8465160	,8465672	,8663044	,8531968	,8139265	,8401922	,8271104	,8336897	,8599553	,8730626	,8993282	,9124354	,9649408	,10305792	,10831617	,11291396	,11816964	,12014593	,12211712	,12343298	,12408578	,12409089	,12474882	,12540418	,12408578	,12342786	,12408578	,12540418	,12606208	,12803586	,13067264	,13462020	,13725442	,13923331	,14120962	,14252546	,14450178	,14515969	,14647809	,14779395	,14974980	,15039748	,15235842	,15497987	,15367682	,15500546	,15634944	,15900419	,
8003330	,8267532	,8333584	,8400141	,8465672	,8204033	,8073985	,8401923	,8467968	,8599299	,8665346	,8731137	,8862465	,9124608	,9583616	,10108929	,10699778	,11225092	,11685378	,11948289	,12079873	,12145666	,12145920	,12211712	,12473857	,12473857	,12408064	,12407809	,12539395	,12671234	,12737025	,12868611	,12869632	,13263872	,13593090	,13856258	,14053891	,14119681	,14251521	,14383105	,14448385	,14448385	,14512386	,14577411	,14642947	,14905601	,14907651	,15303427	,15504129	,15770114	,
8003340	,8267288	,8071190	,8334095	,8071942	,7941888	,8336129	,8270851	,8467713	,8533506	,8665346	,8731137	,8928258	,9059072	,9518337	,10108930	,10699778	,11093760	,11619585	,11948289	,12014082	,11948291	,12013569	,12080128	,12341505	,12341504	,12341504	,12407296	,12538882	,12604930	,12736514	,12802307	,12934145	,13065730	,13394177	,13657347	,13854979	,14052099	,14052097	,14117890	,14248449	,14182656	,14116352	,14312963	,14378754	,14445313	,14644226	,14909698	,15241729	,15572994	,
8003865	,8004377	,8137498	,7940620	,7875329	,8006912	,8335617	,8205313	,8467713	,8533506	,8665344	,8731136	,8928003	,9124867	,9452290	,9977346	,10633984	,11094017	,11553792	,11751424	,11751169	,11684865	,11881987	,11881984	,12143874	,12209921	,12275712	,12341505	,12538114	,12669953	,12801280	,12867073	,12932612	,12998659	,13129730	,13392386	,13523971	,13589764	,13655298	,13655298	,13851650	,13851648	,13851648	,14114307	,14246404	,14378756	,14446595	,14712323	,15044099	,15375619	,
7675678	,7873308	,7808529	,7546629	,7875328	,8204032	,8139265	,8467715	,8533506	,8599553	,8665344	,8731136	,8928258	,9124868	,9386497	,9780224	,10437378	,10962950	,11422725	,11356928	,11291136	,11487489	,11684866	,11684608	,11947010	,12012801	,12209921	,12209921	,12406530	,12472064	,12603136	,12668928	,12865793	,12931585	,12996865	,13193728	,13259521	,13390594	,13390081	,13390081	,13390083	,13521921	,13719298	,13981955	,14048514	,14181123	,14314240	,14514178	,14780673	,15112194	,
7740705	,7807515	,7414022	,7611904	,7940609	,8204033	,8139520	,8401922	,8467968	,8599553	,8665344	,8731136	,8796929	,8928258	,9190401	,9649923	,10503438	,10963471	,11225870	,10831362	,10896640	,11027713	,11421442	,11421696	,11815169	,11881217	,12078083	,12208899	,12340228	,12470785	,12601858	,12601858	,12798720	,12864001	,12929281	,12929281	,13060097	,13125633	,13125379	,13190658	,13256451	,13519873	,13586692	,13783810	,13719297	,13917952	,14050816	,14251008	,14517504	,14914050	,
7674914	,7150349	,7086080	,7939841	,8334851	,8138497	,8270337	,8205313	,8402176	,8533506	,8665092	,8796930	,8796929	,8731136	,9059074	,9650441	,10569493	,10832152	,10897426	,10436868	,10568192	,10830848	,11158785	,11421442	,11683328	,11814912	,12011520	,12076801	,12338946	,12338433	,12469249	,12534785	,12600065	,12600065	,12730370	,12795395	,12663809	,12663298	,12728578	,12728578	,12991232	,13123841	,13322242	,13323008	,13324288	,13523714	,13788162	,14053890	,14384898	,14584834	,
7411730	,7149312	,7741700	,8070663	,8269058	,8072704	,8204544	,8336129	,8271104	,8336896	,8599299	,8534274	,8731137	,8665344	,9058821	,9848341	,10111001	,10373913	,9846789	,9911552	,10173442	,10633219	,10764544	,11026944	,11289345	,11617281	,11813890	,11944704	,12075009	,12205568	,12270848	,12401666	,12467202	,12532226	,12465920	,12399616	,12333571	,12201218	,12134912	,12397568	,12594947	,12727298	,12860418	,12862208	,13126144	,13391105	,13590784	,13856001	,14121221	,14386945	,
7148548	,7346437	,7938566	,8070915	,8203265	,8269824	,8336129	,8401410	,8336899	,8467713	,8533506	,8533760	,8665344	,8665344	,9256719	,9717022	,10110497	,9715989	,8992258	,9254400	,9713920	,10041856	,10567426	,10895360	,11091713	,11353856	,11616000	,11812352	,12008448	,12073472	,12138496	,12137984	,12203008	,12202496	,12136192	,12069632	,12003074	,11936003	,11738113	,11803136	,12000256	,12067329	,12332289	,12597505	,12862722	,13193217	,13393153	,13658370	,13727233	,14255872	,
7477764	,7938317	,8135943	,8202241	,8268544	,8466688	,8401409	,8467203	,8467715	,8467713	,8271104	,8533506	,8402690	,8730887	,9388314	,9519138	,9781794	,8729609	,8532226	,8860931	,9254913	,9648129	,10107138	,10435328	,10894338	,11156227	,11483906	,11680002	,11810561	,11940866	,12005377	,11939584	,11938560	,11937792	,11871490	,11738881	,11606787	,11474690	,11473411	,11472643	,11603712	,11671040	,11870721	,12202243	,12599299	,12864258	,13064448	,13395458	,13595649	,14059520	,
8004621	,8333322	,8333829	,8399618	,8466176	,8532481	,8532226	,8467456	,8401920	,8401920	,8401922	,8401922	,8270853	,8796948	,9191456	,9322789	,8796948	,7876097	,8336130	,8598788	,8795392	,9254401	,9713154	,10106370	,10565120	,10827265	,11285506	,11481602	,11546625	,11676930	,11675649	,11675392	,11805698	,11738881	,11606786	,11343363	,11145473	,11079680	,11144705	,11209988	,11209985	,11277057	,11410688	,11741953	,12073472	,12536065	,12801537	,13001731	,13530369	,14060033	,
8202259	,8400133	,8465665	,8531715	,8597761	,8664067	,8664067	,8533248	,8467713	,8336129	,8401922	,8205313	,8467982	,8863008	,8994083	,9060641	,7745285	,7679490	,7942400	,8336129	,8598274	,8925696	,9515776	,9646849	,10236416	,10563841	,11022082	,11152641	,11348226	,11478530	,11477762	,11542785	,11607299	,11409408	,11211777	,11013889	,10882048	,10882304	,11013120	,11012868	,10948096	,11145984	,11345408	,11610368	,11941888	,12338945	,12539648	,12805379	,13399810	,14125313	,
8269331	,8466437	,8531968	,8663554	,8598272	,8729345	,8729856	,8533249	,8533249	,8467715	,8336129	,8205571	,8665621	,8731941	,8929320	,8074773	,7154176	,7285762	,7679488	,8073472	,8532226	,8925697	,9187328	,9449218	,10038784	,10300416	,10692864	,10954496	,11019008	,11149315	,11279362	,11278849	,11278083	,11145986	,11013889	,10816257	,10816257	,10816257	,10947073	,10947075	,10948353	,11212290	,11345924	,11611139	,11876354	,12142337	,12343040	,12805888	,13400323	,13863170	,
8336147	,8466951	,8663552	,8795392	,8861185	,8861185	,8729856	,8533249	,8467713	,8467713	,8139520	,8468493	,8797469	,8600868	,8404258	,7088901	,7023106	,7088897	,7548420	,7876354	,8269826	,8859906	,9252352	,9448707	,9841409	,10103041	,10495489	,10691328	,10689792	,10885633	,10950145	,11014657	,10883073	,10816768	,10750464	,10684673	,10684419	,10684419	,10684673	,10882048	,10884354	,11148292	,11282184	,11547148	,11811596	,12142857	,12409091	,12871936	,13334528	,13732099	,
8402451	,8664332	,8926978	,8861184	,8926976	,8992258	,8860931	,8664832	,8599553	,8336384	,8271364	,8731416	,8666660	,8666661	,7615251	,6760448	,6826240	,7154945	,7417347	,7745283	,8204290	,8662272	,9186306	,9447938	,9709569	,9905408	,10363649	,10559489	,10558208	,10688002	,10818050	,10751488	,10750723	,10684673	,10618626	,10618626	,10684932	,10553859	,10751234	,10883843	,10886146	,11084550	,11152653	,11351827	,11682069	,12143633	,12540678	,12937216	,13268736	,13534720	,
8403730	,8730375	,8992769	,8927488	,8927489	,8992768	,8861696	,8599553	,8599299	,8533506	,8796177	,8600608	,8600868	,8337696	,6826497	,6760706	,6957824	,7154690	,7417345	,7679488	,8204033	,8793345	,9185536	,9315840	,9774336	,10035201	,10231553	,10427138	,10688515	,10555906	,10554625	,10553857	,10553347	,10618627	,10552834	,10487554	,10619137	,10685441	,10818563	,10820101	,10888202	,11086864	,11154448	,11418647	,11617305	,12013590	,12410128	,12740616	,13202689	,13598466	,
8470036	,8862220	,8993282	,8862465	,8993281	,8927489	,8730624	,8599553	,8533506	,8468485	,8797207	,8666401	,8469798	,7220493	,6432512	,6892290	,6957826	,7154690	,7482627	,7744768	,8334849	,8858370	,9185536	,9512704	,9577472	,9969408	,10034433	,10229761	,10425345	,10358529	,10357505	,10356994	,10225408	,10291201	,10357248	,10423552	,10424320	,10556418	,10689285	,10756618	,10889742	,11088404	,11221269	,11420187	,11749917	,12014617	,12411160	,12741139	,13005579	,13335558	,
8339479	,8731663	,8928005	,8928258	,8928258	,8993282	,8862210	,8665344	,8467713	,8665870	,8863261	,8732194	,8010013	,6432771	,6498304	,6892544	,7024130	,7220483	,7482881	,8006913	,8465665	,8858113	,9250561	,9446657	,9708289	,10100480	,10230785	,10294786	,10359040	,10227202	,10226691	,10160899	,10160896	,10226944	,10293248	,10359552	,10426113	,10492933	,10691338	,10693135	,10826259	,11089944	,11157529	,11356190	,11620130	,11884321	,12280098	,12675872	,12939543	,13006610	,
8208922	,8601362	,8731655	,8862722	,8928256	,8862210	,8665344	,8599552	,8534278	,8929046	,8732192	,8600867	,6958602	,6235906	,6826752	,6892544	,7024130	,7155202	,7613697	,8072193	,8596481	,8988929	,9250561	,9512193	,9708032	,10034433	,10099201	,10228993	,10227712	,10161920	,10096129	,9899266	,10030850	,10097154	,10163715	,10230021	,10427912	,10494988	,10627601	,10629141	,10762008	,10894875	,11093533	,11291937	,11489830	,11753765	,12083751	,12479269	,12676640	,12743197	,
8143388	,8535828	,8797708	,8731907	,8928256	,8928258	,8731137	,8665344	,8797195	,8994586	,8732707	,7944218	,6366977	,6498563	,6892032	,6958337	,7089410	,7220738	,7613697	,8203265	,8661761	,9054209	,9250048	,9446400	,9642498	,9837826	,9902338	,10032129	,10096897	,10031104	,9899776	,9835265	,9770501	,9902598	,10034954	,10101004	,10233101	,10300177	,10432790	,10499865	,10632732	,10830624	,11029280	,11227172	,11293992	,11426601	,11821610	,12216616	,12413478	,12545316	,
8012317	,8405272	,8667153	,8666375	,8731137	,8731136	,8468736	,8796678	,8929042	,8994588	,8601117	,7023625	,6366977	,6761472	,6891779	,7024129	,7154690	,7351554	,7744768	,8400129	,8858624	,9054720	,9316352	,9577984	,9577473	,9838337	,9902851	,9966849	,10162690	,10097154	,9966338	,10033157	,9837832	,9838861	,9905167	,9905937	,10038034	,10105108	,10172440	,10370332	,10503197	,10766371	,10898725	,10965545	,11163689	,11295787	,11558957	,11756588	,12084782	,12216618	,
7947039	,8339738	,8535828	,8535051	,8534274	,8468736	,8468483	,8928267	,8994839	,8929306	,8010001	,6694912	,6760704	,6958336	,6892292	,7024129	,7351552	,7549185	,7942401	,8598274	,8990977	,9187329	,9448961	,9775873	,9775105	,9970434	,9969669	,9968391	,10032903	,9967880	,9771528	,9838347	,9708558	,9709328	,9710098	,9842197	,9908758	,9910296	,9977371	,10109470	,10242335	,10505509	,10703399	,10900778	,11033132	,11164718	,11296050	,11362097	,11690290	,11953715	,
7881505	,8208668	,8338966	,8403983	,8468998	,8337664	,8468996	,8993808	,8862998	,8732697	,7484167	,6958337	,7089409	,7023617	,6827778	,7155203	,7418113	,7615746	,8008704	,8664833	,8992256	,9254401	,9581569	,9777408	,9907713	,10037507	,10037258	,10036494	,10035472	,9839891	,9643538	,9382162	,9644307	,9579541	,9646358	,9843737	,9845018	,9715227	,9847838	,9914401	,9981219	,10375463	,10507045	,10638631	,10901807	,11033139	,11164728	,11230519	,11296311	,11361845	,
7750691	,8143389	,8273435	,8469523	,8402439	,8533255	,8796429	,8861973	,8797207	,8140811	,7352832	,7287040	,7089922	,7024129	,7155713	,7418115	,7549953	,8009987	,8403714	,8666113	,9059074	,9320704	,9582336	,9844480	,9843970	,9908744	,9907728	,9907729	,9711379	,9580054	,9514774	,9449495	,9450260	,9581846	,9582360	,9583643	,9716253	,9585693	,9652769	,9719843	,9851940	,9983524	,10180903	,10377771	,10705453	,10902321	,10902323	,10967863	,11033910	,11033910	,
7684645	,8077344	,8273435	,8337685	,8467982	,8598798	,8664592	,8861458	,8468240	,7746053	,7549185	,7418113	,7221249	,7155713	,7287553	,7550210	,7747842	,8076546	,8404481	,8732417	,8994562	,9321985	,9518337	,9780224	,9779717	,9910282	,9910033	,9909779	,9778965	,9647639	,9516569	,9582621	,9386010	,9517850	,9518620	,9519901	,9521183	,9587487	,9523489	,9524515	,9656099	,9853476	,10116391	,10313257	,10575661	,10837552	,10837556	,10902581	,10836790	,10836790	,
7553320	,7946275	,8273694	,8272152	,8467990	,8664342	,8532756	,8664079	,8073224	,7678979	,7548674	,7549185	,7286528	,7352833	,7484928	,7748355	,7945473	,8142850	,8470785	,8602112	,8864257	,9061123	,9257473	,9519362	,9518853	,9781258	,9780753	,9649939	,9584405	,9518361	,9453081	,9387806	,9454110	,9323038	,9389342	,9324831	,9326110	,9392927	,9394208	,9263649	,9395490	,9658147	,9986598	,10183464	,10380075	,10511149	,10707249	,10706484	,10837303	,10836790	,
7356970	,7749672	,8076833	,8206877	,8402459	,8401687	,8532503	,8400907	,7940609	,7875075	,7678979	,7548672	,7549184	,7418624	,7682049	,7879680	,8011264	,8142849	,8339969	,8602625	,8733698	,8996354	,9061632	,9192961	,9389059	,9520391	,9585935	,9585683	,9520150	,9520154	,9389084	,9454878	,9389855	,9324832	,9391135	,9261343	,9262109	,9197598	,9264415	,9133856	,9199647	,9462560	,9790755	,9922084	,10053159	,10249516	,10445102	,10641202	,10772278	,10837303	,
7291690	,7618602	,7945509	,8141346	,8271389	,8204567	,8400919	,8202760	,7939840	,7874818	,7744259	,7679488	,7680769	,7681537	,7747842	,7945473	,8208130	,8274178	,8339969	,8471553	,8537600	,8800000	,8931328	,9127937	,9324546	,9456133	,9521422	,9455891	,9389847	,9389595	,9390106	,9390878	,9194526	,9326112	,9327134	,9262622	,9198109	,9133597	,9003292	,8938269	,9004062	,9135390	,9398047	,9660451	,9791525	,9987623	,10380075	,10510384	,10641205	,10837303	,
7357998	,7619115	,7814441	,8075814	,8205856	,8205082	,8138263	,8071693	,8070915	,7939841	,7940609	,7745536	,7746560	,7747329	,7879169	,8076544	,8274178	,8339969	,8339969	,8471553	,8472064	,8603904	,8734976	,8997632	,9128705	,9194498	,9260042	,9259793	,9194006	,9259803	,9391387	,9260828	,9261341	,9458720	,9328414	,9198109	,9133595	,9069084	,8807450	,8677147	,8742940	,8873754	,9136669	,9333278	,9595426	,9922341	,10183977	,10445356	,10575409	,10574899	,
7359027	,7554349	,7749419	,7813672	,7943715	,8008479	,7941655	,8137749	,8136971	,8070915	,8137472	,7941888	,7877889	,8009985	,8141569	,8142337	,8208896	,8274689	,8340482	,8472066	,8472577	,8538624	,8669697	,8735490	,8866562	,8866562	,8932104	,8997646	,9063189	,9194776	,9130008	,9064730	,9196829	,9328414	,9132316	,9002009	,8871703	,8938520	,8611350	,8546581	,8612374	,8612629	,8743960	,8940315	,9333278	,9659938	,9987366	,10117673	,10247212	,10312239	,
7228215	,7554862	,7618860	,7748908	,7747366	,7812131	,7811100	,7941144	,8005648	,8136967	,8269056	,8270337	,8206083	,8141312	,8339202	,8142849	,8208896	,8274689	,8209409	,8340995	,8210177	,8210176	,8275968	,8406784	,8537857	,8603904	,8669443	,8800779	,8997907	,9129495	,9064983	,9131036	,9131805	,9197596	,9198107	,9067801	,8806421	,8741907	,8480530	,8416018	,8350482	,8350736	,8482068	,8743960	,9136669	,9463326	,9724705	,9789219	,9984553	,10049068	,
7032117	,7293234	,7488816	,7488044	,7617319	,7616292	,7549472	,7679514	,7941395	,8203530	,8400896	,8336129	,8402690	,8469248	,8338688	,8404994	,8208643	,8208642	,8143616	,8078337	,8013057	,7881987	,7750401	,7750402	,8012546	,8340993	,8472064	,8668932	,8866572	,9063954	,9195797	,9196567	,9328919	,9263640	,9198873	,8871703	,8806934	,8611350	,8414995	,8218639	,8022536	,8089096	,8088844	,8481557	,8874008	,9134875	,9395488	,9460000	,9655586	,9589286	,
6901045	,7293749	,7358257	,7423021	,7421481	,7551527	,7484706	,7615004	,8007699	,8204557	,8467202	,8467715	,8403201	,8469505	,8404481	,8208385	,8142849	,8208642	,8078337	,8013057	,7947266	,7684608	,7553024	,7553024	,7946753	,8275200	,8406272	,8603650	,8801033	,8998158	,9196051	,9262614	,9198101	,9198358	,9068053	,8937746	,8676369	,8480271	,8283660	,8021256	,7825160	,7891465	,7956492	,8284179	,8610582	,8871705	,9132316	,9262364	,9326623	,9260066	,
6769972	,6966324	,7096881	,7161902	,7291435	,7421481	,7485987	,7681822	,8074775	,8402447	,8533760	,8468481	,8403712	,8535553	,8339201	,8274178	,8208642	,8209155	,8078339	,7947266	,7618816	,7487232	,7355904	,7487489	,7881473	,8209409	,8406272	,8603650	,8801029	,8998412	,9196304	,9262611	,9198097	,9264403	,9003025	,8806672	,8545294	,8283149	,8152076	,7889674	,7627527	,7628038	,7758345	,8086034	,8412692	,8739349	,8803351	,8933144	,9062940	,8996126	,
6770487	,6835252	,6900531	,6900016	,7030316	,7225897	,7355939	,7683103	,8141848	,8403983	,8535041	,8666627	,8667137	,8536321	,8470785	,8274435	,8274689	,8209409	,8012546	,7815425	,7487232	,7355905	,7355905	,7487491	,7881218	,8209409	,8472064	,8603904	,8801283	,9064201	,9262093	,9262863	,9198351	,9133330	,8937232	,8675599	,8479501	,8151563	,8086283	,7823881	,7495941	,7561734	,7757834	,8085008	,8346131	,8607251	,8671252	,8800790	,8799000	,8600857	,
6639415	,6769974	,6704179	,6834736	,6899502	,6964522	,7291427	,7815455	,8273945	,8536080	,8667137	,8732930	,8667905	,8667905	,8602625	,8340482	,8340482	,8209409	,7881473	,7553025	,7355905	,7421698	,7421698	,7421698	,7881218	,8078337	,8472064	,8603904	,8801282	,9064455	,9262347	,9262861	,9132815	,9133328	,8740367	,8609804	,8347913	,8086022	,7889156	,7625984	,7561220	,7627013	,7822858	,8149520	,8279569	,8540690	,8604692	,8602902	,8469523	,8336404	,
6442036	,6638901	,6573106	,6638127	,6768430	,6899242	,7357731	,7881759	,8274711	,8536846	,8667905	,8667905	,8733696	,8668416	,8668418	,8406273	,8275202	,8012546	,7618816	,7421696	,7159040	,7290625	,7487491	,7487489	,7684609	,8078339	,8406784	,8538624	,8801795	,9064967	,9131530	,9197580	,9001995	,8936718	,8674829	,8413193	,8151302	,7954436	,7757570	,7429120	,7495427	,7560709	,7756041	,8148752	,8344340	,8474388	,8406548	,8338964	,8336917	,8203540	,
6376244	,6573108	,6507313	,6441007	,6637357	,6833706	,7161635	,7816734	,8275479	,8603151	,8668416	,8734209	,8603393	,8603393	,8537600	,8406273	,8209409	,7881473	,7487489	,7290625	,7027969	,7093760	,7356416	,7553536	,7685122	,8013057	,8275968	,8473600	,8736770	,8934662	,8935178	,9001484	,8871179	,8805643	,8543754	,8216325	,8085764	,7757570	,7494916	,7428869	,7428869	,7625481	,7756045	,8148242	,8212244	,8276243	,8405782	,8338200	,8138774	,7939604	,
6244658	,6376243	,6376243	,6441007	,6637357	,6702890	,7161635	,7751453	,8210200	,8537871	,8537600	,8603393	,8603393	,8537600	,8406272	,8275200	,8012546	,7749632	,7355904	,7093762	,6962689	,7093760	,7356416	,7553536	,7750914	,7882241	,8210688	,8473857	,8737283	,8803590	,8869896	,8935948	,8739850	,8609034	,8412679	,8150787	,7954689	,7691776	,7363330	,7363589	,7428870	,7559690	,7755277	,7885072	,8014611	,8078868	,8208150	,8074775	,8006680	,7872791	,
