7036491	,7233356	,7298895	,7298895	,7298888	,7364166	,7167048	,6575175	,7752766	,8471869	,8277057	,8148553	,7952205	,8149318	,8018507	,8346445	,8411979	,8346697	,8019526	,8543305	,8216656	,8543563	,7625038	,7230800	,8212038	,7686462	,7684152	,7616308	,8070951	,9965837	,9243154	,8062239	,7865888	,7866401	,7932963	,7735844	,7670559	,8066339	,9374999	,8661512	,8091653	,8551426	,8026636	,8419852	,8091912	,8222987	,8223241	,8157959	,8289794	,8751361	,
7102284	,7233354	,7364942	,7364942	,7364429	,7430474	,7364427	,6706758	,7360581	,8406848	,8472637	,8148040	,7952716	,8214857	,8345932	,8215627	,8281418	,8478282	,8411977	,8477770	,8280391	,8148553	,7492430	,7425872	,7685694	,7550515	,8008228	,9126434	,10769672	,11885057	,10442501	,9321993	,8135441	,8062748	,7734048	,7866401	,7670559	,7345187	,8397336	,8850698	,8531719	,8290055	,8289806	,8222736	,8354827	,8550925	,8157705	,8616970	,8421382	,8619010	,
7168077	,7299147	,7299147	,7430735	,7364942	,7496013	,7627853	,7101509	,6771528	,8145475	,8537660	,8147272	,8018507	,8018761	,8280652	,8412490	,8478282	,8412490	,8411976	,8214600	,8607297	,8673593	,7753534	,7556165	,7814459	,9129244	,10511623	,9657856	,9917186	,10636291	,9851393	,9854211	,10183680	,9324806	,8066839	,7538722	,7867427	,7214109	,7937561	,8069650	,9112078	,8473345	,8421644	,8158737	,8354827	,8484879	,8223500	,8289034	,8355587	,8291074	,
7036491	,7299147	,7298888	,7430733	,7430735	,7430733	,7627853	,7364681	,6640966	,7556677	,8471615	,8080452	,8214600	,8214859	,8084554	,8281931	,8674889	,8281418	,8215111	,8541755	,9001785	,8803377	,7751475	,7357499	,9591578	,11436803	,9460224	,8274948	,9584128	,9780994	,8470528	,8010501	,8734211	,9723136	,8803842	,7741208	,7867176	,7344676	,7674640	,7349261	,7937298	,9245957	,8744716	,8421642	,8550923	,8289040	,8551438	,8617229	,8551687	,8553730	,
7233870	,7430733	,7430474	,7430731	,7365708	,7430731	,7627853	,7627853	,7035716	,7098949	,8340801	,8209983	,8017221	,8084302	,8281418	,8347466	,8609096	,8346437	,8345406	,9000503	,8870710	,8211250	,7356209	,8605733	,11171585	,9395201	,8472579	,8340993	,9977344	,9452544	,8011264	,8076800	,7879937	,8077569	,9459456	,8999424	,7871768	,7540254	,7411992	,7349001	,6824723	,9112846	,8994057	,8552715	,8682761	,8355084	,8420618	,8748556	,8420618	,8487939	,
7496526	,7364940	,7496526	,7430731	,7430985	,7496524	,7562060	,7693392	,7626823	,7034437	,7621700	,8340542	,8277057	,8084043	,8413004	,8478282	,8609609	,8411198	,8673333	,9001016	,8672053	,7619632	,7816492	,10776840	,10908416	,8278019	,8276481	,8800004	,10042371	,9387267	,8010753	,7880192	,7879426	,7945984	,7880192	,9394433	,8866565	,7674904	,7541275	,7349011	,6758931	,8263700	,9377030	,8811789	,8421641	,8682760	,8420618	,8420618	,8486411	,8357380	,
7496524	,7430733	,7562319	,7562317	,7562317	,7627853	,7562060	,7628110	,7758924	,7298375	,7099976	,7948864	,8602687	,8474438	,8346697	,8281930	,8346183	,8411452	,8672567	,8738873	,8080434	,7355439	,8934684	,11303424	,9921028	,8211204	,7816707	,8865536	,10501380	,9322244	,8010752	,7945472	,8010755	,8011014	,7618564	,8340741	,9525760	,8730123	,7607070	,7478803	,6759441	,7610389	,9375241	,8934149	,8552968	,8814346	,8813577	,8486664	,8748553	,8554498	,
7496524	,7628110	,7496526	,7562319	,7628112	,7693392	,7693646	,7694157	,7890773	,8021581	,7430222	,7427653	,7883071	,8472639	,8409667	,8346184	,8148804	,8279612	,8738362	,8278330	,7554357	,7487268	,10053382	,11040002	,9131777	,8145664	,7488518	,9126146	,11222274	,9583876	,8076546	,7814916	,7879680	,7552257	,7683328	,7945730	,8670977	,9458434	,8199189	,7673615	,7478024	,7348498	,8721935	,8534528	,8946695	,8486409	,8814596	,8814596	,8619012	,8423943	,
7562317	,7628110	,7628110	,7628110	,7693903	,7693903	,7693903	,7825489	,7891536	,7825232	,8021581	,7823949	,7559496	,7949634	,8209985	,8145471	,7884092	,8081972	,8278073	,7751726	,8468771	,9320457	,10842112	,10973955	,9261056	,8145409	,7947013	,8995328	,10894338	,9322496	,7944962	,7879428	,7159553	,6635265	,7945730	,9060101	,8798723	,9591552	,8860934	,8324356	,8913668	,8719112	,8524045	,8529158	,8945667	,8684293	,9076992	,9142533	,8816389	,8227851	,
7628110	,7628110	,7693903	,7693903	,7759696	,7693903	,7825232	,7891025	,8022098	,8088404	,8021579	,8284492	,8480842	,8413516	,7886662	,8343622	,8604478	,8730151	,9644567	,9248520	,9049345	,9645056	,11171328	,11234306	,9979653	,9061121	,8012544	,8797952	,10895109	,9453312	,8076800	,7814918	,6962176	,6569472	,8404482	,9190660	,9584128	,10571264	,9260294	,7933195	,7801357	,8062991	,8979980	,8656130	,8877578	,9208837	,9142534	,9209089	,8293381	,8029732	,
7628110	,7759696	,7891282	,7891282	,7825489	,7891282	,7956818	,7956816	,7956815	,8022608	,8350546	,8153933	,8546635	,8872266	,7821380	,8278332	,9447964	,9770248	,9114113	,8525057	,7606789	,8729856	,11762695	,11104003	,9323776	,9912064	,8995840	,8798725	,10239235	,9780744	,8077056	,7683330	,6765827	,6438913	,8731907	,9059844	,10371072	,10372101	,9262336	,8331266	,7538955	,7998226	,8455437	,8524035	,8875777	,9078530	,9144576	,8686337	,7898644	,8289597	,
7759696	,7891282	,7957075	,7891282	,7891282	,8088404	,8088402	,8022609	,8088402	,8285780	,8351316	,8350544	,8743503	,8413766	,7950913	,8923162	,9704192	,9246978	,8459264	,8000256	,7671812	,9320706	,12683520	,12351232	,8668416	,8404484	,9452292	,9256454	,9781248	,9781248	,8208385	,7683584	,6700293	,6832130	,8993536	,9846272	,10501378	,9191428	,9458432	,8466433	,8062476	,8194064	,8586774	,8784394	,8878083	,9014530	,8292355	,7899417	,8290620	,8614995	,
7956818	,7891282	,7891282	,7957075	,8022868	,8088402	,8088402	,8088402	,8219475	,8351573	,8219475	,8547925	,8808274	,8018501	,8534059	,9113862	,9246976	,8723714	,8262401	,8001282	,6950400	,9125635	,12420097	,11893250	,9393924	,10050308	,9259264	,9125888	,9780480	,10174722	,8731907	,7290374	,6634752	,7290625	,8928769	,10108164	,9846017	,8666624	,9522945	,8666884	,8259080	,8652048	,8914199	,8652808	,9332238	,9345315	,8357433	,8617042	,9074016	,8614748	,
7956816	,8022609	,8088402	,8088915	,8088915	,8154194	,8088401	,8088401	,8219987	,8286293	,8612689	,8612176	,8151627	,8016454	,8789258	,9048577	,8527105	,8265732	,7805698	,7546112	,8277508	,10322433	,11631107	,11235587	,9853444	,10645504	,10713093	,9985283	,9323266	,10239746	,9454084	,7356164	,6438400	,7421440	,9059844	,9518086	,9519616	,8732419	,9325568	,8997121	,8522509	,9176340	,9306386	,9177862	,9773332	,8873529	,9139264	,9991485	,10451256	,10123061	,
8022608	,8154194	,8286034	,8286034	,8220498	,8220498	,8220498	,8286034	,8286293	,8547925	,8481871	,8416076	,7823943	,8339251	,8850688	,8853762	,8200709	,7808256	,8073985	,9073411	,10262020	,9596416	,11039489	,11235841	,8868608	,8406786	,8408835	,9329408	,9459715	,9848578	,9978112	,7683840	,6701058	,8208385	,9649664	,9584130	,9649923	,8862723	,9194752	,8932608	,8654864	,9373459	,9634062	,9047815	,9840896	,10970636	,11369477	,10251521	,10315778	,10447364	,
8220241	,8220239	,8351825	,8483409	,8483922	,8549715	,8483922	,8352338	,8417618	,8351825	,8417107	,8480077	,7625543	,8595742	,9047554	,8658944	,7873025	,7743490	,9334020	,9736704	,8872960	,8338691	,10579461	,11368707	,9460226	,8472832	,8735236	,8471553	,9262595	,9787651	,10372868	,8536320	,6897411	,8666884	,9257219	,9649920	,9453058	,9059589	,9588227	,9985280	,9114889	,9569296	,9831690	,9116419	,10571776	,11758592	,10377984	,9263363	,9132288	,8870145	,
8417359	,8548944	,8615500	,8484692	,8353870	,8353868	,8682320	,8550738	,8614738	,8351825	,8613967	,8087374	,7624001	,8920593	,9113858	,8266754	,7479040	,8015617	,10063361	,9271040	,8536580	,7813635	,9921280	,11566086	,10183937	,8407554	,8342272	,8472579	,8406528	,9920007	,9851393	,10043650	,7880707	,9125633	,9781248	,9715714	,9453571	,9125888	,10049283	,10378499	,9506575	,9896974	,9309448	,9844741	,10970624	,10967554	,9717504	,9263617	,8869635	,8606976	,
8419150	,8222535	,7959613	,8026672	,8553505	,9277720	,9475608	,9345054	,9146160	,8552519	,8549457	,8217420	,8015678	,9050377	,8919296	,8200707	,7677696	,9531140	,9668100	,8740102	,8076544	,8143104	,8866562	,11171586	,11302144	,8932868	,8537346	,8340995	,8406272	,8866562	,9723138	,10111744	,9650688	,9519877	,9977857	,10108930	,9585408	,9126144	,10048768	,9587968	,9570060	,9636103	,9704967	,9982211	,10707201	,9784328	,9323523	,9064448	,8671236	,8475140	,
7697219	,8093223	,9015559	,9278721	,9080577	,8882688	,8882434	,8949760	,9345027	,9279499	,9079849	,8351813	,8538430	,9245697	,8985600	,8199939	,8404482	,10388994	,9338885	,8473105	,8339971	,8142337	,7944192	,10316289	,11630848	,9856001	,8668416	,8603650	,8537857	,8668164	,9394181	,9916932	,10896640	,10568704	,9913344	,9911810	,9913346	,9715712	,9984770	,9585155	,9765646	,10225417	,9907713	,9920258	,10247170	,9585921	,9257730	,9259264	,9324544	,8800769	,
8487965	,10002432	,10132740	,8750337	,8223744	,8223490	,8158212	,8158464	,8487426	,9014019	,9214464	,8884762	,8739880	,9245184	,9247488	,8069123	,9263365	,10718720	,9205514	,8274711	,8405511	,8404481	,7943939	,8932868	,11566084	,10777088	,8998915	,8537600	,8603392	,8734209	,9195777	,9985280	,10569732	,11356678	,11355651	,10240515	,10043649	,9914112	,10313985	,9776394	,10486791	,9770499	,9912064	,9984770	,10246402	,9454082	,9519873	,9520896	,9519364	,9322498	,
9608704	,9936387	,8553217	,8092417	,8157957	,8289285	,8223492	,8551939	,8355328	,8486144	,8751361	,9083648	,9013507	,9384967	,9312001	,8135427	,9725698	,10785280	,9203212	,8078110	,8537105	,8470528	,8404484	,7943681	,10381569	,11632128	,10315523	,8866562	,8997381	,8800769	,9195779	,10381056	,9917186	,10307840	,11749632	,11552769	,11158532	,10375938	,10707456	,10689542	,10294274	,8855040	,9652993	,10246659	,10309632	,9191680	,9650689	,9651202	,9257473	,9777154	,
9804288	,8947714	,8157952	,8223750	,8092164	,8223744	,8290048	,8289798	,8486914	,8420869	,8355074	,8882434	,9150208	,9271810	,9381634	,8332800	,10318850	,10851588	,9201422	,8012830	,8406301	,8470534	,8732417	,8206337	,8536578	,11171334	,11501315	,9854976	,9063168	,9456641	,9392128	,9855235	,10179840	,10243075	,10373634	,11487235	,11291136	,11429126	,10174725	,10096645	,8724995	,9382914	,10180869	,10904065	,10178307	,9453058	,9781248	,9519873	,9387780	,10231552	,
9343238	,8421121	,8485892	,8288768	,8354306	,8551426	,8551428	,8420353	,8486400	,8486913	,8552960	,8814851	,8688128	,8953856	,9526017	,8597251	,11042561	,11508484	,9397782	,8341537	,8341284	,8800531	,8864003	,8798725	,8139778	,8998915	,11435011	,11632386	,9986051	,9456645	,9457152	,9986823	,10576387	,11099136	,10505472	,10832128	,11097606	,11495938	,11029504	,11491840	,10835714	,10507011	,11429126	,12482820	,12548352	,11428865	,10308100	,9125635	,9516545	,10622209	,
8817153	,8420353	,8616451	,8550660	,8485632	,8486146	,8617472	,8617217	,8617732	,8683265	,8749058	,8880644	,8751360	,9411337	,9672452	,9128192	,11239938	,11969280	,9661974	,8537895	,8669733	,8603426	,8865032	,8798721	,8732420	,8337412	,9522945	,11434500	,11764485	,10513153	,9590272	,9788929	,10511617	,10969092	,10244870	,10508544	,11695360	,13140999	,12352513	,10836227	,9914882	,9390337	,10047744	,11494658	,11559424	,10838789	,11825153	,10641156	,9776645	,10948353	,
8881153	,8486144	,8486144	,8486144	,8551939	,8551937	,8617729	,8683525	,8749066	,8618250	,8618763	,9208840	,9275649	,8819715	,9740288	,9069569	,11108354	,11837440	,9794322	,8668968	,8669733	,8997415	,9128992	,8866573	,9061632	,8864768	,8535048	,8997122	,11236098	,12553984	,12027136	,11106304	,11039237	,11366144	,11233026	,11826435	,13142784	,11629569	,10177284	,9913860	,9849093	,9717505	,10113282	,10773507	,10379008	,9915905	,10507270	,12351234	,11621893	,11014146	,
8749569	,8617730	,8617478	,8551939	,8617478	,8617480	,8683271	,8683273	,8814347	,8749067	,8684041	,9011725	,9275398	,8883716	,9412103	,9075713	,10581761	,11181313	,9860875	,8406826	,8538916	,8997417	,8866599	,9326114	,9129242	,8997396	,8669974	,8603152	,9128207	,9787665	,11042061	,11568905	,11759621	,11097092	,10439426	,12682756	,12087810	,10308100	,9980418	,9784320	,9717505	,9389569	,10046211	,10510083	,10378496	,10375425	,9653761	,10115328	,12483586	,11681794	,
8749316	,8683523	,8683273	,8683271	,8683273	,8683022	,8683020	,8749067	,8748813	,8749067	,8946194	,9077518	,9341195	,8947726	,9148163	,9014784	,10253315	,11376640	,10192393	,8343077	,8800554	,8801319	,8866599	,8736040	,8866601	,8342824	,8275239	,8274721	,8668190	,9258020	,9791776	,9659663	,10502912	,10108929	,12416516	,12748802	,10309121	,11027973	,10963714	,9979904	,9979905	,9914112	,10308354	,10181632	,10248451	,10377219	,9785860	,9588481	,10641410	,12481280	,
8683525	,8683523	,8749066	,8749064	,8814859	,8683024	,8748815	,8749067	,8814860	,8879888	,8945681	,9077772	,9079051	,9143822	,9146884	,9213441	,9859073	,11572480	,10064130	,8934436	,8668968	,8603686	,8604709	,8538663	,8275493	,8536355	,8997166	,10182469	,12028512	,13805961	,14270869	,13610876	,12417854	,11494407	,13209601	,11365632	,10311425	,10441729	,10964993	,10964995	,10637318	,10767873	,10637570	,10181632	,10118659	,10181379	,10310144	,10047489	,10178308	,11627776	,
8683273	,8749318	,8814857	,8814857	,8749066	,8683022	,8748813	,8814859	,8946443	,8946446	,9011979	,9209356	,9079304	,9210120	,9146119	,9214209	,9726722	,11308037	,10722560	,9266715	,8799268	,9062691	,8997155	,8733722	,9391403	,11165779	,12948087	,13738361	,13280120	,13345143	,13476472	,14069636	,15124128	,15190674	,13606453	,10378752	,10510083	,10706435	,10641156	,10246913	,10769924	,10638338	,10309634	,10180866	,10183937	,10444801	,10573057	,10179329	,9850625	,11164161	,
8814859	,8749064	,8749318	,8749064	,8749066	,8814859	,8814860	,8749066	,8945932	,8946443	,8880650	,9209354	,9341453	,9472526	,8949256	,9084165	,9528065	,10905092	,10657280	,9928970	,9520932	,9653278	,9390106	,10573630	,11957101	,13804674	,13279603	,12554592	,12621160	,12950119	,12820071	,12950622	,12882266	,13870192	,15257762	,13081426	,10443777	,10575363	,10510336	,10443526	,10508291	,10704388	,10309891	,10245122	,10117633	,10183939	,10508804	,9982979	,9785857	,10637570	,
8814857	,8815111	,8881155	,8815111	,8749064	,8749316	,8814857	,8880652	,8946186	,8815629	,8880650	,9012236	,9340944	,9668878	,9014028	,9018373	,9398786	,10367744	,10454533	,10522118	,10050839	,9653019	,10180918	,11955823	,13738881	,13740148	,13082478	,13281654	,13873789	,14135931	,14006147	,14070653	,14004081	,13935203	,13344095	,15192479	,12685377	,10311940	,10641921	,10575616	,10312193	,10835716	,10638850	,10572291	,10510081	,10119426	,10773507	,10246402	,10179588	,10507522	,
8946695	,8815111	,8749568	,8815109	,8815111	,8881155	,8815111	,8880652	,8946695	,8946695	,9078031	,9012239	,9275149	,9668620	,9078799	,9083136	,9468957	,10823440	,10704128	,10130945	,10256138	,10376482	,11626594	,13275260	,14201473	,13609849	,14202504	,14598284	,14795152	,14992531	,14926485	,15122829	,14794372	,14661498	,14067300	,13279067	,14928025	,11367963	,10379008	,10969603	,10576128	,10902533	,10901761	,11097861	,10968064	,11169026	,11366659	,11165954	,10574338	,10443011	,
8946694	,8815109	,8814851	,8880901	,8815109	,8946435	,8946443	,8946697	,8946186	,9077770	,9077768	,9143314	,9472009	,9734671	,9275402	,9344768	,9340970	,9855298	,10696969	,10579200	,10456576	,11500351	,12351859	,14002302	,14399105	,14794121	,15058326	,15257497	,15520162	,15585698	,15584927	,15585181	,15255955	,15123080	,14661497	,13409370	,13543797	,14332022	,10772993	,10774017	,11166976	,11231490	,11427584	,11689731	,11689218	,11627008	,12025857	,11958786	,11232001	,10575617	,
8946946	,8880644	,8814596	,8880901	,8880904	,8946437	,9011975	,8946694	,9208840	,9077518	,9078534	,9209358	,9602825	,9931274	,8947718	,9016577	,9340726	,10056776	,9985834	,10838547	,10847249	,12025441	,12946545	,14137984	,14927249	,15387802	,15389346	,15915945	,16047280	,16243887	,16045995	,15718562	,15847840	,15649430	,15253637	,14528633	,12883806	,14007178	,12154916	,10968576	,11628038	,12086536	,11953922	,12148992	,12478467	,12676865	,12811524	,12288259	,12483588	,12153603	,
9144578	,8946437	,8880391	,9012230	,9011975	,9012230	,9077770	,8946697	,9208840	,9077770	,9209354	,9275402	,9799177	,9864716	,8685568	,8951049	,9209919	,9992774	,9989943	,10647600	,11434818	,12285543	,13147507	,14796943	,15652255	,15915173	,16046246	,16376241	,16377015	,16311474	,16244657	,16374186	,16176807	,15585947	,15255952	,14662011	,14065259	,13346428	,14728079	,15584425	,16113343	,15918273	,15122059	,14193727	,13729537	,13662976	,13004290	,12677378	,13006593	,12875521	,
9145346	,8946694	,9011977	,9078023	,9078023	,9011977	,9077772	,8880652	,9012236	,9143563	,9405456	,9405965	,9930509	,9667851	,8555008	,8950798	,9668429	,9991750	,9992002	,10781251	,11696988	,12483947	,13476723	,15521183	,16048042	,16310448	,16179885	,16705469	,16575162	,16444089	,16442295	,16178864	,16243879	,15914144	,15714965	,15253132	,14527103	,13277810	,15917511	,16710910	,16645630	,16711422	,16711422	,16578029	,15780240	,13334806	,12476676	,12611072	,12741377	,12871172	,
9343747	,8947718	,8946697	,9012230	,9012230	,9011977	,9143563	,9012236	,9078029	,9209104	,9340426	,9405714	,9864976	,9274633	,8622082	,9015576	,10060374	,9992010	,10189380	,11108937	,11894368	,12287336	,14070651	,16114095	,16507312	,16508340	,16706748	,16708300	,16708300	,16707011	,16640703	,16377267	,16441006	,15914660	,15781016	,15319954	,14726275	,13541235	,14599329	,16711418	,16711422	,16645881	,16711418	,16711422	,16711422	,15516842	,12808212	,12544512	,12610051	,12545289	,
9410820	,8948740	,8946697	,9012488	,9078019	,9078021	,9143816	,9012236	,9077518	,9209356	,9209354	,9471507	,9668367	,9144076	,8952064	,9408816	,10126170	,10057805	,10452804	,10847560	,12090464	,12618090	,14926990	,16377267	,16575415	,16575940	,16643804	,16710380	,16711156	,16645868	,16708828	,16574910	,16244910	,16046248	,15912869	,15452055	,14794123	,13739893	,14268555	,16711152	,16580350	,16711164	,16710905	,16711414	,16711415	,16711422	,15057297	,12676098	,12544001	,12611584	,
9543939	,9278722	,8947464	,9012490	,9078530	,9143816	,9144076	,9078031	,9274132	,9275151	,9340690	,9603346	,9471760	,8817418	,9017605	,9800264	,10256993	,10058315	,10453317	,11110218	,11959647	,12882292	,15388568	,16707005	,16708557	,16710115	,16711156	,16710640	,16711153	,16711422	,16711163	,16709087	,16573370	,16373935	,15913130	,15649951	,14926736	,14265979	,14005123	,16643814	,16711422	,16383738	,16645629	,16711164	,16711160	,16711145	,16509906	,14194248	,12412161	,12613632	,
9676035	,9608704	,9145605	,9144076	,9144076	,9143825	,9143824	,9078283	,9143563	,9274897	,9340690	,9734158	,9406486	,8688135	,8818206	,9929048	,10322782	,10189381	,10518848	,10848071	,11892838	,13275767	,16045728	,16708047	,16710372	,16710642	,16645367	,16711161	,16645868	,16645370	,16711420	,16645880	,16576203	,16243885	,16045479	,15716256	,15386260	,14464896	,14332808	,16509381	,16709087	,16514282	,16710639	,16710634	,16708828	,16705727	,16704451	,15252619	,12548100	,12482309	,
9607940	,9412352	,9477120	,9276932	,9209607	,9340423	,9209866	,9209867	,9341195	,9144074	,9276683	,9602322	,8688404	,8951827	,9470272	,10190680	,10191963	,10190406	,10452535	,10453826	,11958371	,13012849	,16112041	,16577490	,16645354	,16711161	,16579834	,16711153	,16710893	,16710905	,16711161	,16711420	,16643552	,16440502	,16111788	,15783077	,15519905	,14794891	,14465934	,16245176	,16706237	,16706241	,16640704	,16705469	,16442295	,16572339	,16703929	,16308148	,13144111	,12344351	,
9014530	,9145605	,9278981	,9476611	,9211904	,9275911	,9341191	,9537796	,9407238	,9406988	,9078797	,8949256	,8560139	,9144125	,9992273	,10320985	,10584411	,10452552	,10517817	,10322493	,11957599	,12813676	,16046248	,16709080	,16711153	,16711160	,16711161	,16711418	,16645881	,16711420	,16711160	,16711161	,16709597	,16637881	,16243376	,16309421	,15651748	,15255701	,15189918	,16310450	,16441264	,16704186	,16508340	,16572341	,16638647	,16639163	,16441017	,16506045	,14459253	,12277817	,
9209605	,9275649	,9079555	,9081856	,9936901	,9607938	,9342977	,9276416	,9014533	,8949254	,9148937	,9084694	,9011762	,9070920	,9661256	,9860434	,10453592	,10519371	,9993267	,10256692	,11761226	,12418144	,15387800	,16709335	,16710899	,16645882	,16710905	,16710907	,16711163	,16711163	,16580344	,16645368	,16576979	,16637883	,16375222	,16113073	,15783076	,15518622	,15454373	,16243628	,16309167	,16571823	,16375214	,16376245	,16241834	,14857847	,15121739	,14664507	,14270242	,13740551	,
9405697	,9405955	,9144576	,9014533	,9017856	,10201605	,10333462	,9738529	,9606183	,9411626	,9866018	,10379303	,10108706	,10176280	,10703900	,10705697	,10842673	,11372352	,10649138	,10059299	,11238193	,12415583	,14595715	,16707781	,16645351	,16711417	,16645368	,16711161	,16711418	,16711161	,16711413	,16710375	,16508866	,16506810	,16441785	,16113332	,16242345	,15584928	,15914920	,15913120	,16307362	,16242600	,16440488	,15515267	,13340965	,14791172	,14401537	,13942785	,15191554	,14924034	,
9340417	,9405698	,9275649	,9145348	,8817920	,9868828	,10392906	,10521938	,9995092	,10968627	,12070410	,12009218	,12611584	,13603331	,12552704	,11102210	,10837506	,11761155	,11631626	,11041029	,10910995	,11827545	,13603956	,16508591	,16512718	,16710383	,16711418	,16449273	,16580087	,16711160	,16709865	,16706507	,16507577	,16638910	,16573370	,16244918	,16242345	,15585955	,15584928	,15713934	,16042390	,15782558	,15185280	,13665314	,14988033	,14725636	,14267906	,15188998	,14924547	,14793219	,
9274371	,9208576	,9603077	,9341696	,9079552	,8818948	,9536566	,9205327	,10244661	,11738883	,12470785	,13606403	,14399744	,12552963	,9983488	,9128192	,9259524	,9849859	,10507776	,11889921	,11698690	,12355898	,12089439	,15453333	,16576189	,16640967	,16577492	,16644322	,16643804	,16707793	,16508866	,16507324	,16573117	,16573630	,16704444	,16375992	,15914663	,15783601	,15451023	,15316347	,15385223	,14922362	,13793851	,14721300	,14135809	,14001411	,14597892	,14595329	,14660611	,14266113	,
9208578	,9273860	,9471491	,9931014	,9144578	,9146116	,9342233	,9397303	,11410948	,12598272	,13211394	,14463745	,12485892	,9390848	,8603400	,8931586	,8997121	,9456130	,9587716	,10439939	,11890180	,11959313	,12086869	,13474161	,16179374	,16442808	,16311224	,16377531	,16442810	,16441531	,16310198	,16507577	,16507328	,16507324	,16572603	,16309171	,15784106	,16177583	,14395495	,14918766	,14658675	,13860160	,14187561	,14004233	,13215745	,14069763	,14725126	,14265856	,14198784	,14199041	,
9208578	,9536513	,9274881	,9799939	,9537794	,9341444	,9082624	,10180104	,12066308	,13009411	,13938690	,13080837	,9524227	,8536832	,8930307	,8865536	,9062400	,9127940	,9652995	,10112002	,10900740	,11957505	,11694896	,11956831	,14531727	,15719853	,16047537	,16244405	,16310712	,16244154	,16244918	,16310199	,16441015	,16375224	,16177842	,16111014	,16244667	,14399353	,13668935	,14127707	,14320461	,14246178	,14454028	,12758017	,13673986	,14590721	,14458882	,14064901	,13736707	,13739009	,
9142785	,9339904	,9406210	,9734146	,10522120	,9537794	,9738497	,10315776	,12146177	,13672964	,13936901	,11300099	,8602625	,8602624	,8799491	,8996354	,8800002	,9193218	,9325059	,9914882	,10307589	,11364355	,12092160	,11827257	,12616034	,15123607	,15522472	,15914419	,16112050	,15981233	,16112049	,16373941	,16374194	,15980715	,15913641	,16179387	,15190423	,12882230	,13597750	,13988157	,14311443	,15161613	,13603584	,12298754	,13540610	,14453760	,13863683	,13535234	,13208322	,13538819	,
9143298	,9470721	,9339904	,10258946	,10324992	,9733893	,9934084	,10388226	,13404423	,14396161	,12751362	,9326592	,8602371	,8537346	,8667905	,9062144	,9192192	,9389056	,9390340	,9522176	,10243330	,10834689	,12155648	,11371788	,11106619	,12353889	,14466195	,15715751	,15717030	,15782572	,15717541	,15782055	,15782057	,15781798	,16178361	,15453341	,13079357	,13208625	,13856037	,14308628	,15290883	,14899456	,12033282	,12691972	,13534733	,13465603	,13203461	,13266439	,13074182	,13405440	,
9077505	,9274112	,9667842	,10520837	,10390272	,9930242	,9735686	,10654468	,13212673	,14264577	,11433220	,8537346	,8668418	,8602625	,8799491	,8995841	,9585409	,9848068	,9914882	,9914882	,10243328	,10375427	,11629314	,11764226	,8878368	,8675641	,11434822	,13740148	,15255192	,15650986	,15717291	,16046259	,16047549	,15847848	,15057546	,13339960	,13210417	,13339184	,14246163	,15094017	,14765826	,13133315	,11446784	,12558597	,12810009	,13069331	,12872463	,12806159	,13272326	,13402370	,
9077505	,9339904	,9799173	,10455044	,10389505	,9929729	,9208067	,11243521	,13738757	,13409794	,10182147	,8537346	,8471555	,8733698	,8930561	,9257730	,9717252	,10372101	,10373633	,10112002	,10441220	,10440960	,11561731	,12487170	,8284191	,7168808	,11371275	,12091411	,12683310	,13278556	,14332524	,14860416	,14395756	,13402204	,13999460	,13868098	,13276723	,14125097	,15161354	,15028224	,13519872	,12481796	,11514117	,12818707	,13001755	,13196562	,13064711	,13067009	,13592836	,13070085	,
9208578	,9602049	,9733892	,10455298	,10191363	,9864196	,9337605	,11964416	,14133252	,12948224	,9654786	,8471808	,8537350	,8799239	,8930560	,9454849	,10044932	,10373120	,10570752	,10571013	,11231490	,11758084	,12418048	,14265606	,9928217	,7889934	,12027649	,12881920	,14199311	,14068225	,13999360	,14263042	,14263296	,13928758	,13273952	,14133863	,13670457	,14449955	,15422465	,13980424	,13191687	,12416768	,12172032	,12816664	,13063447	,12997379	,12669184	,12739072	,12733955	,12797444	,
9339651	,9667587	,9865217	,10323458	,10060035	,10060290	,9731842	,12292864	,13739011	,12749315	,9391361	,8734211	,8799489	,8733700	,9061634	,9454849	,9914112	,10700550	,11030016	,12810245	,13668612	,13668865	,13867522	,14003972	,10058499	,10911494	,15585622	,16640113	,16373559	,14460932	,13342721	,13474564	,14528000	,15254275	,14923806	,14001250	,14330723	,14708762	,14635279	,13455124	,13124614	,12812036	,13289473	,13340678	,13061378	,12341505	,12082947	,12537092	,12793345	,12527360	,
9404930	,9470721	,10061569	,10060804	,9929219	,10125824	,9798145	,12489730	,13739272	,12156674	,9193730	,8865795	,9062144	,9127425	,9126914	,9651202	,10176003	,10963714	,12150272	,13140740	,13140997	,12943618	,13143810	,13016834	,13150991	,16182172	,16710577	,15387195	,13212162	,12881665	,13078276	,13077508	,13275137	,13669892	,14661633	,15387666	,15047255	,15238227	,13981479	,13323538	,13061120	,13143810	,14670348	,14196510	,12341760	,12606720	,12471810	,12268291	,12529153	,12069382	,
9273858	,9536513	,9865219	,10126848	,9863426	,9995011	,9666306	,12883971	,13870594	,11632128	,9062914	,8865536	,9259013	,9520896	,9455362	,10110464	,10568962	,11294209	,12348676	,12546819	,12153856	,12285441	,12089089	,13871105	,16638551	,16707215	,15318300	,13146369	,13210881	,12883458	,13211396	,13341699	,13474818	,13539328	,12818693	,14598662	,15974163	,14449730	,14388325	,14051371	,13587714	,13669376	,15656733	,15251280	,12934145	,12471299	,12004355	,12332291	,12462848	,12263938	,
9208576	,9732865	,10127362	,10126851	,9799428	,9798145	,9863687	,12885250	,14395142	,11960576	,9325059	,8800004	,8931328	,9259264	,9587200	,10044930	,10701571	,11756801	,12348160	,12219137	,12021253	,11889921	,12548613	,16043581	,16703852	,15384847	,13214466	,13739011	,14131456	,13541632	,13802502	,13868295	,13410052	,13017604	,12955136	,14129668	,16041499	,14588174	,13387281	,13458204	,13521166	,13533188	,15064336	,15580997	,12533252	,12594180	,12004866	,12528641	,12723201	,12655874	,
9208580	,9340164	,9865219	,10258948	,9863938	,9537541	,9472512	,12621826	,14132997	,12551172	,9129220	,8733698	,8995840	,9389056	,9651712	,10702336	,11295490	,11692291	,12349187	,11891461	,12151812	,12085504	,14984976	,16703352	,16173100	,13675008	,13872384	,14592520	,15247125	,15182104	,15182604	,14987008	,15250945	,15383816	,14334729	,14714882	,15898636	,15912221	,15047168	,15905539	,15973888	,14854404	,13548035	,14005764	,13329154	,12531202	,11875328	,12528641	,12525570	,12655876	,
9536003	,9405697	,10258433	,10324480	,9865217	,9014272	,9865217	,12224515	,13804804	,12749315	,9915904	,9454849	,9782787	,10110212	,10504450	,11095809	,11624704	,11955201	,12284930	,11562245	,12216576	,12745472	,16699955	,16701270	,14659584	,14197760	,15116562	,15311655	,15182364	,15052297	,15184386	,15185410	,15316738	,15514115	,16371480	,16433723	,15437825	,16106274	,16438539	,16037890	,14255371	,13263360	,12361216	,12823297	,13861893	,13923074	,12337667	,12658948	,12527362	,12853255	,
9536514	,9929729	,10127362	,10127873	,9470723	,8750337	,9266950	,11428867	,13146882	,12549891	,11687686	,11425295	,11228955	,10966048	,11163680	,11098394	,11492628	,11494672	,11758341	,11628035	,11758083	,14262785	,16702546	,15975729	,13935618	,14721555	,15180331	,14984733	,14855680	,15119106	,15512324	,15644420	,15579397	,15448576	,15841536	,16703334	,16632417	,16107541	,16373533	,13858052	,13064450	,13060867	,12485638	,12495874	,12615172	,13593344	,14053890	,12793345	,12462848	,12983558	,
9733635	,9995011	,9799426	,9340677	,8289794	,8156930	,8670210	,11094785	,12284930	,12282368	,12217856	,11953168	,11032352	,10966818	,11163680	,11623713	,11755295	,11558444	,11295773	,11428614	,12348160	,15908875	,16570428	,14987266	,14720021	,15112748	,14787103	,14788359	,15183620	,15316225	,15644418	,15580160	,15776772	,15907844	,15777026	,16041488	,16707241	,16439606	,16440358	,14053890	,13522180	,13518595	,12935938	,12623105	,14199061	,13263371	,14251269	,14112259	,12919296	,13572868	,
9536513	,9536513	,9340417	,8617472	,8156929	,8807426	,10113795	,11687938	,11821056	,11955203	,12550144	,12350470	,11296275	,11296284	,11426334	,11688223	,11755550	,12084501	,11690531	,10901543	,13072900	,16700463	,16634188	,14656773	,14849321	,14981928	,14852367	,15050754	,15315204	,15315970	,15645186	,15842565	,15974915	,16039426	,16040708	,16040960	,16573043	,16507777	,16570386	,14517000	,13719810	,13848576	,13453569	,13010432	,14203673	,14193936	,13927684	,14050820	,13250307	,13574145	,
9273858	,9143044	,8421633	,8091137	,8873728	,10442499	,11819522	,12082947	,11624965	,11695873	,12485890	,12617474	,12420097	,12157444	,12153604	,11823114	,11757331	,12215822	,12281363	,11427109	,12483095	,16700436	,16303633	,14456600	,14783271	,14588445	,14656260	,14985986	,15053062	,15579397	,15843072	,16040449	,16106755	,16435459	,16172805	,16370689	,16701737	,16640953	,15977738	,14582275	,14112001	,13981189	,13925127	,14199045	,13866242	,13665795	,13601027	,13920262	,13776641	,13313024	,
8880901	,8421120	,8419074	,8807426	,9853184	,11557894	,12082947	,11231488	,11431939	,12157952	,12292612	,12356354	,12749312	,12288000	,11890946	,11563010	,11695362	,12153603	,12217605	,12150797	,11560489	,15709701	,15974403	,14585124	,14586151	,14391832	,14524674	,15051521	,15447042	,15776258	,15974918	,16238850	,16240128	,16305413	,16371457	,16371968	,16700933	,16640654	,16309031	,15566593	,14306819	,14255872	,14395393	,13993728	,14050307	,13986306	,14190338	,14059268	,13252864	,13181956	,
8944932	,8678661	,8936705	,9262592	,11033347	,12278532	,11821313	,11366659	,11632640	,11961091	,11763461	,11697920	,12354053	,12417795	,11824385	,11824389	,11628803	,11958273	,12154624	,12154369	,11889165	,13601301	,15511053	,14715948	,14389801	,14259729	,14721024	,14854918	,15643908	,15777537	,16238339	,16371714	,16437761	,16700932	,16504323	,16438788	,16701440	,16705918	,16441920	,15632896	,15038982	,15313664	,14519043	,14444549	,14376449	,14245893	,14380035	,14384132	,13516289	,12722690	,
9005871	,8672777	,8802563	,10180866	,11688965	,11886849	,11628288	,11763715	,11698179	,11367425	,11169027	,11366657	,11893250	,12288002	,12154880	,11825408	,11890946	,12088840	,12155650	,12089605	,12482055	,12414749	,14191141	,14518828	,14192416	,13997577	,14720513	,15051522	,15381765	,16105472	,16435716	,16635139	,16702470	,16702470	,16636929	,16636931	,16702208	,16640615	,16506965	,15506432	,16032280	,16424731	,14774280	,14705666	,14770693	,14902016	,14707717	,15225349	,14432001	,12395776	,
8870949	,8801536	,9195264	,11098372	,12212999	,11824389	,11632388	,11632899	,11105284	,10839810	,11101444	,11364866	,11497730	,12024577	,12221441	,12089089	,12219648	,12285957	,12222467	,11827459	,12154369	,12348955	,14189360	,14453805	,13929502	,13800964	,14523394	,15050754	,15446788	,16170754	,16502275	,16701962	,16704076	,16703569	,16572434	,16572672	,16506372	,16704060	,16112444	,15641600	,16294664	,16025610	,15034880	,15230729	,15819521	,16016645	,15096322	,15353604	,15154945	,13052162	,
8737820	,8867328	,9851392	,11819785	,12150019	,11696640	,11764226	,11171328	,10707971	,10641921	,10969858	,11101442	,11233026	,11496451	,11891459	,12088837	,12220673	,12286209	,12287747	,12025088	,11103233	,12349468	,14255407	,14388012	,13863968	,13996811	,14327046	,15116036	,15642881	,16105474	,16371456	,16636448	,16704109	,16508280	,16704563	,16703744	,16703232	,16704555	,16111140	,15706112	,16489987	,15631107	,14645249	,14055168	,14318081	,14382596	,15033604	,15292162	,15420161	,14235398	,
8670989	,8801536	,10506759	,11886095	,11825666	,11698945	,11631109	,11036930	,10705920	,10706432	,10772226	,10772228	,10969346	,11100931	,11298560	,11562242	,11497217	,11957252	,12154884	,12025090	,10643712	,12348964	,14124337	,14256173	,13797916	,13995785	,14522883	,14984707	,15642629	,15909376	,16437248	,16703027	,16703865	,16703855	,16704557	,16702976	,16506624	,16374816	,15844888	,15968256	,15965703	,14714113	,13993475	,14653699	,15769349	,15634694	,15235585	,15362818	,15361538	,15751685	,
8669960	,9062912	,11227662	,11886608	,11630850	,11830018	,11104514	,10575874	,10836225	,10771200	,10705922	,10705924	,10771968	,10706433	,10903810	,11100929	,11298562	,11495938	,11693569	,11958022	,11038721	,12085530	,13993003	,14058794	,13797916	,13798921	,14587396	,14722307	,15511552	,16171264	,16503818	,16507489	,16639375	,16639353	,16638740	,16571136	,16702213	,16177172	,15776782	,15769856	,14718212	,14325506	,16102402	,16496647	,16558850	,16158977	,15759367	,15558659	,15557123	,15754243	,
8603913	,9456130	,11621650	,11954182	,11828480	,11631360	,10643201	,10312453	,10770181	,10508291	,10377216	,10377216	,10443264	,10377986	,10706435	,10902785	,11100161	,11232001	,11495169	,11759873	,11039491	,11756829	,14123310	,13993254	,13863708	,13666579	,14258441	,14523907	,15247618	,16103940	,16568833	,16638539	,16704666	,16704374	,16637198	,16505347	,16438528	,16239119	,15644169	,15638276	,14786306	,16567044	,16698631	,16562945	,16167682	,16422402	,15889411	,15624452	,15820036	,15556096	,
8603400	,9718788	,11622935	,12022016	,11829505	,11301380	,10641410	,10573570	,10376960	,10180356	,10114561	,10179586	,10311426	,10377219	,10574336	,10836740	,10902018	,11230724	,11231747	,11627776	,10974208	,11362595	,13859885	,14255656	,13797908	,13795608	,13928726	,14126603	,14325512	,14787847	,15775493	,16698638	,16636983	,16702756	,16569344	,16109833	,16305664	,15909900	,14854918	,15639040	,16372269	,16702224	,16632320	,16630274	,16365061	,16162564	,15890944	,15885828	,16016387	,15491332	,
8471814	,9783817	,11950869	,11892228	,11960065	,11038723	,10508545	,10507524	,10245379	,10113793	,10048002	,10113793	,10179840	,10311426	,10442499	,10508292	,10836229	,10967811	,10968576	,11628289	,11237379	,11032865	,13269808	,13861417	,14190613	,13467159	,13400094	,13794844	,13663519	,13664787	,13929226	,14851330	,15644161	,16106496	,16173059	,15911168	,16173837	,15643407	,14719744	,15708957	,16705389	,16570376	,16631808	,16171012	,16497158	,16096512	,15759367	,15952132	,15820036	,15295234	,
8274948	,10242576	,11690006	,11892993	,11894531	,10839808	,10507522	,10441218	,9982977	,9917186	,9917186	,9917186	,9982977	,10179586	,10245633	,10376706	,10376705	,10574084	,10967554	,11168513	,11171077	,10637083	,13068324	,13729838	,13731863	,13533201	,13006369	,12873502	,13201955	,13136926	,13333776	,13795079	,14061062	,14720773	,15053061	,15514113	,16042001	,14918918	,15112962	,16037413	,16705369	,16635139	,16106244	,16235267	,16103170	,15832835	,16084482	,15886080	,15688962	,15033604	,
8274949	,10110737	,11624983	,11762688	,11631875	,10773507	,10507522	,10375427	,9785857	,9720066	,9654273	,9720067	,9851652	,9982979	,10113793	,10245633	,10310912	,10508291	,10705154	,11102208	,10315525	,10695954	,13123085	,13597740	,13796386	,13864451	,12940313	,12742695	,12610595	,12807458	,13136672	,13465360	,13598979	,14060032	,14326017	,14986504	,15314951	,15841799	,15772683	,15776531	,16571664	,16173057	,15710981	,16104194	,15970563	,15764482	,15689476	,15623431	,15295745	,15033089	,
8209676	,9585935	,11821080	,12025090	,11500289	,10838017	,10441218	,10113282	,9720066	,9654274	,9654274	,9654274	,9720066	,9785857	,9851393	,9917184	,10179586	,10310913	,10508292	,11168514	,9919755	,11413770	,12660992	,13529890	,13598252	,13732877	,13404169	,12546335	,12480292	,12480292	,12808226	,13071901	,13335573	,13730307	,13797890	,14192386	,14914051	,16369674	,15902991	,15774223	,16172808	,15644161	,15512070	,15906561	,15838720	,15957764	,15491591	,15492097	,15426820	,14967811	,
8406550	,8994827	,11623700	,12156674	,11895299	,11034624	,10375427	,9785346	,9654020	,9588481	,9588481	,9654273	,9654273	,9720066	,9720066	,9851139	,10179588	,10049024	,10705922	,10382080	,10111242	,12391170	,12070400	,12080651	,13400361	,13598756	,13667592	,13074695	,12808479	,12742181	,12874781	,12940323	,13138194	,13533956	,13400586	,13791237	,14784256	,15778049	,15047430	,15113475	,15183618	,15247873	,15380487	,15511045	,15443207	,15432196	,15557376	,15623169	,15426052	,14639875	,
8670760	,8468743	,10835725	,12090368	,12289538	,11363585	,10375173	,9720067	,9588227	,9522434	,9522688	,9588480	,9588480	,9654274	,9720067	,9785860	,10048004	,9786624	,10970372	,10381571	,11219712	,12325120	,11150083	,10692357	,11618572	,13332773	,13466657	,13338376	,12747271	,12875033	,12939296	,13071898	,13532172	,13135886	,13921550	,14118656	,14194944	,14985986	,14325251	,14455042	,14590978	,14656773	,14788608	,15116032	,15311619	,15235331	,15621891	,15622657	,14901766	,14312450	,
8672821	,8207382	,10307601	,12089091	,12421377	,11562242	,10375427	,9588481	,9457154	,9457152	,9457152	,9457152	,9588227	,9588227	,9654274	,9720067	,9982977	,10443009	,10644741	,10507524	,11998209	,12062977	,10296576	,10362112	,10430725	,11287044	,12014611	,12476438	,13004298	,12810496	,12942596	,13072902	,12606722	,11944965	,13920539	,14250507	,13993728	,14194180	,14323974	,14388485	,14327809	,14328325	,14393348	,14788611	,15247107	,15368452	,15163909	,15098114	,14442755	,13984772	,
8740415	,8275499	,9580816	,11627010	,12355585	,11563521	,10441216	,9588480	,9261056	,9326336	,9326336	,9457154	,9457156	,9522434	,9588481	,9785859	,9852416	,10707973	,10382850	,11287040	,12583174	,11996930	,9967104	,10360579	,10363649	,10366213	,10431488	,10560769	,10693384	,10827264	,11221504	,11217921	,10886912	,11809799	,13856294	,13922330	,13662721	,13404420	,14260737	,14454529	,14522883	,14197252	,13736450	,14130180	,14590721	,14653699	,14319104	,14510592	,14180611	,13788162	,
8609605	,8608318	,9579552	,11027973	,12026370	,11697154	,10509056	,9785349	,9457154	,9326338	,9326336	,9260804	,9457152	,9522947	,9588993	,9785346	,10248192	,10578946	,10115586	,11609858	,12454146	,11801345	,9967361	,10162947	,10361345	,10170370	,10562307	,10430210	,10101760	,10167552	,10429442	,10756355	,10952707	,11612929	,13855257	,14118165	,13074432	,13538306	,13274885	,14191361	,14652419	,13338368	,13404161	,13864964	,13930757	,14257411	,14186753	,13335044	,13264899	,13722370	,
8412741	,8609348	,9453354	,10361600	,11295747	,11633152	,10906882	,9786117	,9588993	,9392131	,9391361	,9456643	,9456903	,9523200	,9719554	,10116354	,10513668	,9851904	,10241282	,11609346	,12715267	,11996930	,9769985	,9507584	,10097922	,10035712	,10104320	,10235136	,10168580	,10233859	,10364420	,10429442	,10755585	,11809281	,13920262	,13662982	,13143299	,13208576	,12678659	,13201669	,14323204	,13404674	,12942599	,13074432	,13207043	,13468163	,14119936	,14053890	,12482560	,13198856	,
8281671	,8412487	,8999232	,10293771	,10427904	,11429376	,11960326	,10773504	,9523714	,9326338	,9260544	,9523200	,9392128	,9655552	,10378758	,10644230	,9982725	,9972231	,10437380	,10889216	,12192518	,11864579	,9638400	,9376003	,9769472	,9901058	,9709570	,10038273	,9840896	,9644032	,10430721	,10625536	,10689536	,12072450	,13466112	,13077504	,13011464	,12611334	,12741120	,12479745	,13531394	,13800453	,12814082	,13203459	,12811264	,13007873	,13334275	,13857792	,13073155	,12610819	,
8281669	,8216907	,8870985	,9971990	,10358528	,9969921	,10442752	,10840064	,10312704	,10311940	,9984001	,10115587	,10248704	,10840578	,10840832	,9980416	,8853760	,10298884	,10375427	,10563074	,12456965	,11670272	,9376256	,8916992	,9113600	,9441297	,9247255	,9315853	,9643776	,9774336	,9972484	,10298884	,10296320	,11749894	,13012485	,12945922	,13269505	,12609283	,12544000	,12413953	,12413442	,13139457	,13211136	,13140740	,12679425	,12809732	,12874755	,13400837	,13468673	,12682499	,
8085319	,8019780	,8609866	,9585712	,10948353	,10423298	,8719878	,8463105	,9191939	,10377986	,10643203	,10708226	,10839299	,10113797	,9254411	,9245707	,9374211	,11292417	,10114816	,10236418	,11998722	,12130563	,9835520	,9310979	,8916483	,9375250	,8853018	,8854546	,9315075	,8921346	,9443587	,9902336	,10099715	,12217344	,13274883	,12745217	,13463040	,12872963	,12150531	,12412161	,12282115	,12478469	,12613634	,13274119	,13404416	,13009665	,13142020	,13339649	,13798406	,12288000	,
8217159	,8479559	,8611145	,9002825	,10626069	,11145220	,9965824	,8261898	,8065800	,8593417	,8993048	,9653278	,10113580	,9454896	,8994096	,9126198	,9585959	,11820555	,10113536	,9780226	,11606533	,12130820	,10232064	,8855553	,8461824	,8656391	,8917018	,9251600	,10242561	,10639361	,11164416	,10699780	,11092737	,13338881	,12878597	,11755522	,12806658	,13070596	,12478720	,12150529	,12282117	,12348416	,12348162	,12283398	,12874757	,12614657	,13273351	,13796609	,12745220	,11890182	,
8744267	,8875600	,9203282	,8546381	,8931113	,10754306	,10950145	,9377030	,8527891	,8928292	,9326901	,9589303	,9654074	,9522237	,9586998	,9587511	,9655362	,9789504	,9854234	,9061888	,10952707	,12456704	,11082501	,8722950	,8329474	,8461312	,10176005	,11237120	,11765506	,11499523	,11102210	,11035136	,11101444	,12748292	,12551424	,11623683	,11689984	,12610051	,12938499	,12217090	,12413190	,12675587	,12217090	,12479233	,12545030	,12612099	,13071107	,12940800	,11760640	,12017681	,
8547664	,8743760	,8809553	,8283462	,7951417	,9125408	,11345408	,11084292	,9519400	,9918267	,9786931	,9523763	,9391411	,9457716	,9720118	,9850934	,9720627	,9787709	,9529670	,9133080	,9449218	,12193024	,12324866	,9050880	,8527618	,10705154	,11830276	,11303936	,10313985	,10047236	,9915136	,10111491	,10440192	,12353795	,13079808	,12219396	,11427073	,11493380	,12150529	,12544258	,12282883	,12348676	,12545026	,12480513	,12546308	,12742917	,12415235	,12157444	,11365892	,11951887	,
8153165	,8154194	,8678474	,8216638	,8084541	,8150070	,9193507	,10634272	,10180404	,9787701	,9525558	,9460018	,9592367	,9461807	,9593394	,9986614	,10182712	,10312758	,9658694	,9335612	,9127690	,11343104	,13041667	,11407877	,10837508	,11831297	,10908673	,9721093	,9324546	,9980416	,10111493	,10307843	,11757570	,13405442	,13077508	,12288000	,11628037	,11824640	,12021507	,11362561	,12018692	,12216322	,12217344	,12282887	,12283396	,12152578	,11956994	,12485379	,11364864	,12017429	,
8153165	,8350796	,8152387	,7692341	,7954487	,7953969	,8609070	,9918010	,9853496	,9854258	,9855790	,9726765	,9728305	,9794355	,9794355	,9859891	,10187061	,10249783	,10051126	,9859147	,8940325	,9384706	,11278081	,12274432	,12224517	,11302914	,9589761	,9127425	,9455616	,9980672	,10635525	,10309123	,12152578	,13143810	,13076227	,12352002	,11628289	,11824389	,11758081	,11296770	,11296770	,11493379	,11427333	,11428354	,11495171	,12087297	,12155648	,12354304	,11231235	,12345106	,
8153935	,8350538	,7692604	,7428656	,7822124	,8082978	,9263409	,9918519	,9592374	,9791537	,9794605	,9862191	,9795887	,9729582	,9664815	,9469233	,9731635	,9861942	,10512439	,10184260	,9600575	,8930056	,9914114	,12224513	,11697920	,11229954	,10896387	,9848067	,9979653	,10571264	,10573570	,10309891	,12217090	,13013251	,13206531	,12153091	,11694082	,11627527	,11625984	,11295749	,11164931	,11033347	,11361794	,11558659	,11165696	,12086787	,13208840	,11958786	,11296776	,12604679	,
8022860	,7891014	,7363891	,7297070	,7362077	,8344859	,9918260	,10050608	,9791537	,9859887	,9862193	,9731122	,9598768	,9532975	,9402672	,9468979	,9666358	,9798967	,10124603	,10184763	,9797445	,9132055	,11300353	,12420865	,10447875	,9324544	,10765056	,11813890	,11551748	,10898948	,10639363	,10700288	,12084226	,13275394	,13075457	,12021505	,11628289	,11299842	,11494145	,11163650	,10967554	,11164161	,10836480	,11163911	,11361280	,12020992	,13473028	,11299842	,11754241	,12135939	,
8022601	,7824192	,7427374	,7100194	,7556616	,8999716	,10050103	,9920821	,9859887	,9927474	,9599536	,9532977	,9532979	,9533745	,9468463	,9599536	,9665844	,9732151	,9799737	,9992764	,9599815	,10188838	,12748800	,11369478	,9785600	,10436354	,11091968	,10699264	,9914368	,9586688	,10046211	,10766082	,11951621	,13340929	,13272834	,12218371	,11496452	,11234560	,11165442	,10966786	,10967300	,11032068	,11032068	,11032066	,11623687	,12086272	,12089859	,11494147	,11942145	,11476992	,
7759686	,7298359	,6968105	,6705677	,7816969	,9721391	,9985080	,9726262	,9861681	,9600049	,9206061	,9270575	,9532979	,9598768	,9467950	,9533743	,9403697	,9796915	,9929267	,9798718	,9402955	,10978344	,12946944	,10838786	,10371587	,10568194	,10044928	,9454850	,9323777	,8996352	,9783298	,10570498	,11490820	,13472515	,13996547	,12612101	,11364614	,12023044	,10968324	,10638850	,10900482	,10835716	,11162624	,11294722	,11689216	,11823110	,11890432	,11748614	,11542272	,11476740	,
7759175	,7034928	,6705434	,6637824	,8210452	,9984050	,9985333	,9728816	,9796915	,9467950	,9401391	,9467184	,9402161	,9336368	,9336879	,9402672	,9533998	,9993266	,9731886	,9535547	,9074758	,10452778	,12027136	,10703361	,10239746	,9650948	,9061634	,9191939	,9389057	,8931329	,10045184	,10112002	,10964225	,13206530	,14458116	,12743937	,11824640	,12548609	,10902272	,10704128	,10834434	,10835968	,11163652	,11164163	,11952899	,12285187	,12083458	,11478273	,11213568	,11410950	,
7693636	,7034926	,6638604	,6832641	,8999450	,10115379	,9987125	,9991984	,9338159	,9205293	,9466673	,9531953	,9401389	,9270571	,9599022	,9598509	,9402157	,9664812	,9861934	,9403701	,9271369	,10320173	,11497732	,9979905	,9519875	,8471808	,8798210	,8864514	,9585409	,9389569	,9914625	,9784320	,10503941	,12216576	,13933316	,13007875	,12482560	,12482820	,10769670	,10900480	,11162374	,10769923	,11294720	,11952388	,12153856	,12153090	,11678209	,11147011	,11344905	,11223311	,
7693382	,7034411	,6439683	,7358977	,9658662	,10311735	,10053426	,9796147	,9140016	,9138735	,9400625	,9401393	,9401393	,9467184	,9401391	,9467182	,9467435	,9599022	,9795624	,9534256	,9074244	,10320424	,10969856	,9650688	,8995841	,8471553	,8667905	,9191937	,9126914	,9127427	,9127680	,9849859	,10112001	,10963714	,12485381	,13274369	,12876804	,11364608	,10834947	,11097089	,11031298	,11031299	,11820802	,12612612	,12547589	,12076039	,11213569	,11146246	,11156491	,10700802	,
7627589	,6968355	,6569986	,8214535	,10053416	,10180919	,9923121	,9533745	,9008430	,9072942	,9269807	,9401393	,9401391	,9401391	,9466669	,9467436	,9532715	,9532716	,9597995	,9270832	,9007937	,10253857	,10508544	,9061125	,8405762	,8471555	,8668164	,8471553	,8602112	,8472064	,8995332	,8864256	,9521409	,10308353	,10833668	,12549379	,11693828	,10377988	,10966273	,11228929	,11492352	,12019968	,12744448	,12480266	,12341533	,11478023	,10886400	,11345924	,10500869	,10430212	,
7430723	,6902815	,6766592	,8938759	,10316329	,10115638	,9858098	,9467952	,8942637	,9072942	,9269807	,9335598	,9335598	,9335598	,9335596	,9401389	,9466922	,9466409	,9664301	,9336368	,8745019	,10318106	,10113793	,8339968	,8143363	,8142849	,8274435	,8078592	,8274948	,8406272	,8339202	,8732928	,9127940	,9652741	,10570498	,11426306	,10377984	,11823877	,12809478	,12678656	,12481798	,12217100	,10896924	,11618347	,11679250	,11016706	,10886146	,10626560	,10234625	,10234625	,
7299137	,6968097	,7029504	,9334531	,10250535	,10180918	,9726773	,9336366	,9007662	,9072943	,9072943	,9269807	,9269805	,9269805	,9401391	,9401391	,9466671	,9597228	,9466923	,9336366	,8744504	,10383374	,9260545	,8012546	,8142850	,8078339	,7946753	,8013056	,8142849	,8405762	,8143104	,9062145	,9193984	,9587970	,11497478	,11697152	,9655552	,9983490	,11102723	,11958786	,10768152	,10302764	,9842985	,10629920	,11214596	,11015427	,11017472	,10364928	,10299650	,10169091	,
7364932	,7229987	,7358720	,9664001	,10317093	,10180918	,9791285	,9335598	,9007149	,9007150	,9007150	,9072942	,9204014	,9072942	,9269807	,9335598	,9334832	,9663539	,9532205	,9073202	,9202735	,10580739	,8669696	,7815427	,8077569	,8012546	,8013059	,7946752	,8667653	,8143616	,8800002	,8799489	,8997634	,11170305	,12028160	,10970885	,10308354	,10504193	,9979907	,10444544	,10248200	,9844004	,9843755	,10429712	,10950147	,10753795	,10692353	,10299139	,9907200	,10172933	,
7430212	,7426338	,7752193	,9796354	,10318106	,10050097	,9921331	,9334832	,8941356	,8941357	,8941870	,9007149	,9007149	,9007150	,9007150	,9204014	,9400627	,9598004	,9663537	,8677943	,10844442	,10975489	,8407554	,7815680	,7881473	,7881473	,8011776	,8143363	,8339971	,8340482	,8471808	,8537346	,10251013	,11568387	,11303936	,10048000	,10371840	,9781505	,8995330	,8930304	,10183680	,9848088	,9446950	,10755335	,10623490	,10755328	,10102018	,10170112	,9976576	,9648642	,
7430210	,7819556	,8211456	,9862400	,10189069	,10051627	,9985329	,9268530	,9072428	,8941357	,8876077	,8941357	,9007150	,8941616	,8941616	,9072943	,9466418	,9401140	,9204531	,8741685	,12222985	,11830018	,8670210	,7815425	,7815425	,7815425	,8143362	,7880961	,7947266	,8406273	,8340995	,9526021	,10845443	,11173379	,10576387	,10176768	,8930050	,8536068	,8536580	,8798212	,9459202	,9853193	,10034721	,11015938	,10624001	,10167298	,9383680	,9517056	,9254400	,10238210	,
7430210	,8278824	,8605184	,9993216	,10322180	,10316329	,10115636	,9201456	,9072428	,8875564	,8875823	,8810030	,8875566	,8810032	,8810032	,9006898	,9400625	,9466418	,8679222	,8475690	,11101440	,12157956	,9196802	,7618816	,8077570	,7815427	,7946753	,7684608	,8078339	,8144384	,8471814	,10120705	,10779650	,11040002	,9588481	,8602114	,8142849	,8208643	,8667136	,8274176	,9390337	,9724166	,10426388	,10750464	,10820867	,9712129	,9385217	,9122563	,10302469	,10507298	,
7299137	,8084528	,8343554	,9992706	,10192640	,10386706	,9919540	,9985844	,8744237	,8809519	,8809519	,8612651	,8679216	,8613169	,8810034	,9007152	,9007662	,9202735	,8546609	,8995853	,9254913	,11369477	,9987840	,7815425	,7684608	,8012293	,7881218	,7685122	,8078339	,7947266	,8934400	,9794822	,10450688	,9591299	,8340482	,8077057	,8142337	,7945472	,8339201	,8470787	,8799493	,9855233	,11016967	,11206913	,10822401	,9516802	,9253632	,10236675	,10374170	,9399623	,
7298373	,7297848	,8081168	,9859073	,10258435	,10193666	,9661219	,9788465	,9070385	,8547626	,8482348	,8809268	,8546609	,8482098	,8678962	,8746031	,8941356	,8350259	,8480289	,9320707	,8398337	,9784577	,11303171	,8670979	,7881473	,8012544	,7947266	,8012293	,8275202	,8078592	,9398532	,10254084	,10116865	,8536320	,7814144	,7749376	,7880707	,7749123	,8011264	,8208130	,8536832	,9855235	,10827791	,11933194	,11020289	,9319424	,10760453	,10242848	,9399111	,9137734	,
7101506	,7102271	,7623454	,9201153	,10258437	,10326533	,8944905	,9398050	,9527600	,9135665	,8613423	,8547628	,8613171	,8613423	,8941357	,8876077	,8742447	,8154659	,9328907	,9379328	,8068355	,8005122	,9981958	,10250496	,8014336	,7750402	,7685122	,8275200	,8210176	,8932608	,10842372	,10116865	,9061376	,8272644	,7683077	,7421440	,7683841	,7552003	,7683328	,8011777	,8275200	,9524995	,9654561	,10638659	,11222033	,10764819	,10180143	,8938815	,8875338	,9201466	,
6905406	,6904640	,7232818	,8478470	,9995776	,10721027	,9735425	,8090121	,9004582	,8938284	,8677935	,8612655	,8743730	,8612140	,8809003	,8546351	,8155174	,8746511	,10039296	,9506049	,7209222	,7209992	,7144456	,8333825	,9326084	,9327876	,9131526	,9657858	,10116101	,10314244	,9788929	,8339971	,8600833	,7879937	,7224321	,7355652	,7552003	,7552003	,7552771	,7749121	,8471040	,9262849	,9453856	,9000503	,8935476	,9136202	,9072978	,8742725	,8744516	,9331764	,
6774851	,6969923	,7102269	,7691300	,9141506	,11050496	,11050497	,8027904	,7893255	,8352274	,8483100	,8678947	,8350502	,8219176	,8285218	,8484380	,8224779	,8998402	,10556419	,9113600	,7013124	,6947077	,7012870	,7077901	,7670023	,9125888	,9982977	,9195009	,9656581	,9660160	,9396743	,8010753	,8338688	,7355392	,7224578	,7224321	,7617797	,7486210	,7355904	,7815429	,8669184	,10315012	,9123854	,9852438	,10973708	,11108624	,10779954	,9398837	,8874820	,9461808	,
6577986	,6905410	,7101249	,7036475	,8088098	,10458884	,11314177	,9736454	,7961344	,8026113	,8222720	,8157444	,8025357	,7960328	,8224516	,8356619	,7826977	,8526361	,10750977	,9638147	,7210499	,7274764	,7340044	,7602690	,7276804	,7741952	,7872256	,7215616	,8802561	,10056963	,9526786	,8666114	,8272896	,7158528	,7289859	,7290112	,7224320	,7486210	,7355907	,7617537	,8734977	,9525506	,9061632	,11565568	,12289540	,12225538	,10974208	,10448391	,9859109	,9592364	,
6708291	,6775103	,7233854	,6970433	,7035963	,8420387	,10459659	,10593280	,9212161	,8092419	,7960320	,7830272	,7960839	,8092676	,8094222	,8090662	,7558726	,7611681	,10423041	,10424320	,7602436	,7536653	,7406602	,7340298	,7344384	,8267266	,7873799	,7149825	,9262849	,10384900	,9853444	,8862465	,7813376	,7290371	,7223809	,7290114	,7224832	,7289602	,7224066	,7683328	,8473857	,9262596	,10579459	,11369475	,11631107	,9527299	,8738051	,9461504	,10447873	,10117142	,
7036227	,6577221	,6643268	,7036227	,6839364	,6774082	,7367992	,9013027	,9540376	,8818199	,8553748	,8421908	,8421911	,8486431	,7892529	,8017480	,8016203	,7422524	,9899524	,10948864	,8520969	,7077903	,7471114	,7602187	,7671305	,8005632	,7808002	,7280385	,9393669	,10187521	,9656833	,8403201	,7683330	,7027969	,7289601	,7290114	,7093763	,7223555	,7355907	,7814914	,8867586	,9922305	,11106306	,11172352	,9658883	,8344065	,8409604	,8935427	,9724417	,10118148	,
7298886	,7036227	,6773571	,6773830	,6905670	,6905159	,6839366	,7364938	,7695427	,8024643	,8156478	,8221757	,8154946	,8087624	,8020301	,7558726	,7427138	,7951435	,8466477	,11014912	,9636356	,7536652	,7471882	,7471113	,7541760	,8332546	,7939072	,8394500	,9984770	,10647813	,9722112	,8535041	,7749125	,7224321	,7290114	,7093760	,7289350	,7158273	,7355652	,8340992	,9066240	,10317314	,11041793	,10053633	,8211715	,8410626	,8541442	,8213506	,9396228	,9922309	,
7167300	,7298888	,7233352	,6970950	,7036743	,7365192	,7430985	,7496778	,7430731	,7430735	,7364942	,7562319	,7562060	,7693133	,7955278	,7954254	,7622720	,7885642	,8017231	,9450535	,10819078	,8586240	,7471116	,7602185	,7671303	,8333056	,8856321	,8854272	,10575876	,11829505	,10312452	,8207362	,7421187	,6897413	,7028224	,7027970	,7224320	,7421185	,7486210	,8736003	,9329921	,10778119	,10909956	,8605696	,8080640	,8279042	,8672769	,8475651	,9133056	,9857797	,
7167300	,7233095	,7167559	,7167559	,7233354	,7364940	,7430474	,7430220	,7430472	,7364681	,7430220	,7496013	,7562060	,7430474	,7692363	,7758156	,7888204	,7492681	,8017480	,7885643	,8799288	,9120539	,8718342	,8781824	,8718593	,9642500	,9123603	,8403979	,9722112	,11501313	,10250496	,8928769	,8077056	,7158786	,7157762	,7092995	,7290112	,7356418	,8012806	,9392640	,9791489	,10975747	,10053891	,7619077	,8212995	,8213249	,8540929	,8606722	,9067264	,9726470	,
7101509	,7101768	,7167559	,7167813	,7167559	,7167559	,7233606	,7299145	,7364679	,7298886	,7430472	,7364681	,7561806	,7496013	,7561547	,7561545	,7889742	,7888715	,7952455	,7821130	,7558728	,8017732	,9195322	,8993832	,8601386	,8868149	,8347726	,8016177	,8668160	,11172098	,11170048	,9388805	,8601346	,7290112	,7289601	,7290114	,7028224	,7618048	,9064193	,9656833	,10450693	,11173377	,8869634	,7619588	,8016129	,8016129	,8409347	,8475649	,9198849	,9528840	,
7035977	,7101768	,7101768	,7101768	,7101766	,7167559	,7167561	,7167559	,7233356	,7364431	,7430224	,7430220	,7167302	,7430220	,7496015	,7561808	,7627091	,7757899	,8151885	,8478031	,8608843	,8479050	,8152655	,8283211	,7561800	,8020552	,8347723	,8281669	,7750687	,10579200	,11566848	,9916932	,8600841	,7355904	,7355652	,7421187	,7355905	,8407554	,9327616	,8540933	,10253568	,10844416	,8211456	,8080642	,7884544	,7950337	,8343811	,8410628	,9133056	,9397004	,
7035464	,6970182	,7035977	,7101770	,7035975	,7035977	,7101516	,7233356	,7167813	,7101766	,7298634	,7364427	,7233354	,7364940	,7496015	,7430222	,7758158	,7561806	,7823692	,8217678	,7823438	,8085842	,8020817	,8217680	,7823175	,7757899	,8282698	,8347213	,8280390	,8738348	,11961094	,11236866	,8603392	,7553025	,7290112	,7224320	,8342022	,9919237	,8271617	,8475140	,10516227	,10383361	,7816705	,7949824	,8015363	,7950083	,8081664	,8279042	,9001472	,9266197	,
6970184	,6970184	,6904391	,6970184	,6970182	,6970182	,7035975	,6905159	,7036491	,7035977	,7101766	,7167559	,7299147	,7233102	,7298895	,7298895	,7299147	,7626837	,7627599	,7758160	,7758158	,7693646	,7823951	,8021071	,7889746	,7429711	,7561549	,8217933	,8216907	,7624781	,9717533	,11625984	,10905601	,8867586	,8211715	,8738048	,9656835	,8926976	,7740160	,9003523	,10713093	,10053891	,7883781	,7884544	,7884290	,7884290	,8015616	,8541442	,9001984	,8872994	,
6839112	,6839114	,6839112	,6839112	,6773321	,6773321	,6904905	,6905420	,7167309	,7035977	,7035977	,7299149	,7233102	,7168079	,7364942	,7299145	,7430735	,7561555	,7496015	,7561298	,7496524	,7627342	,8021328	,7758676	,7759437	,7956307	,7626321	,7495762	,7627601	,7954258	,8278860	,9576723	,10364420	,10236426	,9913095	,9318921	,8526861	,8331266	,8267264	,9398273	,10976002	,9593858	,7621636	,7688194	,7621888	,7687683	,7883779	,8475648	,9002498	,8545328	,
