7629929	,9007748	,10058647	,11247028	,10324638	,11045540	,11442097	,8680565	,8747640	,8677466	,8151903	,9270910	,9795709	,9666943	,10852246	,11641763	,10718608	,9271421	,10459296	,9333867	,6752260	,7605508	,8721422	,10048854	,11383228	,11908545	,11116974	,9589847	,8528420	,8074296	,8340042	,9250595	,10035738	,9522005	,9076875	,9735826	,9601679	,9263988	,8932705	,9656428	,10513025	,9660027	,8477544	,8011076	,8270396	,10189451	,9332085	,8405324	,8804971	,8607338	,
3490327	,4081702	,5789509	,8354171	,10126744	,11572915	,10849701	,7493721	,8746617	,9272955	,6838083	,6440764	,8282461	,9336701	,10127508	,11575970	,9206631	,5520157	,6244660	,6435877	,6361352	,7408644	,8850439	,10043978	,11248309	,12304847	,11908033	,9522255	,8134940	,7674393	,7934988	,8723983	,9841191	,10245729	,9801114	,9405838	,9006460	,9001582	,9200751	,9400190	,10450055	,11171987	,9137276	,7884631	,7418940	,7419718	,6431791	,6166049	,5706781	,5443867	,
4210726	,2962704	,2963723	,3358740	,4475689	,6251863	,8025206	,7955052	,7622999	,9272955	,8017480	,5117449	,6633525	,6437939	,7164487	,8549483	,6053696	,4148757	,4605974	,4278550	,5062937	,5322518	,6237710	,7287064	,8342601	,9859702	,9395809	,7673873	,7934988	,8067091	,7805459	,8205632	,8800080	,9392217	,9140868	,8747135	,9204865	,9074306	,8220526	,7166801	,6966601	,6309706	,3813422	,3152662	,5906727	,5771291	,5707033	,5904418	,5379097	,5575706	,
10256537	,8086638	,5459780	,3818529	,3094541	,2833164	,3227673	,4476208	,4934190	,6115904	,7754322	,5971485	,5575945	,7086363	,7614499	,5844771	,4925979	,4467468	,4338962	,3947803	,3751956	,3819032	,3622427	,3753239	,4145677	,4603158	,4470036	,4795921	,5385237	,5909275	,6564382	,6894125	,7550777	,7352885	,6308677	,5456442	,5126202	,4666424	,4273196	,3287070	,3484960	,3943718	,4991528	,4791069	,5511202	,5248028	,4788759	,5774122	,5576736	,5640986	,
11375281	,11507890	,10062493	,8679813	,6311247	,4407596	,3553817	,3161361	,3293462	,3557398	,4279081	,5392696	,5386789	,6168094	,6695208	,6697778	,6103582	,5705475	,6230277	,6500650	,6310463	,5123354	,4925712	,4601113	,4274971	,3618830	,3225876	,2898965	,2833172	,3093779	,2830864	,2829839	,2762518	,2236436	,3088922	,3285014	,2236435	,4078380	,5522754	,3419427	,2960159	,4070427	,5969183	,5903390	,5379357	,5509660	,5313821	,5576223	,5576223	,6234663	,
11045801	,10127769	,10654632	,9336464	,8280175	,7358311	,6900054	,4932660	,3948833	,3555607	,3359767	,3426325	,4017438	,4802077	,5714974	,6102038	,5836807	,5901062	,6425345	,6493191	,6298136	,5835529	,6686980	,9065304	,10193301	,9467773	,7950933	,5841942	,5646865	,4861722	,3813399	,3025163	,2301967	,1841678	,2759957	,4733998	,5918539	,5063232	,3747621	,3945260	,4339758	,5125424	,6171440	,5709862	,5511453	,4921367	,4331545	,6171944	,7092542	,7818828	,
10259104	,10717351	,11178928	,10917804	,8742268	,7359325	,7361130	,5327426	,3488292	,4208927	,4601626	,4078878	,3424020	,3293462	,3820572	,4475929	,4931351	,5648671	,5906199	,5966080	,5572610	,5048321	,5966080	,8732226	,11242652	,11443631	,9989504	,9322049	,9642262	,9908527	,8929607	,8008754	,8206133	,6242623	,6179653	,6179653	,4534830	,2629392	,2629398	,2826266	,4006694	,5120813	,5643566	,5248808	,5445157	,4920860	,4528159	,7290685	,8735059	,9521493	,
10453411	,10982319	,9995672	,8810118	,9204876	,9403536	,7102823	,4474425	,3552034	,5184788	,6689034	,6298390	,4993571	,4146467	,3882780	,3360021	,3361048	,3951904	,4804908	,5062436	,5643021	,5967364	,6492170	,7745586	,9060429	,9787747	,10642543	,9923702	,9385530	,8858412	,7814974	,7030599	,7621196	,7822684	,7558487	,5257268	,3942693	,3352861	,3090202	,2233878	,4068897	,5118249	,4724776	,4920359	,4526114	,4918301	,4721951	,5576223	,7219516	,8075338	,
9731471	,9469578	,8676476	,6114887	,6574169	,8481153	,8879493	,7763063	,6436921	,6098442	,6556931	,6690325	,6502475	,6638173	,5977915	,4730904	,4209946	,3555866	,3292948	,3360534	,3622939	,4733461	,5257248	,7556167	,8345432	,6827552	,7287603	,5453871	,4337449	,4011304	,3945763	,3486494	,3419932	,2895632	,2632212	,2500624	,2237455	,3024663	,4665131	,4730166	,4332067	,4855077	,4592420	,4460582	,4592422	,4264225	,3737881	,3541011	,5247266	,7022400	,
10323357	,10456736	,6116940	,5592895	,7102813	,7233128	,6574421	,7886171	,8281448	,7484733	,6361101	,5911352	,6507876	,6702173	,6763088	,6165272	,6231304	,6104861	,5194287	,3751196	,2965012	,2637327	,3227669	,3158808	,3286300	,2893083	,2891543	,2498067	,2499348	,2762767	,2632462	,2828309	,2631696	,2827024	,2827543	,2892570	,3417376	,3745824	,6041396	,7418175	,6566200	,5117220	,4394780	,4132120	,3738392	,3476760	,3738906	,3475734	,3410194	,4789025	,
10786218	,11905988	,8026746	,3686944	,4278059	,4474929	,6307905	,5453869	,5121824	,7161670	,7690333	,5786704	,5520191	,5647418	,6302273	,6101021	,6163203	,7147528	,7811126	,6959150	,4727058	,4206876	,3158808	,2041111	,1972499	,2432532	,2828564	,3418136	,5251100	,6105641	,6695717	,6894640	,6967636	,7756644	,6243913	,7691102	,8283497	,5260083	,6371642	,7419967	,9853041	,7947350	,5316646	,4918816	,4198430	,3868436	,3344661	,3410965	,3345690	,3344922	,
6905693	,11313853	,11840448	,8421253	,5196857	,4735279	,5783604	,3291416	,3553048	,3748373	,4343601	,5922902	,6116177	,4726039	,5181449	,5638928	,6294025	,8261132	,7935251	,7872279	,7282203	,9257294	,8076092	,3680546	,3089692	,2891543	,3352861	,3353368	,4990994	,7155239	,8466486	,8800339	,8547962	,6574924	,6634301	,7752794	,5979451	,5786688	,7228233	,8471636	,9855098	,10841993	,10513539	,8075589	,5969184	,5313312	,4262940	,3672086	,3279379	,3410454	,
6116682	,9076872	,11313851	,11115955	,10589854	,8350321	,8285288	,6774099	,3816746	,3093272	,2962453	,2962967	,3226393	,3620123	,3946263	,4272407	,5450262	,6825234	,7743264	,8203307	,8927548	,9978971	,10502212	,7619139	,3748643	,3943722	,3545876	,2891281	,2632213	,3419929	,4666918	,6441284	,5652030	,4597792	,5316131	,4724506	,4993060	,6249280	,9458018	,9848679	,10639735	,11301263	,11699871	,11631515	,9454421	,7282213	,5837344	,4723232	,5117224	,4657702	,
6842464	,6774357	,9931930	,10327460	,10854567	,9997466	,9537926	,10065820	,7696490	,4605759	,3290153	,4535081	,5518122	,4140321	,3681300	,3485461	,3684633	,3488537	,3948057	,6044717	,9192538	,8800593	,8075563	,8405054	,4929328	,4143154	,6108469	,5185560	,2825490	,2696473	,3289889	,3223582	,3156249	,3808537	,6107717	,7296091	,6838344	,5855040	,10118258	,11165039	,10968690	,10506347	,11102342	,11893141	,11959191	,10443372	,7086124	,5181726	,5837873	,7022665	,
6971999	,5262660	,8882055	,9210007	,11116204	,9802648	,9932685	,9272961	,9207936	,5986383	,5126965	,7745862	,8992336	,7815766	,6108220	,5052181	,5377798	,5122840	,4993573	,7420479	,9061730	,5716021	,3945755	,4078109	,4208934	,5060659	,5260356	,6439994	,5059111	,2760984	,2500626	,3356698	,3946022	,2235671	,3744809	,6304833	,6304837	,5980734	,9397617	,8736856	,8271425	,9652052	,10442595	,11430016	,12284557	,12220043	,10773878	,7548993	,5311519	,5510188	,
6248795	,8352892	,8414570	,7890534	,7632250	,9868449	,10322577	,9984623	,8866393	,7815253	,7614274	,7939648	,9058133	,10375801	,8799074	,7547445	,5710103	,4992799	,7417132	,9518682	,7028556	,5446931	,6759190	,6826774	,5648662	,5258289	,5588293	,4737589	,3684130	,2694934	,3286293	,2369801	,3159057	,3418405	,4068894	,5313320	,5313839	,6232631	,7749458	,8348263	,6960698	,8992068	,10244453	,12024727	,12747418	,11820140	,11821938	,11693442	,8139850	,5310238	,
8221564	,9600914	,8679535	,8745077	,8286838	,9337468	,10654618	,11167876	,9389668	,8861784	,8991568	,9190235	,9783151	,10507386	,10047865	,9321821	,7289913	,7291201	,8468042	,9785704	,7422536	,6759452	,8396056	,9512729	,9646636	,7880504	,5587515	,4801080	,4277546	,4138787	,4398364	,3942691	,2370830	,3749411	,4793901	,5182504	,4789035	,4920110	,5904444	,9065588	,9986157	,9652319	,10310757	,11562107	,12879007	,12086660	,11495034	,11234429	,11296115	,7875654	,
9664397	,10192274	,10061719	,10589603	,10391709	,7423568	,7551301	,10637414	,10114420	,8926797	,9582923	,9780312	,10307695	,11032703	,11100553	,10508926	,8606309	,8667993	,10242403	,9590119	,7815752	,7285548	,7346196	,8004643	,9324355	,8864317	,5716792	,6505805	,5459010	,5986124	,4206114	,5451569	,5913151	,2172180	,2627870	,5119280	,4788259	,4394779	,4723242	,5509686	,8335437	,10244454	,10311789	,11098217	,12550552	,11629197	,11231862	,11296627	,11690873	,11958932	,
9927569	,9399678	,10059155	,9867418	,9539225	,7229269	,6364973	,9256015	,9980005	,8070450	,9843535	,10306910	,10504815	,10636403	,11757202	,11494281	,9133168	,9192027	,10704502	,10049658	,8408414	,7748156	,7614513	,7486775	,8541268	,8408653	,6569020	,5849925	,6967639	,4737846	,5590083	,3418391	,6305857	,6046036	,2562075	,4395811	,5051179	,4394526	,3870496	,4591147	,6494265	,9847136	,10968690	,12154770	,12156562	,11622767	,11163238	,11362420	,11693190	,11696270	,
8148328	,9996424	,10124687	,8806511	,7759463	,7037529	,7029569	,8008256	,10308198	,9386577	,10304867	,10373480	,10899571	,9911387	,11822217	,11495819	,8863571	,8402509	,9196663	,9918070	,9850470	,8341579	,8867923	,9196891	,9063764	,8079439	,6960958	,5518912	,6507865	,5058343	,4474417	,4602153	,3876636	,8084837	,8477552	,4526629	,4658729	,4396072	,3871518	,3673374	,4525605	,8006475	,11428737	,12153743	,11826055	,11689841	,12085377	,12284809	,12155281	,11627657	,
8144480	,9003896	,8743287	,8878971	,9539209	,8615536	,6507329	,6694957	,9451850	,11096692	,11032953	,11560075	,11689865	,10307428	,10439525	,11297415	,9453920	,9717611	,9456488	,9120318	,9778245	,9320780	,8273987	,8338751	,8072758	,8068908	,8922938	,6042425	,5522253	,6507078	,5326651	,5130814	,4795943	,4733738	,9404040	,9201279	,4986414	,4853801	,4003104	,3739421	,4133150	,5772850	,8794209	,11231361	,12815781	,11959444	,12155281	,11829139	,11104133	,10509427	,
9929365	,8681596	,9471369	,9734793	,10129550	,8675184	,6044470	,6371380	,8793912	,10241381	,10705015	,11957661	,12418214	,11296900	,9517393	,10043751	,10506609	,10900864	,10176103	,9710912	,10311009	,11489380	,9845068	,8923965	,8264747	,9183541	,9644854	,6108477	,5058359	,6970724	,10061979	,6117971	,5984065	,4598311	,4601901	,8813443	,9401996	,5775417	,4525605	,3936548	,3936035	,4854303	,7544391	,9517679	,11563155	,12619168	,12093853	,10052474	,8471125	,9787762	,
9800087	,9537166	,10064019	,9668497	,9798796	,8802920	,7159877	,6507078	,8271679	,9386835	,9981034	,12156574	,12882352	,12088728	,10176353	,9584473	,9716580	,10111084	,10109795	,10899812	,12286103	,11626881	,10900335	,11426948	,9711942	,9839412	,7482159	,5913668	,5451068	,4669245	,10519707	,8937068	,5001018	,5851976	,5452082	,5582126	,9926021	,10709625	,6365240	,4067621	,3870496	,4198432	,5182756	,8467801	,9321329	,11694733	,12685735	,11304854	,8609138	,10057608	,
10194851	,9931420	,7564403	,7632497	,6838610	,7682122	,7880526	,8077631	,8400945	,8597572	,7813698	,11564437	,13145526	,12289188	,10110310	,9648728	,9980264	,10569832	,10966126	,11428480	,12283536	,10709625	,11231358	,12413843	,11556727	,10828113	,6108719	,5717057	,6370636	,4009513	,7560290	,11635105	,5916742	,2828321	,6834000	,8991301	,9651802	,10898787	,10570079	,7680069	,5378852	,4524836	,5247276	,6956872	,8009058	,9124201	,11958156	,12882086	,9402245	,10191509	,
12163769	,10850984	,3750193	,2567710	,3222039	,5516071	,7882840	,8535878	,8333610	,8465984	,7811653	,10838392	,13144754	,12486567	,10309229	,9716313	,10439525	,10902134	,11167875	,11561612	,12021906	,11624836	,10894683	,11358833	,12678553	,11886206	,8011589	,6110788	,6568781	,6633024	,5193522	,10449796	,10252425	,3877929	,4597297	,8859988	,10174559	,9777735	,10436955	,10634845	,10700379	,8534861	,6496573	,6035780	,7612503	,8400730	,9059938	,11959183	,11897240	,10979998	,
11833011	,11047593	,6645083	,7826546	,9067120	,8739689	,8942460	,9074296	,7089196	,7808820	,7810623	,9917031	,12881837	,12025503	,9850468	,9651290	,10834544	,11034742	,9855850	,10906497	,10447736	,10970481	,9575727	,11025491	,12409215	,11623037	,11095663	,9322322	,6174537	,7486801	,5649708	,8014924	,12286090	,8998750	,4787998	,7743053	,9847925	,10700138	,10700377	,11621992	,12280446	,12414342	,11826829	,9392490	,6758977	,7479881	,7088207	,8996206	,12158613	,11634842	,
12361149	,6970726	,6112832	,9662583	,9980262	,11624323	,10706554	,11365255	,9848926	,8268866	,7742772	,9652830	,11892119	,11300234	,9586272	,10308968	,10573169	,11690103	,11623284	,10836343	,11757192	,11234433	,10501717	,11222870	,11352146	,11089224	,12403811	,10898785	,6304067	,6828617	,7163218	,5522485	,11169665	,10904183	,6495545	,7086408	,8664420	,10306686	,10834809	,10768990	,11363186	,12086921	,11957125	,12480901	,11758465	,9784162	,5972022	,6299968	,9065839	,10186883	,
12956619	,6440266	,6953511	,8662336	,10108250	,11556222	,11757190	,12349842	,12153488	,10253439	,9068127	,9390170	,11628173	,10772348	,9718371	,10311021	,11229039	,11816550	,12209004	,11687280	,11757711	,11431311	,10258577	,11504274	,11482962	,12007238	,12668006	,9913171	,6171190	,6762567	,8016742	,5460544	,9206657	,11565714	,8993621	,6757443	,7612241	,8530011	,10371966	,11166593	,11827599	,12088977	,11360365	,11358570	,11754355	,13137295	,10447735	,5846840	,6108994	,8871534	,
12562890	,11111586	,8802146	,8998496	,9788792	,11235217	,11370144	,11634337	,10716050	,9801869	,10394003	,9528173	,11298691	,10311539	,10180200	,11096425	,11356513	,11155537	,11942746	,11619434	,11623296	,10316413	,10195082	,11496063	,12404322	,12470109	,12538994	,9718363	,6827064	,7157325	,7550282	,6837072	,5064772	,10840450	,10902904	,7812943	,6954051	,7938896	,8265810	,11032978	,11497864	,11364475	,11296892	,11164529	,11817830	,12016500	,12813724	,11436951	,8347241	,8872817	,
12102852	,11772347	,11050930	,8814983	,8222334	,9531010	,10911133	,10713236	,9795724	,10651544	,11108496	,9920113	,10445176	,10049648	,10571622	,11357544	,11094886	,11421540	,11615069	,11292524	,12279169	,10642032	,10517632	,11164536	,12145002	,12142181	,12474747	,11563147	,8929368	,6434109	,7089725	,6766926	,2696224	,7818846	,10840953	,9198698	,6430009	,7347780	,7543621	,8595804	,11694743	,12353171	,12089999	,12484239	,12219532	,11694219	,11961763	,11699871	,11439261	,11046300	,
12696784	,11509939	,11378614	,10590628	,10195353	,9923452	,10578561	,11039118	,10581903	,10977435	,10980507	,10122884	,9920113	,10438496	,10569828	,10572649	,10831971	,11292265	,11951231	,11821955	,12676497	,11694473	,10971261	,10189696	,11888259	,11749492	,12147071	,12085905	,10572142	,6365747	,6696254	,6631741	,3547170	,6107717	,9857909	,10909826	,8797780	,6492984	,7544138	,6952504	,9651316	,12881837	,12487328	,12424105	,10977678	,10708849	,10580359	,9792375	,9859199	,10715535	,
12763092	,12163772	,10186894	,8414580	,8812679	,10323097	,10846353	,10451596	,8150370	,9791864	,10387085	,9332335	,8929617	,10110298	,10900327	,10897764	,10765667	,11293802	,12413063	,12348300	,12417943	,12024476	,10971522	,10388613	,12354970	,11750002	,11618668	,11424110	,11686256	,7810885	,5708848	,6432053	,5576743	,6754853	,9318484	,10777478	,11437978	,8010324	,6559293	,7282249	,7083841	,10772876	,12752300	,12491705	,11635359	,10907004	,9855598	,9132388	,9727095	,9859708	,
12695506	,10056337	,8537428	,8678003	,4799282	,9205620	,10508400	,10243434	,8280929	,8815223	,9338746	,8472657	,8860740	,10242657	,10376039	,10901105	,9982822	,9588313	,11097966	,11954832	,12617123	,12219534	,12286867	,12150921	,12415130	,11818365	,11815786	,11622257	,11753328	,10241114	,4855077	,6167087	,6954552	,8201551	,9646432	,11359110	,11502743	,11504274	,7615818	,7083840	,6691392	,7349574	,12159911	,13087176	,12491446	,11436438	,10447223	,9984362	,9395047	,9663097	,
12233666	,11770543	,13019079	,12889032	,9731212	,9796484	,10714506	,10896993	,11223132	,9324105	,5911342	,7812936	,10114921	,9590370	,10574193	,11296639	,10640752	,10837103	,11164528	,11823755	,12683168	,12614041	,12680861	,12744606	,12611220	,11490680	,11097201	,10441067	,10963299	,11822456	,6961734	,5117992	,7155015	,9122659	,9582183	,11290245	,11759508	,11240601	,11239058	,7416394	,6886976	,6560056	,8997219	,12756668	,12492988	,11305103	,10774390	,9592177	,9393004	,9459311	,
12299205	,12952771	,13348554	,12165561	,10061970	,7103073	,6178890	,10834281	,11222622	,11422821	,7879237	,4860962	,9130595	,11102595	,11297152	,10968186	,11425665	,11821188	,11888527	,12155545	,12749479	,12879266	,12481689	,12810650	,11559286	,9388879	,9649229	,10570598	,11033200	,9533805	,8287839	,6171444	,6891852	,8994676	,9251935	,10765701	,11755408	,11836588	,11050152	,11242139	,6761797	,6625338	,7808846	,11568277	,12689846	,11302791	,10242648	,9521505	,8997995	,9258859	,
12165309	,12821183	,12623553	,9335171	,7363418	,5258550	,3480857	,10178661	,11620473	,10768246	,10703208	,5717035	,7820370	,11896988	,11768223	,10380403	,10972550	,11692939	,11691918	,12551328	,13077672	,12747167	,12411783	,12348553	,11694982	,10639722	,11422567	,12346241	,11561084	,7629141	,6845520	,7294024	,6889533	,9125494	,9184345	,10305655	,11488389	,12166072	,11774651	,11904180	,10322571	,7155524	,8004178	,10312064	,13017012	,11896721	,9978193	,9256789	,8602208	,8992076	,
11701425	,11764904	,7557204	,3481110	,3087892	,5716281	,10175588	,11616615	,11422570	,12016767	,10965877	,8275027	,11039369	,12290717	,12618404	,10317179	,10983319	,11566476	,11756163	,13077926	,13276593	,13009828	,11889031	,11626370	,12084096	,12674175	,12867447	,13132936	,13267608	,10446471	,8545657	,8676455	,6691893	,8535665	,8987995	,9911148	,11093629	,11235470	,10134935	,10722717	,11378857	,9601166	,8470622	,9123423	,11304852	,11768998	,10253703	,9593454	,9127271	,9257568	,
12424885	,9388118	,8335679	,6500147	,3546393	,8402249	,11025502	,9842758	,10763097	,11816045	,11684459	,10242908	,11887748	,12416921	,12155292	,10513782	,11246741	,11166317	,12150921	,13210287	,13604788	,13599909	,12876443	,12021387	,11623288	,12343418	,12410746	,13396106	,13135508	,9460096	,9069707	,10256277	,7152955	,8074334	,8989015	,9644377	,10701180	,10898294	,8685428	,7702365	,8490343	,8619884	,7501916	,7822935	,9203312	,10254986	,10586000	,10058880	,8405593	,8798300	,
12290476	,9716833	,9452376	,9650266	,10043224	,9847385	,4137751	,4794403	,10308717	,10368340	,11027297	,12278403	,11817328	,11489392	,11687798	,12020617	,11232641	,10378346	,12551069	,13408696	,12613004	,13396110	,13335194	,11950456	,11623037	,11488879	,11747934	,12143462	,12011625	,12011886	,11757962	,11045538	,7485772	,7284557	,8924770	,8920655	,10832766	,10696552	,11900847	,9998228	,8881529	,8028001	,7700049	,6912582	,7437653	,8943986	,8877425	,9535096	,8083802	,6963529	,
11105941	,9783404	,10116476	,10839414	,11287398	,10438232	,4927527	,6238248	,9977944	,10174041	,10828376	,11818357	,12083585	,11814499	,12476287	,12480147	,12808599	,10968428	,10634326	,11686244	,12803185	,11816045	,12540538	,11882610	,11618407	,11617892	,11747682	,11352146	,11418191	,12010330	,11945053	,11883888	,9254221	,6627137	,8858986	,8722238	,10504827	,9971798	,12422834	,11772083	,10718364	,10781841	,11173252	,9990759	,8613719	,8348755	,6708289	,5528120	,5131064	,5390649	,
11771569	,11308965	,10455956	,11828106	,10437468	,10635615	,9713994	,10238535	,10958158	,9974597	,9843274	,11092825	,12017278	,10896740	,11820673	,12939158	,11158885	,9312555	,8787227	,11614028	,12996971	,12018303	,12602213	,12605302	,11884409	,12015484	,10961254	,11229300	,12680087	,12025238	,11624310	,12270681	,10436442	,6166325	,8466020	,8327739	,10502772	,9708620	,11629201	,12034486	,11635610	,11697289	,11959694	,11430267	,10443626	,9980763	,8010563	,4533539	,3615258	,4796459	,
10850981	,10326167	,10255497	,10651532	,9991035	,9715022	,10300739	,10497608	,10498896	,8532030	,9057092	,10763862	,10763349	,10565970	,11092063	,11156062	,9577008	,8655641	,9904683	,12469079	,12004415	,12667237	,11881579	,11160427	,10110047	,9258847	,9977431	,11623537	,12024473	,11694228	,12478346	,12412034	,10315637	,6233650	,7612245	,8327486	,10041703	,9644116	,11165314	,12163251	,11108235	,10776172	,10641765	,9913683	,9647176	,8794438	,7152696	,5576995	,5974312	,7352119	,
11901362	,9667469	,10913677	,9131616	,9065318	,10436178	,10890825	,10632274	,9122625	,8859451	,10239826	,10568028	,10697039	,10959447	,10958420	,9774649	,8786972	,8655128	,10825282	,12336462	,12331072	,12731484	,11555437	,10766698	,11556476	,11296125	,11950970	,11752815	,10836600	,11747170	,12408184	,10707845	,10055295	,7746372	,6757185	,8131906	,9382737	,9711447	,10306407	,11568536	,11105404	,10250333	,9326410	,7939891	,8069170	,6756647	,6230051	,7278883	,7217960	,7022641	,
10516106	,8605272	,9724262	,7556177	,8470096	,9775165	,10831454	,11886460	,10635361	,9518672	,9584213	,10176350	,10960211	,11355997	,10829140	,8722728	,8196117	,9575979	,12006733	,12138574	,11938624	,12797291	,12543111	,12478345	,12279686	,12807568	,12609678	,11750506	,11614556	,12470646	,12873120	,9395835	,6967126	,5912371	,5707310	,7870785	,9116992	,9844315	,9055051	,8672352	,8211789	,9199963	,8673359	,7087151	,5903909	,5444120	,6164763	,7278881	,7083553	,5972774	,
10581129	,10123909	,10245479	,9584465	,9583956	,10304086	,10765661	,11557752	,11757962	,10769519	,9454940	,10372451	,11688301	,9322055	,8987441	,10038337	,9707311	,11350080	,11545404	,11676741	,12138319	,12606590	,12281479	,12150151	,12408700	,12607622	,13266329	,13268119	,11879011	,12143985	,12218262	,8933481	,7095373	,6505284	,5378595	,6821687	,8065584	,9646937	,9251399	,8868190	,7220533	,8009794	,8013638	,6169383	,5119267	,6104619	,6625573	,6621472	,7080735	,6495268	,
9725052	,10054784	,10581128	,10578306	,10902907	,10049648	,10178660	,10702437	,11758467	,11759242	,9982570	,10376049	,9583186	,8396081	,8132642	,10699347	,12538479	,12663895	,11809354	,11609141	,12795481	,12148610	,12011886	,11551073	,11746145	,11615837	,12010854	,13396884	,13335194	,12733037	,12013167	,8865374	,8144731	,9527164	,6366776	,5509931	,7213098	,9777491	,9056583	,10451067	,8802910	,7155003	,6501687	,5319464	,6371639	,6832192	,5775141	,5575706	,8070197	,8729156	,
9260389	,9788792	,10185601	,10646921	,10842250	,9725303	,8542818	,8082000	,10638185	,11563408	,10641531	,9258072	,8923453	,8659764	,8131615	,9512504	,13067143	,12929639	,12401755	,11873092	,12796510	,11881331	,12009314	,11944026	,12140122	,12534105	,12602732	,12934279	,14123428	,13131396	,11752061	,8734556	,7815762	,10050945	,8539748	,4919334	,6557484	,9711439	,9648726	,10320504	,9333615	,6369848	,5057840	,6309707	,8215134	,7950681	,6700604	,6635829	,8800592	,9254221	,
8928344	,9915758	,10312575	,10250107	,10185593	,8739936	,9593707	,9197156	,10505315	,11166597	,10773888	,8266549	,8464695	,8724269	,8591912	,9118773	,12012389	,12801404	,13126768	,12400466	,12601190	,12670065	,12340071	,12402519	,11678534	,12863068	,13131131	,13403557	,14192822	,13987986	,11689599	,8078934	,8800600	,10049394	,10577289	,6037043	,6099758	,8464195	,10572399	,8741722	,6441536	,4858915	,5978175	,9135225	,10518159	,10712717	,10054260	,9001051	,7879488	,7935790	,
8731987	,9389919	,10043737	,11158107	,10898787	,9392730	,10047324	,10965609	,10247274	,10638444	,9059153	,8331829	,8068908	,8330540	,8330538	,8789291	,10693695	,12075359	,12936840	,13259895	,12472427	,11483732	,11219013	,12207456	,12009566	,12860247	,13463182	,13531295	,13664168	,14055580	,12738946	,8473433	,8998482	,9590368	,9856361	,6567489	,5247016	,7477298	,10833772	,7427409	,5784645	,5781825	,6899027	,8936824	,10053508	,10645125	,10707835	,8206664	,6755617	,7671076	,
9130593	,9187138	,9842500	,10237515	,10169923	,10170182	,8929098	,11222870	,11296627	,9584214	,7674412	,8004657	,8199981	,8659253	,8528178	,8593193	,10823988	,11941706	,12734577	,13791896	,12473718	,11943771	,11545919	,11612228	,12074583	,12337242	,12933764	,13261963	,13072282	,13398418	,10573921	,7164219	,7686713	,8211515	,9066057	,8473417	,4657951	,6493483	,10110821	,8939124	,9728650	,10715035	,9991823	,8279914	,6763589	,6500669	,7682119	,7810883	,7281450	,8132393	,
9129815	,9053233	,9446452	,9117999	,9644341	,10044754	,8598850	,9385029	,10765918	,8530750	,7673639	,7608610	,8595252	,8595000	,8397621	,9315378	,11549518	,12073292	,12536423	,12408702	,13135506	,12675206	,11874882	,12203849	,12205391	,12797026	,13197448	,11823747	,11556717	,12150140	,8283748	,8672076	,9059126	,9973558	,11091284	,11754096	,7090753	,5573664	,9844567	,10839934	,10123147	,11374505	,11111584	,10252166	,8339800	,5512229	,5576995	,7154236	,8400704	,8857660	,
10176853	,10103352	,10694721	,10505818	,11766676	,10588823	,6903378	,8467265	,10176350	,8265776	,7346214	,7674661	,9779788	,8464693	,8855603	,10694466	,11747924	,12140892	,12209774	,11681892	,13137048	,13400738	,12010846	,11940673	,12269391	,12531783	,13397389	,11697302	,11358568	,13332625	,10513025	,10310510	,10238286	,10892879	,11683170	,12082810	,10903154	,5773865	,8198202	,11096950	,11042705	,10455445	,10652571	,10448264	,10639222	,9653091	,7087413	,6297636	,8005695	,9122123	,
10981277	,10842745	,10779773	,11440534	,12235968	,12105411	,9006968	,9125725	,9454172	,8003628	,7344674	,8663104	,9584467	,8530486	,9119027	,11684954	,11616601	,12077669	,11748965	,11489905	,12678556	,14063027	,12744087	,12337751	,12005438	,11609133	,12999535	,14387629	,13924509	,13793178	,11297405	,11292777	,11225440	,12079468	,11628930	,11828628	,11899558	,9197158	,6687012	,11095161	,11699869	,11440030	,11177886	,11041680	,11363457	,11626378	,10178671	,7742522	,7543342	,9056589	,
10196377	,10132373	,9932684	,11442079	,11511730	,11578804	,9336185	,9128026	,8862800	,8067881	,6888743	,9783133	,8797261	,8203063	,9908804	,11750757	,11617118	,12669038	,12009306	,11819645	,13406129	,14261186	,13273000	,12209253	,12334152	,12268353	,13134979	,14459329	,13859747	,13264520	,12602991	,12344440	,12672377	,13200521	,11833767	,12097458	,12230327	,12360881	,10051445	,11166605	,11428748	,12091547	,11901352	,11966891	,11498380	,11957392	,11760013	,10048100	,8465982	,8465220	,
9998745	,9735054	,9667721	,9997717	,9997974	,8026233	,6907228	,5589309	,7547443	,7805225	,7611955	,9452881	,8207173	,8398384	,10371160	,10700379	,12077153	,12670317	,12536941	,12075861	,13142179	,14394053	,13208749	,12338784	,12336464	,12802164	,13867188	,14459329	,14058150	,12734831	,12536690	,13595544	,13395077	,12679056	,11902642	,12558527	,12887744	,13086925	,13284553	,12689076	,11297415	,11562117	,12423332	,11899558	,12091806	,11761553	,11762313	,11433866	,11034492	,9122382	,
9209731	,9669251	,9474441	,8750469	,8024177	,7090234	,8218984	,8750469	,8270396	,7871277	,8071479	,7415341	,7353147	,8660783	,10765408	,10434117	,11152449	,12010069	,12538743	,11812436	,12476800	,14328771	,13272749	,12342381	,12803961	,13599906	,14131653	,13997496	,13601449	,13196412	,13063812	,14122666	,13005200	,11636386	,12428986	,12889543	,12891078	,13350864	,13221331	,12361910	,11961763	,11893400	,12092570	,11701149	,11699360	,11369617	,11435143	,11765913	,11962014	,11298179	,
8418671	,10261390	,11510954	,11710645	,10259094	,8271939	,10055808	,9926279	,8463925	,9517645	,7945294	,3087373	,5840159	,8333368	,10766433	,10629958	,10559273	,10888755	,12078439	,11550295	,11949681	,14063805	,12877724	,12868474	,13335194	,13539254	,13603508	,13931445	,13068683	,13395847	,13398678	,13727130	,12550817	,11965612	,12891078	,13483733	,13351629	,11639215	,9399688	,9003387	,11900330	,12489136	,11895192	,11962530	,11239318	,10645894	,11104905	,11965864	,12429497	,12160935	,
9734292	,10261146	,11578287	,12038840	,12301761	,11510443	,9065579	,8925773	,8070196	,9780565	,6963017	,4337174	,6695729	,9846359	,11291752	,11748704	,11222609	,11680593	,11745616	,11088974	,12412032	,13537972	,13071252	,12938376	,13602730	,13140647	,13536945	,13468321	,13399958	,13728923	,12935555	,13397387	,13731243	,12297658	,11509939	,10917024	,11244197	,10317956	,11376811	,12890824	,12823493	,12288675	,11169928	,10259082	,11637402	,11768996	,12234164	,12828873	,12826565	,12097963	,
10788520	,11115943	,11049892	,10985386	,11839921	,12106692	,10518931	,8665424	,8267576	,9519454	,8142149	,10763860	,11355494	,11027550	,11486823	,10898031	,12084100	,13470379	,12474226	,10829393	,13205408	,13207718	,12942487	,12943267	,12678302	,12943018	,13273000	,12941977	,12939409	,12343161	,13001866	,13728670	,13794205	,12160161	,11964581	,11640223	,12889537	,12955330	,12755642	,12553387	,11695243	,10578811	,11505562	,10718618	,11443881	,12431803	,13025223	,13289424	,13155790	,12165301	,
11972794	,11906741	,11379881	,10984870	,11249322	,12171204	,9272199	,5775919	,8268094	,7813444	,9974844	,10630472	,10696788	,11683432	,11752566	,12083849	,12809888	,14129082	,13341612	,12347268	,13342378	,13076647	,12678807	,12741785	,12615072	,12811679	,12739972	,12606844	,12868735	,12937099	,13071252	,13070482	,13073303	,12752300	,12823232	,13084607	,12489136	,11762331	,11627657	,11102342	,11766694	,11836845	,11839666	,11443631	,11509422	,12500421	,13223114	,13157586	,13024204	,12102327	,
12235966	,11972283	,11578290	,11708080	,12169660	,10655394	,5650237	,5249057	,6562601	,4796697	,8861245	,10169405	,11028063	,12673928	,12213377	,12478867	,13469609	,14462150	,13870781	,13406888	,13077161	,12744089	,12941725	,12813475	,12417173	,12740747	,12544651	,12613014	,12680861	,10506609	,11033469	,14520500	,13730212	,12615070	,12087699	,11493503	,10775161	,11826831	,10312820	,9261421	,8866922	,10183285	,10977676	,10854816	,11972796	,12893898	,13288141	,13352396	,13221574	,12958151	,
10064797	,11184822	,11907005	,10722214	,9142919	,5850439	,5710126	,5840169	,4465937	,6175014	,10111062	,10104381	,10301244	,11161706	,11950721	,11951234	,12743835	,13999552	,14000316	,12748709	,12616094	,12944548	,12682916	,12876445	,12679832	,12876697	,12349327	,10771585	,11296124	,8336970	,10706046	,12742557	,12085128	,11951999	,12149889	,11367305	,11045015	,11434391	,12098738	,12822204	,11755885	,11483696	,11628930	,11045522	,11708080	,12761546	,13092558	,13353418	,13419211	,13485006	,
3488030	,4934968	,6645336	,5987155	,3813672	,3089949	,4792871	,4529178	,5319195	,9119027	,10038848	,10170174	,10499407	,10569317	,9850206	,10309481	,12151180	,13603769	,13078963	,12352150	,13139355	,12810901	,13006230	,13006489	,12744087	,12677265	,12215174	,11162998	,11558267	,12086667	,12416664	,13202076	,13533605	,13856657	,13273764	,12494013	,12033973	,11837877	,13418199	,13088205	,12148836	,11748927	,12424872	,12291482	,11634832	,12826816	,13222863	,13222602	,13484491	,13747152	,
3290394	,3750691	,2830094	,3158290	,3094806	,4142114	,4267806	,4727327	,7481648	,9446964	,9314865	,10233144	,11486045	,12998783	,11752051	,8139580	,9253958	,11691909	,12615583	,12216447	,12675457	,12742026	,12806531	,12674947	,12609154	,12542856	,12347529	,12609678	,11954319	,11297154	,10771835	,10440302	,11031149	,13003910	,12552609	,11047331	,11113878	,12425385	,12950967	,12090504	,11354682	,12288657	,12627652	,12151924	,11829380	,12629445	,13352909	,13089733	,13221321	,13484493	,
8287608	,8683397	,7697268	,6710878	,4012583	,3153174	,3676700	,5319205	,7876406	,9123389	,8268850	,7940142	,7746099	,7486011	,5057314	,6431015	,9262697	,10975119	,11693966	,12083835	,12675972	,12612234	,12809102	,12614554	,12679832	,12418204	,12483735	,12613524	,12147322	,11028061	,9975626	,10043735	,11884402	,14189221	,12686505	,11831196	,11097957	,10899021	,11624291	,11417906	,11223866	,12419215	,12087158	,11685452	,12293022	,12761801	,13090499	,13022915	,12892097	,13089224	,
5329710	,5328945	,5066033	,4998450	,3354138	,2757906	,3217685	,4074777	,4337939	,4141326	,4272148	,5518625	,6174252	,6501161	,6236195	,8269885	,8865621	,10315385	,11960212	,12486818	,12749990	,12486303	,12615835	,12680596	,13009302	,13206688	,13406891	,13736370	,11815772	,11216172	,11939648	,12206436	,13127544	,13857437	,13401752	,10965591	,11823988	,11757928	,12410971	,11880250	,11484467	,11945540	,11883346	,12149867	,12623018	,13089994	,12959438	,13221321	,12958147	,12628925	,
4079381	,3947542	,3422229	,2961938	,2369038	,2102543	,3677209	,4796190	,5190430	,5190687	,5848870	,8934991	,10707298	,8669509	,8271402	,12077144	,11954804	,10838384	,10310246	,11364736	,12617640	,12879785	,12289696	,12155032	,12281986	,12541567	,12741769	,13204887	,12877716	,12150907	,11616851	,12206947	,12604275	,13201550	,13468059	,10959926	,10505292	,10634045	,12012351	,12603973	,11879476	,11749432	,12015698	,12212309	,12157573	,12298677	,12629695	,13222601	,13287373	,12892609	,
2962199	,3027473	,3094039	,3224860	,3027994	,2565139	,3151632	,5119267	,5187619	,4732707	,4538654	,4406557	,4668961	,4142362	,6961451	,11949931	,13271185	,13603739	,12813966	,11692921	,12549528	,13339053	,12812449	,13207722	,13010601	,12614043	,12549010	,12680334	,13063285	,12743307	,12016750	,11682131	,12473197	,12805504	,12278118	,11350824	,10103316	,10366235	,11614758	,12206123	,12008750	,11682610	,11748914	,11552313	,11490645	,11102318	,11573926	,12959429	,13616590	,13156557	,
2173201	,2173451	,2305552	,2765592	,2701076	,2831896	,3093015	,3875609	,4462362	,4465185	,4536093	,4210464	,2831391	,3482650	,9055025	,11360365	,12151932	,12281719	,13200511	,13072009	,13274792	,13802688	,13141674	,12879266	,13010343	,13078444	,13273002	,13008282	,13193840	,13128045	,12805755	,12145263	,12802942	,13266062	,13665963	,12938870	,11679262	,11483948	,11154474	,11680038	,12140079	,11943723	,12140340	,12213338	,11627381	,11826819	,11768734	,11904434	,13354447	,12629445	,
2630681	,2237975	,2106126	,2106379	,2369549	,2436373	,2503699	,2766354	,4400924	,4527897	,4203545	,4468506	,4011029	,4535341	,7943488	,10828625	,11625590	,12285836	,12217474	,12280440	,12813471	,13473721	,14002367	,12816044	,13143467	,13143467	,13407669	,13404846	,12938894	,13392761	,12670055	,11287383	,11681379	,12801151	,13992103	,13797278	,11353130	,10695976	,10824476	,10495254	,11218206	,12599602	,12207435	,12082283	,11430267	,11696270	,12488099	,12692148	,13024971	,11508395	,
4401710	,3483682	,2106639	,2040846	,1844749	,2435344	,2699795	,2371084	,3155989	,6036508	,5248798	,5255205	,3618579	,3552020	,5124647	,8995661	,11356248	,12279411	,12219786	,12085381	,12084874	,13010088	,14529481	,13074076	,12417689	,13144497	,13409979	,13475520	,13536944	,12935557	,13327995	,11288656	,12080498	,12742280	,13331845	,13797798	,11156024	,10759461	,10826271	,10694173	,11414556	,12336177	,12666179	,11749707	,11091795	,11155797	,11618406	,12220563	,11832736	,9920881	,
5778752	,5319995	,3353123	,2500634	,2369298	,2896924	,2831642	,2896408	,4203544	,6297628	,5836572	,5251872	,4602913	,3421976	,3223572	,4600864	,6241338	,8074300	,9846861	,11949945	,11816823	,13666729	,13868479	,12147574	,11882857	,12812451	,13014193	,13804734	,13474489	,13468582	,12668784	,12932461	,14388136	,14196671	,11227465	,12868987	,11616316	,11285542	,11878706	,12012604	,11747890	,11614247	,12139309	,11814724	,10829902	,10170174	,10757181	,11481941	,10762068	,8859715	,
7092556	,7816796	,6107204	,4665133	,3420446	,2635803	,2961688	,4795422	,6495007	,5706009	,6034204	,4073501	,3090957	,4337943	,8535878	,10899296	,6765109	,1185287	,5514793	,11683935	,13201817	,13930932	,12810650	,12146807	,11951221	,12743057	,12483997	,13473462	,13738174	,13602478	,12472686	,12930666	,13658769	,12607873	,12272991	,13724309	,10510931	,10440243	,11947319	,12145477	,12142650	,11549482	,12140078	,12074545	,12078670	,11425378	,11096928	,10896729	,9974086	,9387599	,
6897224	,6961995	,6303808	,4730417	,3551266	,3026970	,5317663	,7019302	,6625061	,6034717	,5253160	,3945762	,4337941	,3614739	,6499375	,10762573	,11094877	,7819345	,10702182	,11683950	,13464473	,13203608	,12149893	,11559033	,11688049	,11752816	,12744085	,13338540	,13932472	,13733553	,12806531	,12011878	,11549268	,11746134	,12606594	,13595548	,6576956	,4807966	,6971437	,9133621	,10507075	,10964803	,11877174	,11676976	,11878221	,11950956	,11625842	,10841716	,10444139	,9917541	,
7027279	,4926001	,4203042	,3614238	,3155485	,4529695	,6495014	,6101537	,4987932	,5711404	,4996406	,5586486	,6568242	,5583915	,2957078	,8464947	,9578037	,11224929	,11486820	,12144501	,12475774	,11621229	,11690623	,12022414	,12022414	,12083585	,12544390	,13073563	,13533862	,13268129	,12675976	,12275569	,12143983	,12673676	,13003411	,12475499	,8928033	,6635290	,4607006	,4281626	,5136169	,7103801	,9390900	,11155268	,12073568	,11748199	,11487074	,11162468	,11029342	,10045531	,
6047818	,4473146	,2895392	,1976084	,3612698	,5904418	,6758186	,4400924	,3351064	,4992558	,5060922	,6637131	,7422798	,9129565	,6632506	,6496808	,10236227	,10103611	,10366784	,10829140	,10837103	,10178142	,10503251	,11360116	,11689338	,11285314	,11548229	,12477827	,13267870	,13265805	,13198979	,12805000	,12806030	,12870532	,12013139	,11945522	,12270633	,11220516	,9780266	,8666147	,6373145	,4606488	,4413721	,6250285	,9002320	,11162468	,11944034	,11678810	,11218510	,10237005	,
7431527	,5328972	,3356205	,2434842	,5053212	,7021099	,7090483	,3548694	,3941400	,4073247	,4666162	,6307915	,7226711	,10705268	,9124427	,7350316	,9450563	,10369871	,11623539	,11227234	,9782097	,10574440	,10901606	,10701659	,11026774	,10628154	,11149872	,11881052	,13069455	,12999282	,13194093	,13130878	,12803971	,12274770	,11483421	,11681067	,11813166	,11877679	,11878706	,12334120	,11876129	,10696995	,7486496	,4473369	,3756058	,4938789	,7364922	,9261644	,10894419	,11217227	,
7630450	,5394250	,3158565	,4333086	,7480883	,7875638	,4401953	,4071705	,5251102	,4858392	,6956846	,8007478	,9055543	,11683934	,8993608	,8337472	,9716829	,9718359	,11160415	,11823745	,11229039	,10505308	,11562366	,12087168	,11427952	,11290196	,11152440	,12074830	,13069964	,12542591	,12931957	,12473201	,11682636	,11877930	,11613732	,11678245	,11809316	,11485741	,11553339	,11745831	,12138531	,11746090	,9451823	,7224882	,7027503	,6307111	,4934170	,4283164	,6119213	,8411199	,
5721669	,2961696	,3352093	,7022901	,7942720	,6826289	,2826003	,4464157	,6626593	,7086116	,8595501	,9970994	,10102321	,10628667	,8533568	,8600644	,9717332	,10116199	,10437466	,11292001	,12282489	,12085112	,11558766	,11891848	,12351372	,12549010	,11951735	,11618142	,12675206	,13202320	,12676734	,11038841	,10047312	,11219746	,11613735	,10956066	,11677218	,11677218	,12071714	,12204066	,12078656	,11161145	,9321518	,8533040	,9907262	,11218258	,10630221	,8206898	,5391393	,3953690	,
7813706	,6894400	,6956856	,7679037	,8073538	,5318443	,2497812	,4136989	,8333622	,8857648	,8528168	,9381169	,10499148	,10040137	,8666433	,9061969	,9256780	,10377328	,10312300	,10567251	,11225691	,12486291	,11688550	,11889014	,12549778	,12349315	,11424877	,11818095	,13399447	,14192056	,13075873	,12296371	,10710899	,9970709	,10889242	,11152930	,11940389	,12401702	,12529431	,12335658	,12802894	,11881275	,10107436	,9318446	,10102832	,11084604	,11479120	,11480652	,10561342	,8203053	,
11421808	,10697831	,7743550	,7548480	,7219767	,3616035	,2762001	,3287583	,6106929	,9251640	,8987187	,8856365	,9709632	,9908299	,8995659	,9523035	,9124165	,10179435	,10705266	,10441581	,10437466	,11620968	,12076374	,11489382	,11360624	,11223134	,11157086	,12146306	,13531041	,13665450	,12677778	,12744851	,12550293	,11230042	,11287601	,11611938	,11613732	,11877158	,12006944	,12138533	,12732216	,11811883	,9187881	,8599086	,9319475	,9906232	,10233658	,10430524	,10297908	,10691386	,
10960477	,9647439	,7744579	,7811912	,3680283	,4468773	,5323053	,4142884	,5192496	,8467526	,9383490	,9252152	,9516615	,9122372	,9386827	,9784675	,9125448	,9848920	,10574958	,10771057	,10637163	,11025494	,11818600	,11033453	,10104643	,10170696	,10892894	,12277892	,13469611	,11752807	,12149630	,11760272	,12349842	,12548758	,12945047	,12612206	,11552831	,11087390	,10955802	,11151903	,12202273	,10564127	,7416871	,7353639	,8271150	,8990269	,9513792	,9907002	,10233147	,10561868	,
9973057	,9055811	,8073797	,8533838	,7417649	,10896740	,11424110	,7817555	,7884378	,6569280	,7811388	,9715792	,11422568	,10896994	,8927048	,9260639	,9063513	,9714259	,10572651	,10766683	,10699866	,10832743	,10895711	,10367813	,9774639	,10106450	,11028580	,12676494	,12350352	,10498621	,11682643	,10042163	,10769242	,11956621	,12414346	,12481166	,12813463	,12085612	,11619135	,11027259	,11169380	,11231574	,9648951	,8665645	,8798524	,9387597	,9712971	,10367051	,10825553	,11219801	,
10957640	,9187137	,8007753	,10368339	,11747421	,11421291	,11552875	,10833780	,8081759	,6375741	,5056286	,6697008	,8667474	,10241368	,9189705	,9130848	,8935009	,9650258	,10305367	,10636642	,11818600	,11293292	,11290984	,11156569	,11221330	,11358568	,12015985	,10905719	,11095647	,11877980	,11682646	,10436917	,10177356	,10436929	,11757692	,12154252	,12018554	,12084599	,12346217	,10376277	,9862782	,11635594	,11095625	,10306624	,9719376	,9521752	,10372700	,11222883	,11485031	,11551587	,
11818606	,7747143	,5778222	,9321804	,11090255	,11223134	,10045794	,7553606	,6047807	,3943704	,4206617	,5648673	,6564909	,6106662	,9123914	,8604240	,6506299	,9716053	,11290206	,11231099	,12281980	,8999001	,9719650	,11487082	,11354716	,12078958	,11680341	,11350349	,11418205	,11556214	,11234934	,10507853	,10179415	,10564905	,11157291	,11886442	,12023698	,11953528	,11621983	,11551558	,10831685	,10908536	,11236210	,10507609	,9719125	,9717340	,11094119	,11616876	,11551594	,11488363	,
5324343	,4405286	,5386791	,6239018	,8992326	,10048615	,9460591	,6701385	,7161935	,4601383	,6303790	,8792631	,8988216	,7416368	,9583701	,8208453	,6042401	,9584205	,10698837	,11031921	,11888511	,8208707	,9453381	,11946855	,11620200	,12342130	,11028833	,10176863	,9784924	,9128796	,10050408	,11291209	,9906974	,10037785	,11551532	,12142648	,12086642	,12351896	,11561076	,11431275	,12282984	,10578030	,8613232	,10052969	,10048090	,10175060	,10761557	,11221341	,10699361	,10636902	,
7296324	,9589847	,10760010	,9579585	,10038084	,11748966	,9651289	,7614786	,8205908	,7157826	,8464697	,9251391	,9381949	,9119802	,9847128	,9457761	,8867925	,10371411	,10566481	,11356774	,11559035	,12408176	,12272478	,12346757	,13007259	,10903674	,7428692	,7823975	,8147548	,7809083	,9513531	,11158324	,9906199	,10562335	,11090730	,12015433	,12884387	,11965613	,10575222	,10976387	,10781313	,9461602	,8743020	,9586773	,9515073	,9054263	,9775427	,10894686	,10307936	,9785956	,
8541520	,11156818	,10827604	,10171210	,10239825	,9320266	,7741999	,8135211	,8465984	,7092806	,6695458	,9315635	,9449283	,9972796	,9908543	,9523553	,9989251	,10438487	,10433606	,10957389	,11223898	,11293541	,11818609	,13338540	,9986931	,5192747	,5653552	,7423551	,7490123	,9195358	,11027526	,11220267	,9578523	,10300706	,10827299	,11488578	,12685208	,10451344	,7350074	,11092049	,11096667	,9459035	,8415336	,9327198	,8795202	,8203315	,8726329	,9714772	,10113640	,9590117	,
9910599	,10762581	,10960987	,10500175	,9980763	,8863563	,7283244	,6300961	,6300961	,8733014	,7808549	,9248277	,9183002	,9576731	,9972269	,9974086	,10304591	,10436945	,10115948	,9521495	,10830171	,10829142	,12149628	,11234182	,5978423	,5321248	,6238246	,7023393	,7681321	,9651010	,10237482	,10038563	,8857638	,9905957	,10234910	,10631727	,11556429	,10437181	,10037030	,10888729	,10569040	,10316409	,10514558	,9067876	,8405575	,7810362	,7876159	,8272716	,9128542	,9391965	,
10435926	,10370649	,10765143	,10501717	,11092063	,10503775	,7876406	,6758440	,6630963	,8995687	,8200747	,9380890	,9904156	,10232341	,9841712	,10696275	,10305106	,9333368	,8284015	,8605783	,10827829	,12147815	,11369101	,5125937	,4470317	,5521198	,6501936	,7219242	,8466225	,9452602	,9783627	,9187882	,9318448	,9908265	,10103327	,9644832	,10698033	,10639950	,11622484	,10695220	,8402511	,8405091	,9787514	,9721703	,8207943	,7482171	,7614786	,7747142	,8010564	,8994640	,
9910350	,10436692	,11028839	,10370649	,10440805	,8340819	,7743277	,8002088	,8527151	,8659251	,8726058	,9381408	,10430230	,10955802	,10562086	,10304843	,7165015	,7360330	,10171948	,11810092	,12136731	,10510949	,11834781	,5459514	,4275757	,6380116	,7491663	,7416869	,8336441	,8606311	,9324627	,8923431	,8462890	,9975600	,10959663	,9907238	,9844529	,10375497	,10241357	,8400983	,5972549	,6429497	,7745870	,7615816	,7810625	,8531779	,8335938	,7942974	,7612720	,8927301	,
10501971	,11159134	,10895711	,9517383	,7484707	,8010039	,8924995	,9252930	,9254213	,5845549	,5321521	,8660510	,10166807	,11613214	,10235939	,8609643	,9723499	,10694181	,11283992	,9978937	,11617592	,11229015	,11501455	,9860213	,5524282	,7626857	,9007746	,8276556	,8070949	,8793134	,9054499	,8331043	,8262690	,10235441	,11289920	,10302521	,9384766	,9781066	,7414830	,5576759	,5577775	,5313574	,6362936	,7875658	,7875128	,8269107	,9122876	,9188669	,8858677	,9515590	,
11026004	,10960211	,10304078	,9973835	,9510676	,9051416	,9119008	,10890807	,10964077	,5849676	,3945762	,8201244	,10431513	,11808540	,8536381	,8084069	,10498082	,10757394	,10956575	,10699313	,11682356	,9843501	,8408144	,9524064	,8677995	,7622997	,8412529	,9398395	,9062482	,9653581	,9522006	,7610164	,8920628	,10432828	,10700101	,8726325	,8593461	,8856892	,7413558	,5903665	,7151680	,7547210	,7879516	,9786743	,10309219	,9713733	,9911363	,9712953	,8531252	,7284531	,
10498623	,10824765	,10104390	,8462627	,7739665	,8658196	,9249557	,9249558	,10498611	,8537933	,3749672	,7938323	,11545623	,11154207	,6895665	,9252129	,10166289	,10234651	,10760995	,10958625	,10107689	,9194820	,11561076	,7421509	,6767940	,8741217	,6370112	,6960455	,7945034	,9331575	,9989512	,8139590	,8791101	,9515073	,10568003	,9185077	,7738665	,7870767	,8198703	,7739941	,8071224	,9653091	,9594996	,9465981	,9591914	,8206146	,7746614	,6564139	,5120032	,5315630	,
10300733	,10496319	,9709623	,8594213	,7740693	,8921368	,9774874	,10364954	,10759195	,11023397	,7619652	,8857885	,11350293	,10038560	,8529174	,9772817	,9840404	,10432792	,10301982	,10630430	,10109494	,7756117	,11232110	,8808293	,4138779	,5318954	,5513510	,5379105	,6034212	,7022137	,6701898	,5057840	,7676470	,8136760	,10437957	,8925244	,7082021	,7868706	,9116206	,9709121	,8398912	,9908820	,10050155	,8087139	,6308929	,4729126	,3809562	,3286043	,4334119	,6102327	,
10696519	,9972793	,10298423	,10892365	,9315374	,8791065	,9644056	,10563100	,12008742	,12074020	,10827324	,9841695	,10496791	,9643288	,10035475	,9707275	,10429971	,10169628	,10563614	,11875361	,11880764	,5912872	,8143941	,10516337	,8154982	,4335906	,4661023	,5117471	,5707560	,6232106	,5905447	,6104107	,6691883	,7020332	,9847362	,8992831	,7671842	,8134442	,9186880	,9513031	,8398150	,10042198	,11239058	,11046300	,9072250	,6702147	,5254952	,4991780	,5908780	,7023668	,
11157327	,10235965	,10497089	,10564430	,10499150	,10041168	,9515576	,9906975	,10957596	,12401703	,10958376	,9577745	,9641492	,9379342	,9379845	,10166021	,10693141	,10562584	,10756629	,11217180	,12533291	,11880240	,8602435	,5255983	,8742508	,6774359	,3350807	,4002583	,5050138	,6427684	,7478062	,7805485	,5772321	,5182755	,8272190	,9192781	,8274761	,8600644	,8727869	,8397372	,9056843	,10839934	,11901351	,11968693	,11242139	,9592940	,8801622	,8275786	,7027513	,6500658	,
10565445	,10827335	,10697305	,10830431	,10699876	,10436714	,9452378	,7616578	,8202537	,9973532	,9971990	,8328972	,9116170	,9115654	,9247489	,10955027	,11020820	,10100493	,10428431	,11020576	,11677477	,12728615	,12798009	,6239018	,4206373	,5125682	,2496785	,4200983	,8004908	,8395563	,8332080	,8206915	,6036257	,6233125	,8140344	,8867666	,8475735	,8864075	,8658222	,7871791	,8923965	,11491183	,12229546	,12430527	,11902129	,10914456	,10911887	,10449018	,9199452	,7884368	,
11355996	,11354967	,10699350	,10894937	,10959958	,10762583	,10897768	,10898543	,6500917	,8334366	,8592657	,6951181	,8262914	,9377024	,9903625	,12335147	,12270119	,10692365	,10033922	,11019547	,11414556	,11611422	,12335147	,12141626	,5645591	,3281176	,2758676	,4529689	,9184301	,8200737	,8007725	,10904678	,8731719	,8271679	,8533311	,8737628	,8663876	,9118007	,9313331	,9642809	,10166837	,10959439	,12030376	,12432583	,12366274	,12037045	,11373976	,10710129	,10578284	,10382194	,
11359336	,12148086	,12014445	,11355237	,11156569	,10894943	,11157086	,9059663	,6692894	,9381143	,10824989	,7475205	,7803141	,9705995	,10496023	,11547423	,12204324	,12071462	,10427661	,10955027	,11809317	,11809053	,11481899	,11941680	,8861488	,6893347	,7679528	,8794412	,9122088	,7350563	,8271926	,10368313	,10111824	,8138551	,7611180	,8145230	,9186375	,9644098	,9446713	,9577016	,9182261	,8592429	,10573680	,12031657	,12100017	,11704224	,10907247	,10443097	,10443624	,11232374	,
3483929	,6370102	,9190220	,10106707	,10891344	,10562896	,10302273	,8924717	,9118486	,11087640	,12205602	,9708818	,8393484	,9771277	,10429207	,10890263	,11611163	,10954777	,11020820	,10757647	,11085081	,11415326	,11547441	,11353393	,11155753	,10762545	,11025206	,10828340	,9974569	,8594213	,7477535	,8852505	,9450812	,8862785	,7412009	,8334911	,8923717	,9184578	,9381179	,9121083	,9516865	,8725551	,7752012	,9858945	,11372187	,11174281	,10773605	,10113889	,10242395	,10765142	,
2695438	,1448709	,1645064	,2826003	,3742489	,5970452	,8265497	,8723989	,9641231	,11744550	,12072486	,10692890	,9508879	,9379344	,9510160	,10495762	,10691605	,10691863	,11020050	,11349793	,11022884	,10760225	,10760997	,11154219	,10107701	,9908002	,10300715	,10629178	,9972267	,8332840	,7609895	,8853786	,10035752	,11219773	,10238545	,7480382	,8266814	,8855614	,9577283	,8731717	,8676964	,8735827	,8534849	,9523035	,10972019	,10316399	,10575212	,10508139	,10245477	,10570331	,
10237508	,8273735	,3810847	,1382153	,1117701	,6493710	,8001810	,8132103	,8263432	,8264723	,8594717	,8396820	,8919815	,9050630	,9640717	,10362387	,10363668	,11085843	,10758423	,11414307	,10759976	,10104106	,9250597	,9643310	,8660005	,8722459	,8723999	,9051426	,9774886	,7745073	,8664643	,8723488	,8853020	,10627378	,11158618	,6889781	,7281971	,7675181	,8593710	,8796732	,9389382	,9124929	,10105393	,10567224	,11429731	,11107976	,11041428	,10579331	,10381691	,10775938	,
11485534	,12078192	,9452376	,6170161	,1905164	,5970963	,8855575	,8197637	,7213322	,5901312	,6098432	,7147520	,7935489	,9115654	,9509131	,9248018	,10232341	,10232339	,10956313	,11546142	,12204072	,10497590	,8725029	,9447465	,9248544	,8132379	,9183537	,8788254	,9579059	,6297376	,9117217	,6430239	,6822175	,9773609	,10894670	,8069945	,7673907	,7871790	,9448500	,10434617	,9451071	,9258831	,10042423	,11680549	,12080715	,11362661	,10639976	,10183801	,10841983	,10713730	,
10303308	,12143724	,11290984	,7480633	,4527905	,3216406	,6362643	,6624007	,4851973	,5573386	,6295810	,8000771	,8985608	,8853517	,8198158	,7935754	,8133644	,10365215	,10298645	,11349015	,12072488	,10827311	,8198433	,9380389	,9248542	,8591392	,8591903	,9512496	,10957630	,10300716	,8200737	,5445149	,8658984	,10431284	,9838373	,9775929	,9512757	,9777717	,9975096	,8858422	,8596279	,8668757	,9458261	,10306871	,11352865	,11681845	,11094347	,10508631	,10973042	,11107976	,
8988719	,10106179	,9516102	,7347744	,7414312	,7939101	,8397839	,6296072	,4131584	,6032387	,6164997	,6688260	,7410176	,7607555	,8458499	,9969933	,9181711	,9509647	,10626840	,9508871	,10232082	,10495772	,8394516	,9577257	,9839392	,8459290	,6101284	,9121336	,11747397	,12139837	,9710635	,9051941	,10363939	,9575452	,10100514	,10563121	,10106424	,9447725	,7346212	,5705501	,7808316	,9059402	,9324106	,9524824	,10704203	,11093301	,10699840	,10575461	,10716050	,11440801	,
6101524	,5902602	,6821905	,8134677	,9840404	,11284249	,10299412	,6295043	,4852232	,6164483	,8066310	,7410443	,6426880	,6754304	,7017221	,7672320	,8131074	,7540480	,8590337	,10166548	,10034449	,11018774	,8853259	,8395034	,11744050	,9972516	,8204603	,10103853	,11811650	,11811909	,10889772	,9642273	,9509922	,9575966	,10561581	,10432569	,8068659	,7476528	,6820908	,6625069	,8201270	,9647928	,10175036	,10048331	,10767933	,11224375	,10897481	,9988976	,9865102	,9996435	,
5510155	,5706251	,6952719	,8462102	,9906456	,10103324	,8330514	,6230027	,6361614	,5968136	,7608072	,9053206	,7674389	,6362376	,7084056	,7345159	,7409412	,7217682	,7803139	,8329235	,8723214	,8919565	,8787223	,8131603	,10497332	,11745081	,10431276	,10430500	,11022647	,11612982	,10626858	,9314848	,9968927	,10627109	,9905971	,8985908	,8592944	,7150639	,6297646	,6102579	,6560566	,7807543	,9846847	,10767676	,11418147	,11811111	,11489087	,10318444	,9406087	,8615803	,
6301221	,5968910	,6690579	,7609362	,8002838	,7674391	,6431256	,6624783	,7083016	,6231819	,6689541	,7674642	,6166299	,5839907	,7150878	,8066570	,7746863	,8540742	,8131595	,8721933	,8918793	,9575438	,8986136	,8395288	,10890030	,11350834	,10167328	,10363686	,10759214	,10757921	,10035490	,9968928	,10167328	,10561581	,9971238	,10430757	,8070951	,5905447	,5904168	,5773610	,6362928	,7020860	,8400702	,9449007	,10496802	,11153183	,11489605	,11303034	,10718871	,9733516	,
8271434	,6034964	,5705993	,6493199	,6886413	,7150102	,6890012	,7018253	,7477010	,5641741	,6625294	,7214861	,7739919	,8132884	,7672843	,6950144	,7610389	,8263692	,9248275	,9246734	,9376772	,9772300	,9905434	,9905696	,11350580	,10167077	,9509146	,10036003	,10429478	,9510433	,9051426	,8462888	,9511464	,9379100	,9641243	,10365483	,5511970	,6823720	,9909572	,7546165	,6758199	,6495792	,6757937	,7347764	,9251640	,10891035	,11357244	,11561315	,11572895	,11311014	,
4992298	,6695206	,6034956	,5639945	,6492938	,6689547	,7083278	,7673872	,7936783	,6427143	,6361865	,7476232	,7214864	,7546400	,7945273	,7282203	,7476747	,8262403	,9969431	,8722700	,8196610	,8656393	,9247504	,10035999	,10366249	,9312025	,9443100	,8789281	,8398122	,7807024	,7478060	,7742261	,8988983	,9445153	,9116192	,9379881	,7609121	,8068646	,8924995	,7677232	,6166830	,4985636	,5708072	,7152695	,8991819	,9841961	,9775391	,10568507	,11301237	,10584965	,
1381892	,2629905	,5713963	,6890786	,5838092	,6230538	,7411217	,7936018	,7411471	,6427656	,6098944	,7213322	,7082765	,6832184	,7417374	,7214092	,7607569	,8394246	,8919312	,6885637	,7016196	,7606539	,8328984	,9510425	,9180439	,8721935	,7477274	,6821661	,8527398	,8464693	,8596283	,8465473	,8398651	,8792892	,9711415	,8264478	,7542051	,7807024	,9056583	,6823469	,4066844	,4001053	,5445927	,6824243	,8336456	,9453382	,9186852	,9781559	,10904159	,10121065	,
3748134	,1381894	,1448210	,4008484	,6299417	,6427407	,7215115	,7739155	,7017483	,5967366	,6821634	,6951428	,7410950	,7477014	,7475205	,7804168	,8263953	,8459792	,7737607	,6754053	,6951440	,8066321	,8722703	,8852495	,9575450	,9316904	,6101021	,7412767	,9182234	,8855075	,8792890	,8924225	,8399431	,8005948	,9252669	,8920357	,7740196	,8859455	,9318987	,7678261	,4526879	,4789024	,6626864	,7809069	,7807802	,8465473	,10304306	,11165265	,11040122	,9728112	,
6377031	,5654086	,2561799	,3870720	,6099471	,7082763	,7214351	,6820620	,6623754	,5509127	,6296064	,7280896	,8198659	,7869696	,7344650	,7476236	,7871770	,8461597	,8722710	,8329493	,8526359	,9510173	,9773597	,10036769	,10693931	,9774372	,7542552	,8525852	,9247253	,8656666	,8134960	,8728127	,8662599	,8531268	,8992589	,9385021	,8658725	,9188167	,8990022	,9385805	,7678776	,5773865	,6823992	,9324357	,8136760	,5903656	,8068908	,10439750	,10116953	,9261392	,
5706253	,5773077	,5246464	,5771268	,5967631	,6165513	,6492687	,6296078	,6295557	,5836546	,5246466	,6623748	,6886400	,7213824	,6688771	,6361352	,6951441	,7674653	,7411991	,8330273	,8789531	,9839905	,10627625	,9509398	,9245972	,8984592	,9050389	,8853269	,8657167	,8854289	,8527392	,8662076	,8859461	,8794697	,9253709	,9713473	,8988981	,8529985	,8597321	,9454168	,8860483	,7219001	,7155263	,8928843	,7151153	,6167340	,7412267	,8800850	,9728122	,10118517	,
5246729	,5640449	,6098180	,5508614	,5574154	,5770763	,6361613	,5574407	,5837059	,6689800	,4984320	,5245955	,6164737	,6295040	,6360322	,6491908	,6623503	,6295317	,6624023	,7542562	,8132894	,9184039	,9184289	,7606019	,7933444	,8131074	,8524295	,8262409	,8066059	,8263179	,8198160	,8267314	,8859461	,9123922	,8860231	,8990008	,8268094	,7875138	,8665683	,9256791	,8070974	,8138300	,8007994	,6955568	,5839658	,6955568	,7478837	,8599878	,9661567	,10579347	,
6298136	,6822165	,6955039	,6166802	,5771268	,5574407	,5181441	,4263938	,5706506	,6296583	,5115394	,4983810	,5377539	,5837312	,5967364	,6426880	,6361613	,6099478	,7214877	,7477020	,8657955	,9840691	,9511975	,7998978	,8065802	,8131077	,7802628	,8064773	,7738126	,7738134	,7935000	,8594223	,8925254	,8795990	,8269896	,7743544	,7218746	,7811916	,8471127	,7810376	,7742523	,8860491	,6627638	,5773612	,6693171	,7283252	,8134192	,8927038	,9916263	,10113656	,
6099732	,6230803	,6829110	,6566962	,4787458	,5049603	,5772295	,4527117	,5509384	,6559241	,4919047	,4722178	,5574405	,6294529	,6033411	,6033410	,6163973	,6820624	,7805209	,7609368	,8657949	,9249571	,9314335	,7998988	,7867401	,7736835	,7737607	,7606539	,8065550	,8197137	,8328730	,9052454	,8859712	,8008266	,8137027	,7284281	,7088959	,7746893	,7418447	,6431033	,7939902	,7940672	,5579053	,6168883	,6497588	,7545397	,9389896	,10179674	,9260890	,9396587	,
5444371	,6493197	,6034707	,4722186	,4655872	,5377539	,7806998	,5970189	,5771782	,6559754	,5574916	,6427658	,6033410	,5970185	,6361863	,6098433	,6426369	,7409671	,7477785	,7543064	,7936282	,8658978	,7872032	,7018528	,7937314	,8067354	,7739933	,7545384	,8657696	,8525074	,8065808	,8330013	,8137785	,7613759	,7153722	,6890804	,7089220	,6958915	,6430012	,6889524	,7021620	,6037035	,6168880	,6562868	,6824243	,7616831	,7489371	,7881048	,8867423	,8807788	,
5510165	,5837585	,6690325	,6887957	,6231308	,6822416	,7085085	,5182486	,5706251	,7018512	,6822416	,8527903	,6754831	,6493457	,7148556	,7017221	,6754051	,7280395	,4135442	,5836560	,5705750	,5247260	,5181728	,5642275	,7413549	,7478827	,6626090	,7284022	,7677234	,8003875	,8526359	,7938084	,7415867	,6891834	,6366260	,6431540	,6104635	,6168631	,6626864	,6561071	,5643815	,6038316	,6824758	,6759729	,5579054	,4202278	,5187904	,8078946	,9982580	,9720693	,
