12534881	,12599662	,12597619	,12660849	,12660853	,12726134	,13118328	,13249664	,13315970	,13382029	,13643409	,14101650	,14494870	,15019420	,15480223	,15942819	,16472484	,16674216	,16678056	,16613294	,16679858	,16681142	,16681657	,16682176	,16157848	,15042870	,14845740	,14778669	,13983543	,12927819	,13254505	,16072380	,16666854	,16675038	,16545235	,15102122	,13198154	,13523523	,14637464	,14506161	,13979809	,13715857	,12796788	,11812185	,10499139	,9908794	,8924468	,8465198	,8464430	,7939127	,
12534880	,12599658	,12532335	,12792435	,12726133	,12660598	,12922232	,13249664	,13250947	,13513100	,13708688	,14035859	,14232725	,14692251	,15348637	,16072611	,16471463	,16673703	,16611752	,16613035	,16680109	,16680884	,16681916	,16683452	,16028026	,15044135	,15043624	,14910255	,13918267	,12863311	,13516401	,16401346	,16536805	,16675802	,16676308	,15298990	,13394766	,13457730	,14506129	,14768558	,14045602	,13454477	,12601202	,11681630	,10368840	,9777465	,9186611	,8595503	,8463919	,7742766	,
12732260	,12665958	,12598633	,12858479	,12857203	,12792439	,12857466	,13184384	,13185155	,13381512	,13708684	,14102163	,14101654	,14758044	,15283357	,15743646	,16404648	,16672933	,16677286	,16679081	,16680877	,16681142	,16681919	,16552632	,15634273	,14913060	,15043370	,14910001	,13853502	,12864340	,13712759	,16402377	,16604390	,16676055	,16676306	,15495600	,13461077	,13327425	,14506376	,14834350	,14046632	,13323920	,12535668	,11877729	,10630476	,9580858	,8924727	,8398386	,8332593	,7677234	,
12601441	,12731749	,12730215	,12728428	,12726382	,12726644	,12726395	,12988033	,13184901	,13513096	,13709453	,13970577	,14101142	,14626203	,15151773	,15678367	,16469414	,16672165	,16677286	,16679592	,16680623	,16681144	,16682171	,16355502	,15437136	,15044135	,15239980	,15106615	,13852747	,12733278	,13975935	,16404682	,16670693	,16676052	,16676049	,15364532	,13264470	,13130556	,14309502	,14768557	,14308007	,13518991	,12798070	,11746907	,10499399	,9515578	,8530739	,8464176	,8333107	,7676470	,
12470619	,12732002	,12730215	,12532075	,12793199	,12791924	,12726395	,12856702	,13119362	,13315971	,13643914	,13839761	,14035606	,14495130	,15086237	,15546529	,16402852	,16606115	,16611495	,16679594	,16680620	,16615602	,16682935	,16421533	,15241019	,15109925	,15174956	,15172924	,14180697	,12995432	,14304647	,16472782	,16671459	,16676309	,16676047	,15495350	,13461337	,13262134	,14375032	,14702765	,14439080	,13847447	,12861815	,11812189	,10303560	,9318713	,8924981	,8465196	,7938860	,7348535	,
12470356	,12797791	,12862056	,12729708	,12793967	,12660338	,12922491	,12988284	,13315970	,13512837	,13578380	,13577616	,14037142	,14364311	,14823835	,15611557	,16140194	,16672163	,16677286	,16680107	,16681131	,16681906	,16683190	,16290436	,15110185	,15175972	,15109676	,15238466	,14378607	,13191545	,14435982	,16604884	,16541663	,16677076	,16676304	,15626425	,13788764	,13392689	,14571635	,14899377	,14046378	,13585303	,12862332	,12139109	,10761293	,9712444	,8596530	,8333612	,8070189	,7152947	,
12667737	,12733278	,12862819	,12730217	,12794478	,12857971	,12988538	,13053820	,13250177	,13512837	,13710477	,13775760	,13971347	,14233240	,14692508	,15546531	,16074401	,16671139	,16677025	,16680358	,16681642	,16682676	,16683957	,15962478	,15241254	,15307815	,15307056	,15369810	,14379155	,13322906	,14633627	,16672466	,16673757	,16677328	,16676047	,15692218	,13920096	,13458482	,14571116	,14899630	,14046632	,13453974	,12665980	,12008806	,10826572	,9908794	,8793395	,8595250	,8266797	,7546416	,
12733279	,12536923	,12666718	,12665188	,12598379	,12858739	,12791673	,12921980	,13250178	,13513349	,13514119	,13710477	,14102165	,14298521	,14626715	,15284897	,16074664	,16670378	,16677284	,16680867	,16681385	,16617396	,16487088	,15699805	,15437350	,15175718	,15437875	,15632735	,14315180	,13652661	,15029160	,16673236	,16674268	,16677581	,16676303	,15758524	,13855332	,13262132	,14440296	,14965677	,14440368	,13585049	,12600189	,11681381	,10630987	,10236219	,9250870	,8331828	,7808046	,7545393	,
12798555	,12864095	,12798304	,12862567	,12926319	,12793450	,12726895	,12792186	,13185663	,13316998	,13448075	,13776272	,13971858	,14233240	,14692508	,15219106	,15878051	,16670372	,16676775	,16681124	,16616105	,16683189	,16618401	,15503688	,15241765	,15110438	,15372599	,15960946	,14905280	,13719753	,15162040	,16609237	,16609756	,16677836	,16676304	,15889597	,14051431	,13392948	,14375008	,14834089	,14112432	,13455003	,12796800	,11747170	,10762060	,9646653	,9054774	,8463664	,7808556	,7545387	,
12798807	,12929888	,12798052	,12797544	,12795499	,12859244	,12990065	,12858230	,12923770	,13317249	,13513866	,13842315	,13775500	,14167705	,14430366	,15088545	,15878818	,16605349	,16677025	,16680871	,16682158	,16683697	,16421521	,15372344	,15373088	,15307304	,15700800	,16223880	,15102412	,13982674	,15426755	,16677073	,16677082	,16678345	,16676303	,15955391	,14117739	,13262130	,14243932	,14768807	,14243761	,13586078	,12600959	,11485540	,10762319	,9647164	,8859437	,8727341	,8333107	,7938611	,
12864851	,12733532	,12667236	,12732262	,12796010	,12860014	,12990065	,12858232	,12857981	,13251456	,13448584	,13711756	,13776268	,14037401	,14298778	,14891677	,15747744	,16606113	,16677537	,16680869	,16682417	,16684722	,16159867	,15306542	,15373090	,15373351	,15962953	,16420510	,15102677	,14179801	,15822799	,16678611	,16678357	,16678343	,16675790	,16020673	,14314353	,13262643	,13982039	,14637990	,14309300	,13586078	,12666754	,11813226	,11090509	,9778748	,8859184	,8726830	,8332590	,7676209	,
12930644	,12733528	,12667745	,12601190	,12730730	,12794733	,12793199	,12792184	,12857217	,13185667	,13514377	,13712274	,13711506	,13906583	,14233500	,14891681	,15681951	,16410013	,16677538	,16681126	,16682927	,16618928	,15831654	,15306794	,15438629	,15504683	,16159318	,16682928	,15299286	,14310618	,16021972	,16679892	,16679122	,16678343	,16675534	,16085698	,14444918	,13196598	,13850964	,14638503	,14244533	,13520798	,12797317	,12009324	,10762569	,9646910	,8792631	,8594993	,7938854	,7611691	,
12995926	,12865116	,12799584	,12601956	,12600422	,12730217	,12859762	,12989818	,12923774	,13185665	,13580162	,13777804	,13777553	,13841553	,14168987	,14695070	,15550880	,16344732	,16677794	,16681126	,16683440	,16553384	,15503958	,15307297	,15373600	,15504683	,16290152	,16683195	,15496405	,14506718	,16089043	,16680398	,16680402	,16678600	,16676045	,16151487	,14379897	,13262904	,13917010	,14703783	,14309813	,13585827	,12797576	,11747431	,10369101	,9450301	,8727348	,8399154	,8070188	,7808556	,
12995922	,12996186	,12799836	,12799584	,12601443	,12730730	,12925814	,12990327	,12923772	,13054595	,13448835	,13580423	,13711758	,13645201	,14103964	,14563484	,15419807	,16213663	,16678562	,16681890	,16683698	,16488092	,15569984	,15307805	,15307807	,15832366	,16552822	,16682945	,15626709	,14834911	,16222159	,16681167	,16681423	,16679109	,16676809	,16152767	,14446717	,13198392	,13786444	,14769060	,14505910	,13847974	,12732298	,11682408	,10828623	,9713206	,8400683	,8006448	,8004396	,7610665	,
13061199	,12996437	,12734294	,12734554	,12733538	,12665705	,12861043	,12925557	,12989563	,13121151	,13383814	,13515400	,13581452	,13580690	,14039193	,14629277	,15288735	,16082849	,16678816	,16682401	,16683953	,16355977	,15373361	,15308065	,15373347	,16159795	,16683900	,16682433	,15823063	,15097823	,16421581	,16682193	,16682697	,16613570	,16676552	,16086974	,14512512	,13198392	,13589064	,14702754	,14636985	,13979558	,12732298	,11944299	,11025484	,9778486	,8269610	,7809835	,8070699	,7545644	,
13126994	,13193555	,12800085	,12668759	,12799585	,12797801	,12730219	,12991600	,12990329	,12990325	,13186946	,13514632	,13646732	,13646741	,13711253	,14301343	,15026589	,15952031	,16679839	,16682663	,16684202	,16224884	,15372849	,15373610	,15504935	,16421687	,16683389	,16682690	,16019931	,15097823	,16488655	,16682961	,16683721	,16679363	,16675785	,16282815	,14905220	,13460281	,13589065	,14636708	,14637239	,13783459	,12601990	,12010094	,10762832	,9515325	,8466225	,8204330	,8136744	,7479851	,
13126734	,13192787	,13061727	,12799584	,12800095	,12733287	,12928107	,13057393	,13121913	,13121404	,13186433	,13449354	,13777804	,13778318	,13908885	,14038431	,14960034	,16082847	,16679842	,16682660	,16684198	,15831650	,15176231	,15373860	,15636523	,16290879	,16683392	,16682179	,15822809	,15491804	,16555979	,16683724	,16683975	,16679363	,16677324	,16349121	,14708360	,13525312	,13654088	,14834590	,14703293	,13783721	,12995208	,11748716	,10436177	,9582648	,8925231	,8138032	,8136492	,7481132	,
13389391	,13258067	,13061719	,12931168	,12800863	,12734053	,12731759	,12993140	,13253240	,13251710	,13317249	,13383812	,13385354	,13582733	,13778578	,14235548	,14894238	,15951261	,16613797	,16683174	,16552858	,15635023	,15242274	,15570728	,15702062	,16356672	,16683394	,16682690	,15887834	,15819486	,16623053	,16683724	,16684997	,16679617	,16677066	,16414401	,14708106	,13460034	,13589064	,14703517	,14638525	,13783978	,12864901	,12141930	,11091536	,10368314	,9186611	,7940655	,8136239	,7480105	,
13323084	,13455446	,13259348	,13128540	,12735322	,12669026	,12667247	,12862581	,13253750	,13121402	,13252990	,13384064	,13581963	,13844625	,13909139	,14300825	,14631579	,15885217	,16613797	,16683689	,16422285	,15438649	,15307554	,15570728	,15767604	,16488006	,16683398	,16683200	,16214749	,16081887	,16689612	,16683981	,16685761	,16613821	,16677063	,16414401	,14839694	,13394757	,13457989	,14571930	,14507193	,13718957	,12864652	,11879789	,11090257	,9778239	,8858935	,8399666	,7743274	,7479592	,
13126732	,13389904	,13259348	,13062746	,12932186	,12735074	,12799082	,12863343	,13058422	,13056888	,13318528	,13383812	,13646982	,13648524	,13843862	,14038171	,14499742	,15818915	,16613285	,16617384	,16159865	,15373100	,15175972	,15438890	,15898680	,16619340	,16683653	,16617404	,16410588	,16212959	,16625096	,16684747	,16686272	,16679101	,16677061	,16610753	,15167892	,13526090	,13261632	,14441112	,14704061	,13783982	,12994706	,11880300	,10959952	,9385281	,8662323	,8268076	,7480872	,7480102	,
13258318	,13389902	,13455705	,13259356	,13063517	,12866660	,12931430	,12864362	,13059445	,12861304	,13122431	,13450114	,13647236	,13713547	,13844373	,13908382	,14565537	,15817634	,16612265	,16354978	,15897447	,15241514	,15175457	,15438891	,15964219	,16685393	,16684162	,16616891	,16606684	,16475870	,16691398	,16685772	,16686526	,16679101	,16677317	,16676031	,15298454	,13526092	,13195836	,14375571	,14769854	,13849262	,12994706	,12207473	,10828625	,9974595	,9121588	,8006185	,7808556	,7480619	,
13257807	,13455184	,13587030	,13259098	,13129050	,12932449	,12866405	,12799080	,13124723	,13123447	,12992378	,13516669	,13581700	,13778318	,13844371	,13974679	,14499740	,15553700	,16545710	,16354716	,15634776	,15109413	,15109915	,15504426	,16160830	,16685397	,16684672	,16682684	,16671964	,16542172	,16691398	,16620232	,16686524	,16679101	,16677828	,16676288	,15560347	,13788497	,13261879	,14310027	,14572986	,13915053	,12863630	,11944052	,10893144	,10040128	,8859186	,8071978	,8004396	,7283503	,
13323600	,13521231	,13521742	,13325141	,13195095	,13064286	,12932453	,12865385	,13124975	,13385338	,13516158	,13385083	,13319808	,13713801	,13845137	,14040725	,14301852	,15288999	,16281258	,16157071	,15437387	,15239969	,15240987	,15701285	,16422977	,16685142	,16684667	,16682169	,16474587	,16543193	,16690376	,16620484	,16686777	,16679355	,16677825	,16675520	,15756705	,13985111	,13262132	,14244483	,14572475	,13915053	,12798857	,12075634	,11025240	,9647932	,8334641	,8203055	,7873839	,7283503	,
13389641	,13521739	,13521740	,13390933	,13260887	,13196126	,13064035	,13194602	,13060976	,13058419	,13254522	,13057917	,13386114	,13648522	,13844625	,13909655	,14301603	,15288234	,16017321	,15762561	,15239998	,15174176	,15240474	,15569697	,16488257	,16685144	,16618874	,16681911	,16474589	,16675289	,16689865	,16620995	,16687031	,16679867	,16678082	,16675264	,15887527	,14050653	,13196337	,14178944	,14703039	,13718704	,12864659	,12271475	,10501208	,9843777	,8596532	,7874349	,7612460	,7546162	,
13454920	,13455949	,13456208	,13522001	,13522520	,13260638	,13130339	,12998757	,12996202	,13191027	,13188987	,13123194	,13582466	,13517190	,13910418	,13843609	,14301090	,15285424	,16014505	,15498353	,15173173	,15172900	,15239202	,15897385	,16422975	,16685401	,16684664	,16551092	,16670175	,16348886	,16689095	,16686526	,16687290	,16679097	,16677821	,16610751	,16346288	,14182503	,13130293	,14112372	,14572473	,13915056	,12864147	,11748213	,10828374	,9646398	,8991024	,8137512	,7874090	,7283501	,
13454668	,13521482	,13587281	,13587281	,13653587	,13325916	,13195872	,13064546	,13062505	,13060209	,13123964	,13320573	,13582213	,13647754	,13910418	,13975959	,14236320	,15023532	,15684259	,15495529	,15106353	,15040799	,15172385	,15634476	,16422722	,16685660	,16684921	,16616883	,16539101	,16283604	,16688327	,16687039	,16687288	,16679097	,16677310	,16610240	,16607928	,14444148	,12999473	,13915504	,14571956	,14111921	,12995735	,11747958	,10631511	,9778497	,8925230	,8333608	,8202022	,7610667	,
13585739	,13455436	,13587535	,13587281	,13719382	,13588570	,13392733	,12999521	,13063786	,12995697	,13321342	,13517952	,13516420	,13581963	,13778831	,13976470	,14041249	,14630827	,15157662	,15296343	,14973225	,15104284	,15367203	,15633708	,16422726	,16685409	,16684668	,16682925	,16539353	,16349396	,16687306	,16687548	,16687026	,16547517	,16678082	,16675775	,16672441	,14706050	,13197112	,13784939	,14505650	,13981108	,12602008	,11813240	,10893657	,9909318	,8794163	,8006187	,7350313	,6955304	,
13520200	,13521229	,13521999	,13587796	,13719128	,13654618	,13458780	,13065826	,12999273	,13062513	,13190778	,13386619	,13582466	,13713801	,13845137	,13845913	,13911203	,14107306	,14567059	,14900294	,14970404	,15101727	,15430692	,15501612	,16357449	,16685922	,16684926	,16682666	,16408535	,16480982	,16620233	,16687547	,16686770	,16679617	,16678587	,16675772	,16673211	,14969224	,13000247	,13588323	,14375606	,13784758	,12667799	,12141691	,10893657	,9581638	,8466229	,8005935	,7218987	,7021358	,
13585992	,13587271	,13521488	,13587542	,13785175	,13719898	,13524572	,13131358	,12999525	,12998254	,13192312	,13322105	,13386366	,13451396	,13845135	,13911706	,13911971	,13846180	,13845123	,14240313	,15097378	,15229728	,15363620	,15698742	,16291916	,16685920	,16619642	,16682155	,16277210	,16547027	,16684232	,16687035	,16685746	,16679614	,16678331	,16676285	,16674748	,15100558	,12869176	,13588061	,14506415	,13719216	,12800407	,11814519	,10631511	,9450561	,8399664	,8268076	,7415592	,6955566	,
13652037	,13784134	,13587022	,13718869	,13982041	,13982554	,13786970	,13328221	,13327972	,13130089	,13127795	,13257851	,13321602	,13386116	,13976462	,13911447	,13847455	,13519007	,13320824	,13910068	,15093790	,15161374	,15165727	,15501363	,16226125	,16555104	,16685435	,16681900	,16211674	,16481491	,16683208	,16686522	,16685233	,16613562	,16678078	,16676540	,16608439	,15296407	,13197376	,13653587	,14570917	,13784750	,12669591	,11683448	,10763610	,9647427	,8662577	,8399401	,7546917	,6890026	,
13520449	,13783625	,13783884	,13850194	,13916248	,13982291	,13852247	,13656159	,13459298	,13065316	,13259631	,13258105	,13124736	,13386114	,13910665	,13846165	,13520285	,13061012	,12600424	,13451310	,14633504	,15094560	,15361314	,15631414	,16291405	,16685924	,16685692	,16682155	,16081112	,16350675	,16682185	,16686264	,16684210	,16679608	,16678076	,16610490	,16673723	,15755167	,13263172	,13325643	,14439841	,13981359	,12668312	,11880059	,10960989	,9582145	,8728370	,8267817	,8136231	,7808044	,
13586246	,13783621	,13849165	,13784401	,13982291	,14048597	,13918040	,13787232	,13459809	,13197155	,13259886	,13257592	,13255807	,13649538	,13845385	,13715097	,13390493	,12735116	,12011351	,12993319	,14174243	,14962722	,15490341	,15695166	,16290639	,16685411	,16686204	,16682412	,15950037	,16284880	,16681928	,16686007	,16684208	,16679610	,16678333	,16611000	,16673467	,15885219	,13262667	,13260613	,14439582	,13915568	,12734362	,11749243	,10829142	,9581885	,8662577	,7939883	,7939363	,7545384	,
13586246	,13848646	,13979980	,13981263	,14113619	,14113877	,13983071	,13721439	,13525602	,13328998	,13195883	,13323896	,13453441	,13518722	,13714569	,13715606	,13391003	,12276865	,11751507	,12470057	,13649699	,14635295	,15292709	,15759933	,16159568	,16685666	,16685436	,16683438	,15883992	,16154060	,16550085	,16686777	,16682929	,16679865	,16678072	,16675511	,16673719	,15819942	,13524822	,13194819	,14308497	,13719468	,12603798	,11749500	,11091293	,9647681	,8990259	,8398126	,7545387	,7020583	,
13586244	,13914693	,14046027	,13981515	,14244687	,14245201	,14245724	,14049374	,13722719	,13460327	,13327720	,13521263	,13453439	,13649540	,13780361	,13716118	,13194141	,11885177	,11425603	,12078622	,13059872	,14043938	,14768174	,15627844	,16291154	,16619877	,16686210	,16617394	,16015830	,16285644	,16550085	,16555445	,16683184	,16614837	,16678325	,16676273	,16674485	,15952293	,13656408	,13130046	,14112399	,13522857	,12865942	,12076416	,11090784	,9647681	,8991023	,8465194	,7415338	,6562601	,
13455685	,13849669	,13981002	,14112847	,14113619	,14245203	,14311769	,14115417	,13788510	,13525867	,13328751	,13457522	,13258622	,13453699	,13650056	,13585300	,12931982	,11428460	,11099964	,11687714	,12536612	,13388580	,14309681	,15429700	,16289875	,16685929	,16686726	,16683450	,15950035	,16285387	,16352706	,16621234	,16683438	,16680887	,16678583	,16610992	,16674740	,16083621	,13721951	,12998717	,14177673	,13653675	,12865691	,11748989	,10829144	,9910075	,8924971	,7744296	,7219500	,7218730	,
13455685	,13718340	,14047048	,14113101	,14113364	,14245205	,14245976	,14180952	,13919330	,13526378	,13263983	,13262703	,13195382	,13258368	,13585036	,13520537	,12736135	,11233375	,10774321	,11361827	,12078630	,12601639	,13915445	,15362629	,16419927	,16686186	,16686726	,16682943	,15884242	,16219340	,16286913	,16686767	,16617899	,16680631	,16678329	,16676273	,16674738	,16214182	,13852773	,12932667	,14046079	,13521828	,12734616	,11945598	,10763610	,9647680	,8662573	,7940646	,7350313	,7217959	,
13652035	,13980485	,14177864	,14178634	,14244687	,14179410	,14245465	,14311006	,13919328	,13657955	,13461095	,13394283	,13326707	,13390208	,13650829	,13324181	,12539518	,11234379	,10777891	,11562781	,12212776	,12340011	,13586744	,15361350	,16419416	,16685924	,16687496	,16682432	,15884241	,16023244	,16353731	,16686251	,16683177	,16680374	,16678069	,16676273	,16674479	,16345257	,14115434	,12932918	,13849208	,13652895	,12799896	,12141954	,11091297	,9647681	,8466476	,7874852	,7612456	,6693926	,
13652035	,13849669	,14112841	,14244425	,14376273	,14376791	,14311258	,14376797	,14116187	,13985889	,13658728	,13460335	,13327734	,13522304	,13652360	,13062539	,12211826	,11300413	,10847259	,11566105	,12280611	,12209706	,13324087	,15163716	,16353109	,16685924	,16687760	,16682433	,15753677	,15957962	,16026047	,16686764	,16683434	,16680885	,16678834	,16676272	,16673711	,16213932	,14115696	,12933427	,13587822	,13652895	,12602779	,11879554	,10829403	,9581885	,8401197	,7744296	,7547178	,6628133	,
13455938	,13784134	,13981513	,14113352	,14245203	,14311256	,14245463	,14311255	,14312285	,14116709	,13658474	,13330028	,13263218	,13458300	,13654150	,12932745	,11752813	,11300405	,11374618	,11897367	,12415521	,12276526	,12930618	,14833990	,16220758	,16685930	,16621720	,16681920	,15884493	,15891403	,15828668	,16620968	,16683177	,16681141	,16679091	,16676272	,16673711	,16148393	,14115702	,12933175	,13456483	,13456539	,12799644	,12077187	,10502235	,9189182	,8335404	,7940646	,7546663	,6956328	,
13718594	,13849929	,13981000	,14112837	,14376270	,14377041	,14376789	,14573398	,14378331	,14051166	,13789541	,13723756	,13460337	,13524347	,13523844	,12606082	,11295328	,11234341	,11703571	,12359445	,12615711	,12344110	,12537657	,14766917	,16153433	,16685680	,16687519	,16681406	,16080591	,15824846	,16025534	,16686502	,16682917	,16681393	,16678836	,16676526	,16674477	,16215207	,14116474	,12998717	,13390941	,13587346	,12996246	,12011393	,10436956	,9647938	,8794159	,8072232	,7415588	,6824997	,
13718081	,13915207	,14112588	,14178634	,14245452	,14311758	,14377300	,14573915	,14640220	,14444124	,14118240	,13855592	,13657712	,13591931	,13263744	,12674169	,11362380	,11299874	,12097302	,12232474	,12619291	,12412198	,12472113	,14111046	,16151133	,16684408	,16622498	,16616383	,15688145	,15757770	,15960254	,16685987	,16617639	,16681393	,16678066	,16676013	,16674986	,16149159	,14443394	,12802620	,13390413	,13652099	,12865430	,11880578	,10764129	,9779266	,8533042	,7941158	,7350565	,6823971	,
13784387	,13849926	,13981513	,14310220	,14442317	,14377038	,14377040	,14639442	,14509913	,14313565	,14117990	,13790828	,13528941	,13265528	,13068416	,12544113	,11363910	,11300387	,12360464	,13087508	,12885278	,12676899	,12538168	,14045004	,16149599	,16683902	,16688549	,16682430	,15819981	,15955401	,16026299	,16685989	,16683430	,16680623	,16612784	,16676013	,16608682	,16083368	,14509700	,13065274	,13259330	,13390207	,12538005	,11880835	,10960990	,9910075	,8794674	,8333608	,7742502	,7152937	,
13718340	,13915719	,14047306	,14309965	,14310731	,14377038	,14508626	,14574417	,14706778	,14575967	,14249315	,13987691	,13594993	,13266293	,13266295	,12480103	,11169340	,11038996	,12491018	,13678865	,12954392	,12549155	,12473402	,13847882	,16016737	,16683396	,16688297	,16681662	,15688392	,15823813	,16026550	,16685732	,16683430	,16680623	,16678831	,16676779	,16608682	,16148139	,14575241	,13131067	,13193275	,13323894	,12603281	,11750019	,10960990	,9778746	,8794159	,8268070	,8070440	,7151654	,
13718594	,14047559	,14178379	,14244427	,14376520	,14508878	,14509139	,14509139	,14772311	,14708059	,14445924	,14119017	,13661289	,13332849	,13267569	,12219987	,11040301	,10843411	,12620813	,14073114	,13416984	,12487456	,12277559	,13388364	,15883365	,16682891	,16622508	,16615615	,15556809	,15626182	,16026547	,16685476	,16683428	,16680879	,16613033	,16677034	,16674988	,16345259	,14771340	,12934468	,12996409	,13322865	,12668048	,11618433	,10698847	,9648191	,8597041	,7809059	,7611170	,7413799	,
13784387	,14047048	,14178634	,14178632	,14442313	,14508878	,14509139	,14575189	,14772311	,14707294	,14510695	,14380909	,13792364	,13464434	,13071722	,12155724	,11107367	,10976278	,12555024	,14203931	,13878558	,12819491	,12148540	,13322326	,15685227	,16681876	,16688044	,16681408	,15557068	,15429321	,15961522	,16685730	,16617635	,16681134	,16678824	,16676520	,16543400	,16148389	,14771340	,12934217	,12865593	,13258095	,12734095	,11684226	,10829920	,9713731	,8728116	,7940396	,7546149	,7283493	,
13784133	,13981513	,14178634	,14047305	,14376270	,14573392	,14639696	,14772050	,14772568	,14772569	,14641501	,14576997	,13923180	,13465967	,12941663	,12418882	,11371043	,11239697	,12489488	,14465816	,14339620	,13217062	,12086331	,13060179	,15487093	,16680092	,16688044	,16484797	,15492298	,15429321	,16028080	,16685215	,16683428	,16681134	,16678826	,16676008	,16608680	,16084132	,14773133	,13196108	,12734258	,13061474	,12537737	,11684226	,10828643	,9450052	,8596530	,7874601	,7743017	,6759202	,
13718592	,13915973	,13981764	,14113348	,14442063	,14770771	,14771280	,14772048	,14772569	,14838362	,14707805	,14511970	,13989225	,13401456	,12877917	,12485942	,11831576	,11437331	,12227597	,14399508	,14799140	,13679647	,12352565	,13192276	,15289471	,16678050	,16687531	,16419003	,15426501	,15298500	,15963054	,16685469	,16683682	,16681645	,16679083	,16676519	,16608934	,15821989	,14708110	,13327183	,12865072	,13061464	,12537476	,11618946	,10894181	,9516103	,8991024	,8006438	,7479845	,6759719	,
13718590	,13981253	,13981764	,14114117	,14311245	,14639442	,14640210	,14837849	,14902617	,14903644	,14773852	,14577763	,14120300	,13400938	,12943446	,12748085	,12159259	,11634959	,12161551	,14005011	,15061019	,14207270	,12946231	,13258067	,15026049	,16479655	,16687276	,16287675	,15295426	,15298498	,15897772	,16685468	,16683681	,16616107	,16678824	,16676258	,16478628	,15821734	,14707087	,13261652	,12800310	,12995671	,12471683	,11422334	,10698593	,9779526	,9122350	,7940133	,7349288	,6890022	,
13850431	,13915712	,13981000	,14178891	,14311497	,14377292	,14574930	,14772307	,14838104	,14707292	,14643043	,14577763	,14120550	,13598053	,12943950	,13075507	,13011482	,12094222	,12096524	,13938708	,15257119	,14799660	,13082681	,13129052	,15026828	,16477354	,16686256	,16353210	,15229383	,15298498	,16159655	,16684955	,16618146	,16680877	,16678822	,16677027	,16674976	,16018337	,14706576	,12999759	,12537388	,13192022	,12340097	,11356543	,10633572	,9648450	,8729134	,7940142	,7415081	,6890535	,
13718079	,13718332	,14047046	,14113352	,14245703	,14639694	,14770769	,14902355	,14968924	,14838102	,14970717	,15036518	,14316646	,13597786	,12944448	,13010469	,13143058	,12553488	,12293392	,13610513	,15256094	,15324973	,13675833	,13392482	,14632598	,16278956	,16685489	,16549819	,15098567	,15233726	,16291491	,16684699	,16618401	,16681385	,16679077	,16677025	,16675235	,15887519	,14575503	,13065552	,12473129	,12667470	,12078205	,11357565	,10568288	,9582657	,8794672	,8071980	,7545897	,7151909	,
13718594	,13784638	,13915969	,14179396	,14376771	,14573639	,14901836	,15033422	,14838100	,14969688	,14904925	,15102050	,14513763	,13729626	,13207355	,13338904	,13602316	,13078543	,12358670	,13150991	,14991898	,15652649	,14531128	,13591395	,14305437	,16146352	,16684724	,16615100	,15033285	,15168955	,16423330	,16684443	,16683933	,16682150	,16679591	,16677025	,16608932	,15624860	,14313099	,13197137	,12341282	,12667721	,12078459	,11225464	,10700127	,9254720	,8335152	,7744296	,6824993	,6956068	,
13456188	,13785152	,13982017	,14178883	,14442056	,14507848	,14705990	,14903117	,14772047	,15035992	,14905438	,14970977	,14448483	,13664082	,13141039	,13666833	,13995789	,13472012	,12555022	,12887057	,14792985	,15978538	,15254075	,13856358	,14044062	,16014000	,16683446	,16417976	,14967492	,15169724	,16423328	,16684441	,16683169	,16682150	,16680097	,16677019	,16674976	,15625370	,14247816	,13065552	,12341541	,12602948	,12143733	,11619194	,10568028	,9385795	,8269361	,7744293	,6957347	,6890788	,
13521462	,13653818	,14047808	,14244677	,14441804	,14377292	,14509640	,14772560	,14903634	,14969940	,14970715	,15036770	,14514529	,13795658	,13338404	,13798668	,14126346	,13799948	,12619792	,12688146	,14398237	,15976492	,15713597	,14057323	,13848482	,15685297	,16681655	,16351928	,15033026	,15170489	,16489375	,16684441	,16682911	,16681636	,16614047	,16676767	,16674976	,15560347	,14182529	,13065288	,12406823	,12471872	,12143983	,11553401	,10502236	,9451590	,8400434	,7874850	,6826015	,6694179	,
13849148	,13784888	,13916990	,14245185	,14377025	,14311750	,14443595	,14772047	,14969939	,15101526	,15102555	,15102814	,14579289	,14056773	,13468702	,13929478	,14454531	,14193675	,12816654	,12621328	,13872410	,15778091	,15910717	,14389360	,13784232	,15290805	,16679866	,16482746	,14967233	,15236531	,16620442	,16684442	,16683168	,16681636	,16614046	,16677278	,16544155	,15428761	,14182013	,13262150	,12275237	,12406330	,12144234	,11094131	,10437983	,9517381	,8597041	,7874593	,6890780	,6628132	,
13783356	,13784634	,13916990	,14245439	,14377022	,14377541	,14640974	,14706254	,14773843	,15035990	,15037273	,14906457	,14710869	,14384447	,13796122	,13994756	,14782977	,14587655	,13276174	,12620817	,13673752	,15317035	,16106561	,14721138	,13720234	,15028406	,16677307	,16350649	,14901438	,15172017	,16685974	,16684693	,16683677	,16681888	,16614046	,16611996	,16413085	,15428761	,14313083	,13261889	,12342054	,12078646	,11750246	,11094644	,10240604	,9386049	,8596784	,7940386	,7546145	,6758176	,
13653048	,13653818	,13851459	,14244676	,14507846	,14443083	,14509389	,14772047	,14904657	,15167319	,14906456	,14972760	,14580043	,14187567	,13862416	,14192386	,14782467	,14849541	,13604111	,12619794	,13540886	,14987053	,16170826	,15182198	,13918888	,14897336	,16543929	,16021684	,14967231	,15238580	,16686227	,16684688	,16683422	,16682143	,16679839	,16546454	,16347290	,15428759	,14313085	,13196098	,12407587	,12274998	,12011878	,11159411	,10109017	,9386049	,8335152	,7613220	,7349538	,6758687	,
13456188	,13719359	,13982532	,13982532	,14245704	,14443336	,14575179	,14641485	,15035732	,15232858	,15102553	,15038555	,14515271	,14056996	,14058767	,14453763	,14979846	,14718981	,13931532	,12881174	,13013789	,14525999	,15905871	,15249535	,14054563	,14700986	,16475831	,15889338	,14707392	,15371179	,16620693	,16684948	,16487065	,16681631	,16680093	,16677274	,16347294	,15428757	,14378617	,13196357	,11949603	,12208951	,12077418	,11159924	,10305627	,8992066	,8269872	,7548455	,7153184	,6497059	,
13784126	,13719359	,13916741	,14179143	,14442568	,14443595	,14509646	,14772561	,15101773	,15167829	,15037526	,14907729	,14580795	,14122782	,14189837	,14519305	,15045387	,14849802	,13997587	,12750105	,12814879	,14391858	,15837524	,15774848	,14188961	,14439355	,16342973	,15952829	,14773694	,15700393	,16686482	,16619153	,16683929	,16682137	,16614296	,16480410	,16216217	,15429521	,14378614	,13130818	,12014884	,11947312	,11749215	,10963060	,10305377	,9320004	,8532529	,7415841	,7349536	,6693926	,
13522232	,13588534	,13851710	,14179396	,14376771	,14377543	,14574669	,14903119	,15035984	,14971472	,14907217	,14776909	,14449462	,14188313	,14189578	,14584837	,14979595	,14980622	,14194706	,12750360	,12615970	,14258228	,15638362	,15905159	,14717599	,14375866	,16080575	,15820473	,14708924	,15570088	,16685969	,16684688	,16683420	,16681626	,16483480	,16415127	,16151445	,15429775	,14313336	,13262152	,12079650	,11947311	,11683421	,10896750	,10305116	,9450561	,8137773	,7481381	,7349284	,6300195	,
13587773	,13654070	,14048828	,14180164	,14311750	,14443082	,14575181	,14706765	,14969937	,15037015	,14973012	,14777412	,14449965	,14320152	,14321415	,14650376	,14979081	,15045898	,14456849	,13275155	,12878118	,13993537	,15177574	,15903113	,14785433	,14246841	,15555518	,15425974	,14710713	,15702436	,16685964	,16684172	,16682904	,16681372	,16614551	,16415890	,16283029	,15429773	,14313334	,13327946	,12276259	,11880998	,11880793	,11224941	,10567258	,9712703	,8530987	,7743267	,7086114	,6497059	,
13718845	,13719613	,13982781	,14049089	,14180675	,14377802	,14575433	,14707528	,15035732	,15037013	,14973001	,14711621	,14253354	,14255117	,14255882	,14782213	,15110917	,15176971	,14718732	,13406483	,13074227	,13860170	,14978417	,15770505	,15181207	,14446515	,15096507	,15032246	,14646453	,15702687	,16686477	,16683659	,16682648	,16615065	,16482453	,16349334	,16282009	,15495055	,14182518	,13261899	,12079658	,11684389	,11618644	,11158895	,10239327	,9385027	,8728370	,7611427	,7021602	,6628132	,
13784634	,13719873	,13851456	,14048578	,14245955	,14311756	,14443595	,14772299	,14904659	,14905425	,14841162	,14646331	,14384936	,14320661	,14387715	,14848260	,15045379	,15243018	,15046928	,13603609	,13206068	,13990218	,14844019	,15439756	,15312791	,14449836	,14835130	,14900923	,14712757	,15833246	,16620684	,16683915	,16682133	,16680340	,16547475	,16349586	,16216209	,15560078	,14248313	,13196357	,12144938	,11750180	,11422033	,10764905	,9846107	,8860482	,8203568	,7480870	,6824993	,6233628	,
13718835	,13785404	,13851708	,14114369	,14377792	,14312522	,14444106	,14707530	,15035990	,14971729	,14841673	,14646329	,14450463	,14254858	,14386947	,14715912	,15307528	,15374342	,14980632	,13801501	,13339693	,13925203	,14579578	,15109519	,15443102	,14584492	,14508219	,14507452	,14714289	,16030104	,16685704	,16684170	,16615317	,16614038	,16678804	,16415632	,16216208	,15494034	,14182013	,13195846	,12145191	,11487521	,11356240	,11027047	,10239577	,9385029	,8334388	,7612456	,6562593	,6234914	,
13588284	,13851708	,13983294	,14048837	,14180671	,14443336	,14575431	,14838601	,14839883	,14775373	,14645310	,14514994	,14384411	,14385414	,14648838	,14912519	,15307017	,15308559	,15046417	,13867292	,13341243	,13861212	,14185598	,14648210	,15375264	,14586792	,14576055	,14443193	,14781108	,16160921	,16618371	,16682884	,16614288	,16679319	,16547216	,16349837	,16216468	,15494034	,14182267	,13393225	,12080163	,11554586	,11421766	,11289701	,10305370	,9450563	,7876141	,6694941	,5710880	,5055522	,
13653820	,13850945	,13917501	,14049338	,14246468	,14378311	,14641988	,14642505	,14905676	,14907208	,14646079	,14449965	,14254355	,14320904	,14715142	,15109890	,15307269	,15504398	,15178011	,13933087	,13538869	,13862238	,14186627	,14645398	,15110048	,15047078	,14383027	,14444212	,14717107	,16027539	,16683649	,16680327	,16678800	,16679059	,16482185	,16021132	,15954317	,15363217	,14182265	,13524560	,12669476	,11815707	,11354696	,9846358	,7484730	,6038567	,4925476	,4203545	,4203804	,5057062	,
13785913	,13851708	,13983035	,14180162	,14377289	,14574920	,14641990	,14839114	,14906190	,14710342	,14514491	,14515497	,14451216	,14583558	,14715140	,14846979	,15110919	,15308047	,15112473	,14194981	,13801525	,13995115	,14122377	,14316700	,14780572	,14916261	,14452906	,14183859	,14586542	,16222101	,16681090	,16679562	,16547218	,16415377	,16414349	,16284046	,16282514	,16084631	,14248313	,12276033	,9846823	,7745305	,6235425	,4726814	,3481364	,4203802	,4270620	,5451804	,7552556	,9062460	,
13720886	,13918012	,14049598	,14246468	,14312007	,14443845	,14707017	,14905162	,14709578	,14710849	,14646329	,14450212	,14385678	,14386693	,14715910	,14979082	,15111181	,15308560	,15177498	,14719018	,13998141	,13996913	,13993098	,14119578	,14515105	,14849699	,14785964	,14187693	,14520484	,16478610	,16675972	,16676234	,16676757	,16676755	,16611728	,15495555	,13392497	,10634071	,7483190	,5382175	,4136471	,4137502	,5188383	,5649698	,7158839	,8207925	,9060656	,8731171	,8467488	,8727338	,
13984058	,14050370	,14116420	,14314053	,14445638	,14576711	,14708298	,14839883	,14710089	,14646080	,14581048	,14451233	,14452239	,14584587	,14781954	,14913540	,15111181	,15374352	,15373850	,15046700	,14129224	,13998453	,14126474	,14056348	,14251685	,14848166	,14920353	,14192547	,14716327	,16277136	,16605828	,16278664	,14703229	,13456752	,9979728	,6891315	,5314599	,4266523	,5121311	,6174757	,7684396	,8932140	,10506034	,11031879	,11028817	,10370877	,10042411	,8731165	,8532256	,11619661	,
13985087	,14116673	,14183236	,14249540	,14446919	,14709576	,14841416	,14841423	,14842702	,14843718	,14648118	,14518302	,14518802	,14716433	,14913799	,15177223	,15308817	,15571480	,15571231	,15047470	,14392656	,13999480	,14063753	,14059931	,14187945	,14520231	,15119780	,14526111	,14516883	,15762839	,13411457	,9393739	,7089982	,5645359	,3940901	,5581613	,8930110	,11164503	,12937063	,13199447	,12672826	,12278569	,11556411	,10964301	,10505032	,9912375	,9125171	,9718060	,12612701	,14983816	,
14051900	,14249025	,14446406	,14512451	,14512710	,14710087	,14777416	,14843215	,14975055	,14779205	,14583857	,14650907	,14782744	,14914328	,15111440	,15309072	,15440921	,15638051	,15638312	,15245362	,14853207	,14328445	,14263179	,14195355	,14388647	,14586542	,14991777	,15056794	,14391432	,10848097	,5728569	,5655856	,5063466	,4996392	,4537389	,7294275	,9656141	,10312022	,10179664	,9194563	,8668727	,8996144	,8143415	,7814206	,7551537	,7484720	,6566449	,9851962	,15187341	,13673851	,
14052410	,14249536	,14446917	,14578501	,14644294	,14710600	,14711880	,14712648	,14844747	,14649152	,14518826	,14585625	,14717208	,14849046	,14981137	,15309587	,15441175	,15507746	,15639082	,15573816	,15443296	,14918785	,14591377	,14525595	,14588583	,14784171	,15122855	,15194774	,13938038	,9408329	,5135401	,5527590	,6445869	,7365431	,6115892	,5917235	,5456692	,5324593	,5978926	,6044468	,5914163	,6568242	,6108206	,6108972	,6566439	,6894638	,5450537	,9393479	,15260054	,13606517	,
14118463	,14315841	,14513220	,14644809	,14710599	,14711621	,14843466	,14778693	,14780484	,14715706	,14585124	,14650905	,14782490	,14915094	,15046930	,15244057	,15440921	,15507997	,15573547	,15966526	,15900774	,15311997	,14853520	,14656919	,14458277	,14127781	,14791075	,15329679	,11643976	,6321434	,5855006	,5324583	,4930347	,4735017	,5127216	,4799532	,4405552	,5389879	,5848631	,5980207	,5981495	,6571315	,6241847	,6241338	,6240307	,6698289	,5845547	,9721166	,14798484	,14334339	,
14184256	,14119743	,14382656	,14710340	,14710851	,14777414	,14778443	,14582604	,14714945	,14650163	,14454054	,14716957	,14782993	,14914061	,15046680	,15178781	,15244825	,15507746	,15769898	,16031806	,15835494	,15769986	,15115145	,14525844	,14655908	,14192808	,14786975	,15394698	,10598200	,4676875	,4674072	,5130531	,4997671	,4668708	,4801072	,4011819	,3747881	,4470828	,4863533	,4995630	,5127467	,4863017	,4207151	,4402990	,4007721	,4269348	,3940381	,10048589	,15062938	,15386248	,
14249789	,14251070	,14448451	,14448197	,14580037	,14843209	,14712650	,14713674	,14649664	,14585138	,14520099	,14520601	,14782993	,15045397	,15308569	,15309589	,15702807	,15834913	,15900974	,15901251	,16162665	,16162691	,15770252	,15115414	,14722465	,14325926	,14456997	,15262861	,9412923	,4149260	,4412699	,4541734	,4735781	,4472617	,4868646	,5062183	,4404522	,4866865	,4931628	,4207919	,4404269	,3747372	,3550764	,3877424	,4202791	,3743267	,3676457	,10380127	,15062174	,15255441	,
14315582	,14316095	,14382404	,14448708	,14580294	,14842955	,14909261	,14845260	,14583871	,14584370	,14322466	,14388510	,14651164	,14848794	,15177753	,15309335	,15506463	,15768871	,16031287	,15966543	,16425070	,16425345	,16295050	,15705749	,14920351	,14590625	,14325664	,14865545	,8754732	,4478222	,4413471	,4805157	,4606250	,4342579	,4342060	,5980969	,6310955	,5851689	,6113836	,5456434	,5717045	,6307129	,6634813	,7423300	,8734536	,9193543	,9784914	,11953508	,14131589	,15382436	,
14315582	,14380862	,14512963	,14645830	,14645828	,14842185	,14909261	,14779465	,14583359	,14518064	,14387230	,14519321	,14650904	,14783253	,15046167	,15243295	,15244574	,15572006	,16096821	,16228433	,16621936	,16490878	,16425863	,16295569	,15444377	,14788005	,14326945	,13152622	,9147949	,7171100	,5853474	,5654573	,5917233	,7820851	,9265720	,10905655	,10905663	,11627337	,12414280	,12610121	,12479575	,12610895	,12873049	,13003347	,13067869	,12344916	,12279634	,11949655	,13466230	,16162738	,
14249526	,14511932	,14578241	,14644547	,14644547	,14776133	,14843207	,14581824	,14320948	,14517547	,14517788	,14649616	,14715920	,14847759	,15110931	,15308059	,15505436	,15637283	,16031027	,16489295	,16556145	,16555901	,16556422	,16556945	,16034974	,15248545	,14263973	,13022063	,10070594	,8885308	,8681015	,11437393	,13667673	,14714970	,15436633	,15698775	,15107678	,14974292	,14778192	,14711118	,14973514	,14776385	,14578505	,14053440	,13593417	,13066301	,12538679	,12014644	,12938855	,16616616	,
14183988	,14446391	,14643516	,14512702	,14644286	,14841665	,14646079	,14515770	,14320687	,14517797	,14518038	,14649618	,14715922	,14913298	,15177235	,15374362	,15702565	,15834411	,16228409	,16686679	,16622967	,16623492	,16690061	,16690840	,16692383	,16299428	,14196131	,12758891	,12172874	,9805138	,10791004	,12105060	,13284710	,13739104	,14585182	,15236970	,14777450	,14973289	,14448221	,14054230	,13986879	,13528889	,13464652	,13663058	,13007446	,13401428	,12941139	,12546630	,13401189	,15042439	,
14249526	,14446390	,14512184	,14446907	,14841148	,14776636	,14580538	,14581048	,14516783	,14517789	,14518543	,14715920	,14782226	,14914063	,15046417	,15375132	,15572256	,15835179	,16360254	,16687964	,16623478	,16558722	,16624782	,16690837	,16691102	,16294812	,13793952	,11378017	,12103971	,12490572	,10836800	,10380618	,10848599	,11445602	,11905644	,12820082	,13602678	,13923709	,13722996	,12803159	,12079937	,11423018	,10899251	,10506044	,9983301	,10180420	,9459516	,10313795	,13338215	,14719341	,
14314804	,14446390	,14381114	,14447166	,14644286	,14513977	,14515256	,14514996	,14384936	,14451483	,14386703	,14518541	,14715919	,14979345	,15242515	,15505689	,15768350	,15900204	,16097599	,16295006	,16687477	,16688255	,16688522	,16689297	,16689310	,16554649	,14118048	,11443290	,11705127	,14397791	,14119027	,13257841	,12667237	,11818333	,11366741	,11504471	,11834976	,12164459	,12554867	,12353378	,12150607	,11753266	,11159595	,10110007	,9584439	,9254447	,8401448	,8004896	,8796206	,14584675	,
14183216	,14380597	,14381367	,14446909	,14644036	,14579257	,14645561	,14580787	,14319394	,14254616	,14451985	,14584585	,14716432	,14847506	,15176209	,15308570	,15571237	,15965747	,16292933	,16555363	,16687224	,16687491	,16622472	,16688274	,16688788	,16551829	,14052758	,11183184	,11373102	,14133087	,13926001	,13587834	,13913214	,14303107	,14568060	,14314866	,13401706	,12421990	,12361073	,12557679	,12555377	,12681306	,11428418	,11032639	,10504252	,9977395	,9123112	,8464929	,7546398	,8730159	,
14183216	,14380344	,14381114	,14381112	,14512698	,14513464	,14513977	,14317617	,14122019	,14188826	,14320400	,14386954	,14518792	,14781453	,15307030	,15242014	,15373601	,15898931	,16423753	,16620899	,16686707	,16686974	,16687493	,16687755	,16688274	,16289173	,13528714	,11051586	,11371821	,13802592	,14125426	,13917812	,13980022	,13976703	,14632315	,15491705	,15428737	,14508158	,13723005	,12808815	,12681075	,13009016	,12811119	,12546648	,11955279	,11693390	,11491648	,10373682	,9648682	,8532002	,
13986859	,14183988	,14315321	,14315574	,14447417	,14448184	,14317364	,14186539	,14122522	,14188566	,14319885	,14386697	,14452997	,14781703	,14978830	,15045397	,15569948	,15898414	,16292167	,16685409	,16686191	,16686461	,16686726	,16687246	,16688017	,16222103	,13332356	,10986808	,11437104	,13667429	,14324081	,13987439	,13916534	,13977473	,14369660	,15228282	,15361410	,14830980	,14108540	,12930657	,11882304	,11357493	,11032390	,11954260	,12545616	,12612949	,13729639	,13801836	,13010780	,11491909	,
14052652	,14052398	,14183733	,14250038	,14447418	,14317112	,14252335	,14055971	,14056978	,14056976	,14254090	,14385927	,14452235	,14781451	,14781703	,14979341	,15635484	,16028720	,16291658	,16619618	,16685676	,16686456	,16686723	,16686987	,16687503	,16088981	,13070207	,10987056	,11700787	,13729639	,14126188	,13927020	,14050162	,14109051	,14237817	,14965114	,15164029	,14699905	,14108548	,12995432	,11945788	,11158045	,9845786	,8994086	,9847603	,10571328	,12082004	,13729899	,14657400	,14126699	,
13855534	,13920814	,14118195	,14184499	,14250551	,14119985	,14054954	,13858847	,13925905	,14057228	,14254090	,14254341	,14451210	,14780173	,14912262	,15240975	,15569440	,15962675	,16225612	,16684643	,16684906	,16686451	,16686974	,16687239	,16686733	,15890323	,12611445	,11052073	,12227120	,13662053	,13862506	,14259306	,14316143	,14372985	,14303097	,15028862	,15032443	,14436474	,13975423	,13124715	,12142920	,10896674	,10173970	,9321243	,8860970	,8466989	,8530987	,8926000	,10246470	,12484448	,
13920816	,13723184	,13788977	,13986607	,14118704	,14054191	,14054954	,13858077	,13662472	,13925125	,14121991	,14385414	,14582277	,14648586	,14912262	,15371278	,15634463	,15962422	,16225614	,16684900	,16685165	,16685940	,16686717	,16687242	,16685456	,15691153	,12218220	,11182627	,12818480	,13661289	,13991790	,14590055	,14452071	,14113651	,13976954	,14765952	,15031165	,14762877	,13974142	,12862313	,12010571	,11289382	,10370330	,9452580	,8664877	,8271920	,8334893	,7546145	,6363929	,6758428	,
13657391	,13722932	,13854772	,14052147	,13987379	,13857066	,13857575	,13792282	,13924363	,14121224	,13990407	,14253831	,14582279	,14517513	,14846730	,15371795	,15633952	,15896378	,16356432	,16684900	,16685167	,16685173	,16686458	,16687242	,16618640	,15426451	,11694180	,11116316	,13605939	,13595496	,13728111	,14786405	,14784358	,14312562	,14042745	,14566528	,14897023	,14630529	,13776511	,12926569	,11813952	,11287842	,10042137	,8993054	,8664618	,8401709	,8071721	,7218730	,6366239	,5644320	,
13526068	,13657139	,13723437	,13855281	,13921587	,13725991	,13791781	,13792282	,13727243	,13990415	,13990920	,13990916	,14385417	,14386697	,14649867	,15239443	,15568159	,15962173	,16355920	,16618848	,16619117	,16684662	,16686717	,16687240	,16683404	,14966417	,11170141	,11443222	,14261297	,13399142	,13464937	,15047265	,15050339	,14316143	,13978742	,14367868	,14632574	,14563969	,13710208	,12925806	,11749188	,10895402	,9518363	,8992794	,8927014	,8270119	,7810600	,7088167	,6496800	,5643805	,
13460012	,13656623	,13788211	,13723443	,13724977	,13659947	,13594654	,13596176	,13726984	,13858568	,13990407	,14121993	,14450186	,14451720	,14583307	,15173911	,15436581	,15961923	,16421207	,16618335	,16420705	,16684140	,16686462	,16686978	,16680846	,14114192	,11104087	,11705883	,14655535	,13400936	,13529452	,15045984	,15116897	,14384230	,13980024	,14040445	,14695295	,14039171	,13775233	,13121390	,11549767	,10698797	,9648668	,8665120	,8402976	,8335912	,7745576	,7350565	,6562340	,5578525	,
13458992	,13459760	,13657139	,13657902	,13659434	,13660198	,13528861	,13463568	,13463818	,13924111	,13990408	,13925123	,14253829	,14517000	,14714633	,15239184	,15698982	,15896128	,16290386	,16553053	,16552034	,16683884	,16686458	,16621186	,16482183	,13785484	,10908753	,12163863	,15114289	,13598566	,13069417	,14978651	,15510363	,14452325	,14112883	,13974652	,14168959	,13841024	,13577343	,12790895	,11482192	,10566187	,9320732	,8599325	,8402724	,8073259	,7744806	,7218977	,6431518	,5907230	,
13458480	,13393967	,13591348	,13657393	,13658919	,13528609	,13463066	,13529104	,13595146	,13661191	,13859332	,14056962	,14056449	,14319621	,14976524	,15370002	,15567143	,16027203	,16355668	,16553055	,16684136	,16684908	,16686199	,16686469	,16152969	,13587846	,10909264	,12622102	,15507506	,14124134	,13002597	,14779994	,15640405	,14389855	,13918063	,13910142	,13972097	,13774722	,13314177	,12790130	,11611734	,10696493	,9451806	,8467739	,8336166	,8138284	,7744553	,7218981	,6366243	,5579807	,
13261101	,13393453	,13393970	,13393969	,13526569	,13593376	,13397014	,13528586	,13463558	,13595650	,13859073	,13990657	,14253061	,14516233	,14844685	,15434779	,15501103	,15894855	,16289111	,16618339	,16684395	,16685680	,16686199	,16685183	,15822988	,13324674	,10712655	,12753177	,15704373	,14321760	,13330531	,14384733	,15639894	,14457440	,13592432	,13780345	,13775231	,13511556	,13052285	,12593267	,11413844	,10433071	,9384732	,8467228	,8336166	,8335403	,7679532	,7284520	,6694436	,5316644	,
13129517	,13392940	,13393199	,13394478	,13460774	,13395997	,13330706	,13331721	,13464325	,13595649	,13793026	,14055682	,14318341	,14582026	,14779151	,15172636	,15696948	,15960649	,16289372	,16552804	,16684138	,16684912	,16685945	,16684156	,15755404	,12734593	,10713417	,12950039	,16097334	,14257500	,13331560	,14251617	,15573082	,14785633	,13463405	,13519735	,13512827	,13183620	,12790909	,12265840	,11348823	,10301743	,9449757	,8664093	,8269859	,8006949	,7350824	,7219240	,6694177	,5512480	,
13195308	,13195563	,13327660	,13460523	,13263906	,13132824	,13199118	,13266439	,13201667	,13398017	,13661189	,14055428	,14186757	,14450189	,14844947	,15041053	,15631155	,16026441	,16289372	,16486753	,16684134	,16684912	,16685688	,16683386	,15688332	,12538491	,10845765	,13212433	,16162614	,14389086	,13267047	,13921887	,15308637	,14981723	,13399653	,13389941	,13513852	,12987006	,12462718	,12003951	,11086932	,9973548	,9121821	,8729371	,8270111	,7942186	,7285031	,7153447	,6299681	,5578525	,
13260586	,13195308	,13130281	,13262886	,13263646	,13198869	,13134091	,13135108	,13135108	,13595398	,13726984	,13989637	,14252297	,14581012	,14844186	,15105827	,15631416	,15894856	,16289113	,16486753	,16618599	,16685168	,16685943	,16551032	,15293836	,12473718	,11108416	,13475346	,16294200	,14913887	,13399393	,13593184	,14978140	,15047003	,13533024	,13129074	,13318783	,12724861	,12069243	,11676017	,10823764	,9775919	,8859164	,8532507	,8204318	,8007468	,7416358	,7284772	,6299680	,5316382	,
13194280	,13326128	,13130027	,13328161	,13263387	,13133074	,13002760	,13134596	,13200389	,13594880	,13858049	,13989889	,14252296	,14515471	,14778130	,15367715	,15565372	,15894863	,16289372	,16355425	,16618347	,16553582	,16554354	,16419191	,14898827	,12342389	,10977081	,13670932	,16293689	,15241817	,13400409	,13526880	,14516570	,14915669	,13599585	,12867695	,12925817	,12528252	,12134782	,11610481	,10953816	,9512502	,8727328	,8400670	,8204059	,8072229	,7481632	,7415580	,6890012	,5709598	,
12996902	,13194794	,13195561	,13262366	,13066518	,13133076	,13264650	,13198346	,13396487	,13660162	,13857792	,13923842	,14120710	,14580232	,15106068	,15368747	,15696449	,15895117	,16354906	,16421220	,16618339	,16487531	,16619123	,16612730	,14438796	,11950705	,11370556	,13933336	,16423994	,15306325	,13598307	,13265250	,14317663	,14848348	,13797988	,12542573	,13058422	,12070523	,11937654	,11412593	,10364250	,9446711	,8530464	,7941405	,7745309	,7941154	,7875110	,6825761	,6694177	,6168609	,
13062182	,13129001	,13195563	,13065505	,13132314	,13067281	,12870921	,13199370	,13330955	,13462790	,13726214	,13858052	,14186503	,14580749	,14909467	,15237937	,15631683	,16026703	,16419929	,16420709	,16683879	,16422251	,16487791	,16284283	,14176386	,11885933	,11501878	,14130196	,16423996	,15634263	,13860960	,13397339	,14185565	,14387035	,13600609	,12609385	,12796538	,12070524	,11609202	,11150959	,10036313	,9512502	,8400159	,8006430	,7613470	,7745056	,7875365	,7218213	,6562853	,5907232	,
13128236	,12997679	,12999211	,12999714	,13197594	,13001229	,13001478	,13199110	,13265162	,13462790	,13660423	,13857541	,14120710	,14449678	,14843681	,15369016	,15763018	,16092243	,16354652	,16485987	,16618086	,16422249	,16553071	,16086907	,13651327	,11887210	,11698734	,14392335	,16489020	,15961939	,14058331	,13331546	,13791064	,14254425	,14058339	,13135212	,12599670	,12004731	,11478648	,10757744	,9774168	,9118773	,8202527	,7940384	,7547425	,7809570	,7219745	,7021598	,6824997	,5775652	,
13061930	,12866345	,12867877	,12999710	,13066008	,13000975	,13133323	,13199370	,13264392	,13462793	,13463309	,13791755	,14055171	,14252297	,14974241	,15433527	,15827530	,16025937	,16223579	,16355424	,16487010	,16618347	,16617332	,15822711	,13323898	,11822694	,11764776	,14654729	,16489020	,15961939	,13992536	,13003606	,13593687	,14121561	,14122338	,13202025	,12143474	,11874685	,11281526	,10757490	,9774936	,9314614	,8594464	,8005407	,7218462	,7350567	,7219240	,7087393	,6627614	,6169124	,
12865066	,12800805	,12802080	,12868890	,12868627	,12935184	,13067784	,13067783	,13199108	,13397249	,13529351	,13988873	,14120711	,14383120	,14974241	,15564596	,15761989	,16026192	,16157786	,16223839	,16421218	,16618345	,16419442	,15493497	,13062003	,11758429	,12093216	,14786055	,16488766	,15961939	,14190167	,13070167	,13134682	,13595482	,13859166	,13203559	,11883118	,11481979	,11019888	,10364015	,9118298	,8986938	,8397346	,7743005	,7481375	,7220005	,6628645	,6366241	,6236197	,6103329	,
12603435	,12604453	,12671009	,12737302	,12737553	,12869900	,12870656	,12936448	,13200137	,13332226	,13726214	,13922569	,14119948	,14579734	,14908196	,15433526	,15631434	,16025941	,16223069	,16354655	,16421218	,16356194	,16222316	,15099006	,12799090	,11956061	,12486945	,14982413	,16488507	,16027981	,14583380	,13136473	,13069401	,13398618	,13595743	,13268841	,11950186	,11416436	,10954610	,9970284	,8856667	,7742010	,7610916	,7481886	,7677723	,7415842	,7153445	,7087904	,6694179	,5775652	,
12603173	,12538658	,12539420	,12605970	,12672525	,12673544	,12739584	,12871172	,13003269	,13265411	,13659400	,13790985	,14185225	,14579985	,14908447	,15302200	,15631183	,15894103	,16223069	,16420447	,16355425	,16421217	,16155754	,14769789	,12471408	,12087645	,12486434	,15114003	,16554299	,16093260	,14910291	,13268310	,13266003	,13266517	,13462877	,13004135	,12279660	,11483759	,10756981	,10232942	,8660052	,7807803	,7349286	,7022364	,6891289	,6563872	,6891558	,7022626	,6366239	,5447968	,
12341028	,12538658	,12473881	,12540175	,12672521	,12476416	,12936449	,12936198	,13133574	,13462018	,13790467	,13856776	,14119951	,14710807	,15039269	,15433022	,15827533	,15960148	,16091995	,16158045	,16355427	,16420455	,16088431	,14637689	,12341100	,12351573	,12618005	,14851859	,16422975	,16224082	,15303507	,13400660	,13004627	,13200728	,13462366	,13134183	,12279151	,11156074	,10560372	,9773156	,8004180	,7480120	,7479332	,7152156	,6956571	,6956831	,6760229	,6366243	,6299680	,5381664	,
12406825	,12341790	,12407834	,12540177	,12278533	,12541705	,12804360	,12870405	,13198849	,13462529	,13594117	,13923084	,14119951	,14645276	,14973227	,15301436	,15630664	,16025173	,16091480	,16223581	,16289374	,16223077	,15955821	,14374004	,12340839	,12483159	,12356887	,15506701	,16356921	,16092748	,15238994	,13532244	,12875346	,13331542	,13330782	,13132898	,12082021	,10698860	,10365295	,9709419	,7611990	,7086399	,7151909	,6889246	,6824219	,7088157	,7153439	,6956583	,6300707	,5775904	,
12340262	,12407074	,12407577	,12408337	,12344074	,12542215	,12607747	,12805379	,13068551	,13331205	,13528326	,14053390	,14250258	,14644762	,14907691	,15302465	,15696204	,15893583	,15960146	,16157535	,16354914	,16092003	,15889260	,14176372	,12538731	,12614482	,12619285	,15441937	,16356923	,16026441	,15434574	,13860439	,12810580	,12940887	,12676700	,12673378	,12276839	,10829679	,10104174	,9446761	,8135513	,7152705	,6758949	,6693407	,6497049	,6169884	,6235427	,6300707	,6103839	,5251870	,
12340262	,12275488	,12275987	,12277005	,12147208	,12542467	,12673795	,12805377	,12871172	,13134346	,13528071	,14053388	,14250004	,14775581	,14972975	,15236158	,15630413	,15893585	,15828819	,16091482	,16158046	,15960417	,15756144	,13782127	,12343143	,12877387	,12881424	,15245077	,16159290	,16223304	,15631434	,13925712	,12876114	,12744789	,12611420	,12476002	,12276072	,11222896	,10170735	,9315687	,8004188	,6562625	,5841445	,6104609	,6169625	,6103841	,6497835	,6695206	,6562593	,5644320	,
12209957	,12145176	,12276751	,12211722	,12212739	,12410368	,12738308	,12870145	,12935936	,13264649	,13462791	,13791498	,14184722	,14644258	,15103540	,15300670	,15498825	,15762517	,15894103	,16091480	,16027483	,15959904	,15557748	,13453930	,12148066	,12943682	,13143818	,15375895	,16355389	,16223304	,15696707	,14253898	,13204560	,12875864	,12742493	,12344673	,11947621	,11353705	,10432361	,9119589	,7611740	,6169411	,5251621	,5907232	,6299930	,6234914	,6432296	,6890275	,6299680	,5185311	,
12013087	,12079634	,12079883	,12146181	,12081666	,12278786	,12606468	,12869892	,13132804	,13264901	,13528075	,13922318	,14316310	,14644260	,14972724	,15235394	,15564620	,15565651	,15959129	,16091483	,15961436	,15958877	,15360373	,13256812	,12214627	,13009725	,13406730	,15506714	,16289598	,16026442	,15565637	,14647879	,13270094	,12744536	,12481114	,12148062	,11750244	,11222118	,10366566	,9120100	,7546458	,6103618	,4988710	,5709859	,6627616	,6562852	,6103842	,6366241	,6038818	,4988446	,
12144413	,12013841	,12014090	,12145927	,12081415	,12213253	,12607233	,12870404	,13133576	,13264903	,13527309	,13986832	,14380820	,14643490	,14972726	,15170628	,15564622	,15565396	,15959129	,15894363	,15894876	,15957343	,15031669	,12928876	,12478052	,13206846	,13473036	,15440923	,16027193	,15829576	,15434566	,14843209	,13793615	,13006167	,12481366	,12213340	,11945831	,11221867	,10105447	,9055586	,7546197	,6235200	,4858151	,5054242	,5644060	,6234402	,6103588	,5972255	,5710366	,5185311	,
12078107	,12013581	,12079623	,12145929	,12081417	,12279043	,12542209	,12673795	,13067783	,13330442	,13659150	,14052879	,14446616	,14775080	,15038264	,15235906	,15433034	,15630932	,15893850	,15894361	,15893850	,15824997	,14833524	,12535658	,12545124	,13206583	,13472777	,15440923	,16093751	,15895620	,15500359	,14973771	,14513486	,13792847	,13004627	,12277851	,11879269	,11155564	,10105447	,9120868	,7939415	,5907005	,4857892	,5185057	,4792346	,5054493	,5709859	,6234402	,6037535	,4596509	,
11946523	,12079883	,12014593	,11949065	,11950345	,12213504	,12476416	,12870405	,13133064	,13199110	,13528324	,13856525	,14250013	,14644010	,15169336	,15366465	,15236425	,15695954	,15763030	,15894614	,15959129	,15627108	,14504561	,12404585	,12677991	,13272625	,13538817	,15506198	,16027958	,15960900	,15566404	,15039557	,14841675	,14317641	,13593427	,12146267	,11355234	,11220074	,10497893	,9251173	,8136028	,5775940	,4727078	,5053723	,4661021	,5316386	,6037538	,6169635	,6431267	,5120543	,
11880731	,11751185	,11948551	,12014341	,11949577	,12081156	,12540678	,12803847	,13132551	,13264390	,13592839	,13986833	,14380572	,14644011	,15038264	,15235394	,15366989	,15695957	,15631189	,15763028	,15762525	,15363684	,14241389	,11946594	,12941414	,13273389	,13670664	,15374363	,15961662	,15894335	,15761987	,15104587	,14775630	,14578513	,14117198	,12472411	,11485791	,10958184	,10104679	,9119838	,8070233	,5645634	,4530729	,4529438	,4530720	,5513250	,5774625	,5447972	,5447972	,5185060	,
11618331	,11488526	,11686154	,11883525	,11949316	,12146949	,12606471	,12606471	,12935427	,13198597	,13592588	,13986583	,14445861	,14709554	,15038015	,15235146	,15432272	,15630164	,15696725	,15828568	,15696735	,15558761	,13847407	,12077669	,13074013	,13207848	,13933839	,15571231	,15830074	,15894590	,15893828	,15301450	,15037775	,14709325	,14444623	,12931161	,11484513	,10565220	,9777760	,8924251	,7415894	,5121600	,4071718	,4136220	,4595230	,4856860	,5643807	,6037797	,5054754	,4332318	,
11683599	,11750920	,11555336	,11621634	,11818245	,12081156	,12344577	,12672776	,12870405	,13199370	,13461520	,13986332	,14315046	,14643506	,14906431	,15169098	,15366992	,15629904	,15696724	,15828061	,15564638	,15229288	,13518446	,12143721	,13404249	,13404963	,14065163	,15636764	,15830579	,15894588	,15761987	,15300935	,15103055	,14709580	,14378830	,13127510	,11418468	,10302559	,9777244	,9055328	,7154774	,4925504	,4137000	,3874077	,3939611	,4726816	,5512734	,5840418	,5448229	,4659743	,
11617808	,11554058	,11554822	,11489794	,11752969	,12081417	,12344579	,12672263	,12935944	,13199370	,13461518	,14052121	,14511654	,14643761	,14972221	,15235144	,15432782	,15630154	,15630929	,15696220	,15433050	,15097188	,13321578	,12079211	,13865300	,13339672	,13999109	,15504408	,15830576	,15697977	,15564608	,15301189	,15038025	,14709580	,14378578	,13324122	,11549543	,10499425	,10039135	,9251425	,7220054	,5187394	,4202541	,3545373	,3480348	,4529695	,5315871	,5119005	,5250593	,4594718	,
11291414	,11357710	,11620104	,11882758	,11817479	,12015109	,12540678	,12672264	,12869634	,13198597	,13657867	,14183193	,14445862	,14708531	,14906429	,15169349	,15301446	,15564618	,15565390	,15630680	,15498075	,15095910	,13059431	,12211559	,14129227	,13470991	,14195461	,15504155	,15765037	,15698229	,15499581	,15366980	,15103560	,14840397	,14641234	,13324121	,11549791	,10564702	,10039136	,8596056	,7220052	,5647175	,4136237	,3873568	,3217689	,4069916	,5184800	,5511969	,5250593	,4660511	,
11488528	,11357959	,11685125	,11948038	,11884036	,12015873	,12474631	,12606471	,12738818	,13001988	,13461516	,14052125	,14379820	,14708535	,15037247	,15234628	,15301189	,15498827	,15499856	,15630161	,15430748	,14636139	,12730979	,12147296	,14457925	,13602316	,14327047	,15503644	,15698733	,15566645	,15499066	,15170113	,15168581	,15036746	,14772810	,13325653	,11551576	,10498908	,9973343	,8924505	,7417172	,5449796	,4267823	,3808032	,2825241	,3610394	,5119265	,5250080	,4987166	,4725277	,
11487245	,11488518	,11422723	,11620355	,11621634	,11884288	,12343558	,12737805	,12608008	,12936716	,13461780	,13985827	,14379568	,14774073	,15037247	,15299906	,15366728	,15564107	,15302736	,15695697	,15560798	,14439532	,12599647	,12411485	,14589758	,13668111	,14392840	,15568669	,15829300	,15631418	,15433526	,15235898	,15169086	,15036484	,14707015	,13327443	,11684184	,10433885	,9907549	,9318235	,7743827	,5187394	,3875118	,3218719	,2562328	,3413785	,4463134	,4332318	,4594720	,4201502	,
11422223	,11356938	,11422985	,11620615	,11817740	,12015111	,12212992	,12606470	,12737544	,13066509	,13657367	,14182179	,14576175	,14839608	,14971454	,15168835	,15365960	,15367239	,15302479	,15695442	,15428701	,14241892	,12271449	,12674911	,14655291	,13602067	,14326793	,15634714	,15829298	,15630905	,15630389	,15367233	,15234626	,14970692	,14706504	,13459282	,11684437	,10434394	,9711451	,9186396	,7678547	,5253444	,3744560	,2890781	,2759707	,2759194	,3874079	,4397600	,4136222	,3873564	,
