11222031	,11287313	,11418897	,11615761	,11549969	,11615761	,11615759	,11681554	,11747347	,12010771	,12207635	,11878672	,11878674	,11944467	,11812881	,11944467	,12010260	,11878674	,11812881	,11746834	,11681042	,11746835	,11615762	,11747347	,12208150	,12668440	,12799512	,12996121	,12996121	,13062168	,13062168	,13128213	,13193239	,13193752	,13259545	,13128727	,13259799	,13259798	,13325591	,13259798	,13325592	,13325592	,13522970	,13325592	,13522971	,13456664	,13456665	,13195033	,13457178	,13391384	,
11418897	,11418897	,11681554	,11747345	,11812627	,11878674	,12010258	,12141846	,12010260	,12207637	,12339221	,12075536	,12009745	,12141333	,12075540	,12075540	,12141331	,12075538	,12009745	,11943954	,11812114	,11812627	,11812627	,11944467	,12536087	,12865559	,12996373	,13127959	,13194006	,13259799	,13259545	,13325592	,13325078	,13325591	,13391384	,13522970	,13522970	,13457177	,13457177	,13391384	,13457177	,13588250	,13392154	,13588764	,13522458	,13392154	,13457947	,13588248	,13522457	,13522968	,
11747347	,11747347	,11878674	,12010258	,12010258	,12075538	,12141329	,12207124	,12141331	,12272915	,12469778	,12469778	,12403987	,12272147	,12337940	,12337940	,12403987	,12403987	,12272401	,12206354	,12074770	,12140563	,12009747	,12075538	,12798743	,13127959	,13259798	,13325591	,13391384	,13391384	,13325592	,13391384	,13456664	,13522457	,13522970	,13588763	,13719836	,13654043	,13719836	,13654043	,13719836	,13654043	,13785629	,13916188	,13719836	,13457692	,13784859	,13654043	,13720349	,13785629	,
11878931	,11878420	,11944465	,12207122	,12207122	,12272915	,12403985	,12403987	,12535571	,12601364	,12667156	,12601363	,12601364	,12272401	,12403987	,12403987	,12535571	,12601364	,12469778	,12469780	,12272147	,12272147	,12272147	,12272401	,12930071	,13324825	,13456664	,13391385	,13391384	,13457177	,13457178	,13588250	,13654044	,13654044	,13719836	,13719836	,13719834	,13719834	,13917467	,13851674	,13851420	,13982490	,13786394	,13983258	,13982488	,13851674	,13916697	,13851674	,14048285	,13917467	,
12076053	,12010260	,12141331	,12338962	,12535571	,12601364	,12667156	,12732692	,12667156	,12732950	,12930328	,12601617	,12732949	,12535571	,12403987	,12469778	,12732692	,12798742	,12667157	,12666644	,12469267	,12403474	,12338194	,12403987	,13061655	,13456665	,13522457	,13522458	,13457177	,13654043	,13719836	,13719834	,13916699	,13916697	,13982490	,13982488	,13982488	,14180122	,14377501	,14115099	,14048536	,14179609	,14114074	,14179096	,14245402	,14049053	,13982743	,14179609	,14114074	,13983513	,
12207122	,12141331	,12403987	,12535571	,12601364	,12798485	,12930069	,12864276	,12864276	,12798485	,12798485	,12930067	,13193239	,12666899	,12666644	,12732692	,12864276	,12930069	,12864278	,12798485	,12666644	,12600851	,12403985	,12535571	,13127959	,13522457	,13654041	,13719836	,13785627	,13916699	,13916699	,13916695	,13982488	,13982488	,14048281	,14048281	,14245402	,14442781	,14509087	,14377501	,14311196	,14245915	,14442782	,14903843	,14378782	,14311453	,14442781	,14311196	,14245660	,14311196	,
12469778	,12403987	,12535571	,12732692	,12732692	,12864276	,13061907	,13061139	,12864274	,12864276	,12732690	,13325079	,13522458	,12798483	,12864276	,12864276	,12995860	,12864274	,12929299	,12929299	,12929301	,12798485	,12535313	,12601364	,13324825	,13719834	,13916697	,13982490	,14048281	,14048281	,14114074	,14179609	,14245402	,14245402	,14245403	,14311196	,14311196	,14376988	,14442781	,14376988	,14507547	,14377240	,14774054	,16686150	,15564845	,14508315	,14443290	,14180892	,14639133	,14574108	,
12667156	,12601364	,12798485	,12864276	,12798483	,12930067	,13390102	,13324309	,13126932	,13192471	,13061139	,13390101	,13390101	,13126932	,13258264	,13192725	,13390102	,13192725	,13126932	,13060885	,13060885	,13060885	,12732692	,12732949	,13456411	,13982492	,14113817	,14113817	,14245402	,14245402	,14311196	,14311195	,14376988	,14376988	,14442781	,14508574	,14574365	,14508572	,14508826	,14574619	,14705694	,14377497	,14837537	,15564075	,15168547	,14704924	,14640412	,14443290	,14574365	,14508826	,
12930069	,12798483	,13061139	,12995344	,13126932	,13258516	,13587734	,13587219	,13324308	,13258518	,13126930	,13324308	,13587221	,13258003	,13389589	,13653016	,14179867	,13455637	,13258003	,13323798	,13323796	,13126932	,12929301	,13060885	,13850906	,14179610	,14245402	,14311195	,14245402	,14376988	,14376988	,14376989	,14442779	,14442779	,14706205	,14837789	,14640410	,14574617	,14640410	,14640410	,14771996	,14640410	,14640410	,14640410	,14771996	,14837789	,14706201	,14706201	,14706203	,14640410	,
13127446	,12930067	,13126930	,13126930	,13192723	,13324308	,13785111	,13719059	,13521430	,13455384	,13323796	,13455637	,13653014	,13323796	,13389589	,13521430	,13982231	,13653014	,13455637	,13455382	,13455637	,13323796	,13060885	,13324311	,13916697	,14311196	,14311195	,14311193	,14442779	,14442779	,14508572	,14508572	,14640412	,14640412	,14903582	,14903580	,14771994	,14837787	,14903582	,14837789	,14903582	,14837789	,14837789	,14837787	,14903580	,14903580	,14903580	,14837787	,14837787	,14837789	,
13325078	,13258516	,13258516	,13389589	,13390101	,13456146	,14113816	,13850644	,13718807	,13521175	,13389844	,13587223	,13784598	,13389589	,13455637	,13587221	,13916438	,13850393	,13587221	,13587223	,13587221	,13455637	,13192212	,13455895	,14113817	,14442781	,14442779	,14508826	,14771998	,14771996	,14706203	,14706203	,14640923	,14771996	,14903580	,14903580	,14837787	,15035166	,15100702	,14969116	,14969373	,14969373	,14969373	,15035166	,14969373	,14969628	,15101214	,15035421	,14969373	,14969373	,
13653525	,13390101	,13455382	,13455637	,13521428	,13653266	,14311193	,14048021	,13850391	,13587221	,13521430	,13718807	,13850391	,13521430	,13587221	,13718805	,13916438	,13850391	,13718805	,13784600	,13718805	,13587221	,13323796	,13521428	,14114329	,14640158	,14640410	,14640410	,14771996	,14771994	,14771994	,14837787	,14837787	,14903580	,15035421	,15035421	,15035166	,15100702	,15166495	,15166494	,15100701	,15034908	,15166494	,15166494	,15100701	,15166494	,15232287	,15232287	,15100701	,15166495	,
13785109	,13521941	,13653016	,13587221	,13587221	,13784851	,14377240	,14311447	,13982231	,13718805	,13653014	,13850391	,13916438	,13653016	,13718805	,13784598	,13916437	,13916184	,13718805	,13850134	,13850645	,13718805	,13521430	,13784598	,14640671	,14969375	,14771994	,14771994	,14771994	,14903580	,14969373	,14969373	,15100702	,15100701	,15166494	,15232287	,15298080	,15298080	,15232287	,15232287	,15298080	,15232287	,15298078	,15298078	,15232285	,15298078	,15298078	,15298078	,15232285	,15298080	,
13851157	,13653012	,13718805	,13718805	,13718805	,13850644	,14245654	,14377240	,14179609	,13850645	,13784598	,14048023	,14113814	,13718807	,13784852	,14048024	,14047510	,14113304	,13850132	,13850132	,14047510	,13850645	,13784600	,14179610	,15101474	,15232545	,14903580	,14903580	,14903580	,15167007	,15101214	,15034909	,15166494	,15166494	,15232285	,15298078	,15429664	,15561250	,15429664	,15363871	,15429664	,15429664	,15364125	,15364125	,15364125	,15364125	,15495711	,15495711	,15429918	,15429664	,
14048023	,13916438	,13981718	,14047511	,13850391	,13916438	,14179861	,14376727	,14245400	,13916437	,13850645	,14179607	,14310934	,13915927	,14047510	,14310683	,14179350	,14179096	,14178582	,13981717	,14113303	,13915925	,13718807	,13982230	,14837789	,15100959	,14903835	,15034908	,15100701	,15232287	,15232285	,15232287	,15298078	,15364125	,15495711	,15429918	,15429918	,15560734	,15560734	,15494941	,15561504	,15561504	,15561502	,15561502	,15495709	,15429916	,15561502	,15627295	,15561502	,15495709	,
14113816	,14244889	,14113557	,14113303	,13916438	,13982231	,14179350	,14245141	,14245143	,14047764	,14047511	,14245143	,14310934	,14047513	,14113303	,14244890	,14441752	,14375961	,14441754	,14375961	,14375961	,13981718	,13981720	,14113816	,14640408	,15035421	,15100699	,15232287	,15363871	,15298078	,15364125	,15429664	,15495711	,15364123	,15495709	,15561502	,15495709	,15692318	,15757854	,15692061	,15561502	,15627295	,15824674	,15758880	,15627294	,15627294	,15561502	,15693088	,15561501	,15693087	,
14377238	,14442520	,14376727	,14179346	,14113304	,14179096	,14310934	,14639381	,14179348	,14245143	,14113557	,14442520	,14507547	,14244120	,14310164	,14310934	,14573338	,14441752	,14573336	,14507543	,14573336	,14310936	,13915927	,14179610	,15034138	,15297310	,15167007	,15495711	,15364123	,15495711	,15889697	,15693088	,15692061	,15692318	,15692318	,15757853	,16020256	,15693347	,15757854	,15562527	,15758111	,15889952	,15758880	,15693087	,15693088	,15758881	,15693087	,15758880	,15758880	,15758880	,
14443029	,14443031	,14376725	,14442772	,14310934	,14376727	,14442518	,14902553	,14442520	,14441752	,14441752	,14442520	,14441752	,14375961	,14441750	,14639383	,14573336	,14573336	,14705176	,14639383	,14705176	,14507543	,14113304	,14376729	,15100702	,15298332	,15560734	,15560221	,15626016	,15364382	,15825699	,15759906	,15758111	,15692318	,15889439	,15889439	,15824925	,15955743	,15890467	,16086048	,15956513	,16022306	,15956513	,15824927	,15825440	,16022306	,16022306	,15956513	,15956513	,16022306	,
14640408	,14640661	,14705944	,14771736	,14574358	,14837529	,14442772	,14705174	,14704922	,14639131	,14507543	,14573590	,14507543	,14573079	,14573077	,14705174	,14705174	,14770967	,14770967	,14705174	,14836760	,14705176	,14375959	,14639383	,15363357	,15692060	,15757854	,15495709	,15496735	,15562014	,15693341	,15758111	,15758881	,15824927	,15758881	,15889948	,16021023	,16152869	,16152861	,16218656	,16284449	,16284449	,16350242	,16350242	,16350242	,16218656	,16218656	,16218656	,16218913	,16284706	,
14574615	,15035417	,14903320	,14640148	,14903322	,15232285	,14442772	,14705174	,14639381	,14638872	,14705174	,14507543	,14507543	,14836249	,14573077	,14902552	,14902552	,14836759	,14836759	,14705174	,14836759	,14770967	,14507543	,14770967	,15494430	,15627295	,15692318	,15758880	,15758880	,15824159	,15889950	,16151842	,15890467	,16021534	,16153122	,16152860	,16283932	,16022302	,16350242	,16218913	,16284706	,16350499	,16482085	,16350499	,16350499	,16284706	,16284706	,16284449	,16416035	,16416035	,
14377238	,15167003	,15166746	,14903320	,14640150	,14705943	,14770969	,14705173	,14639380	,14705174	,14639381	,14376727	,14245141	,14639381	,14836249	,14968345	,14902552	,14836759	,14968345	,14836760	,14836759	,14770967	,14639383	,15034139	,15692318	,15627295	,15889440	,15758366	,15889952	,16021538	,16153120	,16284447	,16349474	,15628321	,15431206	,15367983	,15897160	,15637327	,16021534	,16220707	,16416546	,16482339	,16680232	,16613925	,16416546	,16350753	,16416546	,16482339	,16416546	,16350753	,
14114068	,14969113	,15035160	,15165976	,14771737	,14705174	,14836760	,14902293	,14836759	,14836759	,14574104	,14310936	,14245141	,14770967	,14902040	,15231260	,15034392	,14968345	,15100185	,14968345	,14968345	,14836759	,14705176	,15099931	,15561502	,16021536	,16086818	,15955743	,16152863	,16086816	,15167770	,14313755	,14117664	,14183709	,14709024	,15235872	,15433257	,15367716	,15628061	,16416546	,16548131	,16351522	,16680744	,16680744	,16352035	,16417315	,16548901	,16614694	,16482338	,16416545	,
14245141	,14507795	,14968599	,15297560	,14836759	,14836759	,15100185	,15099670	,14836759	,15034138	,14310934	,14179609	,14376727	,14705174	,14968088	,15099672	,15100183	,15034392	,15100185	,15165465	,15165465	,15033879	,14836760	,15165978	,15758111	,16153122	,16087327	,15956511	,15036448	,14247970	,14445602	,15102754	,15498531	,15629864	,14906915	,14185253	,14053924	,14250792	,15037980	,16284706	,16678947	,16613411	,16613922	,16680229	,16548899	,16680487	,16680745	,16679974	,16679461	,16679461	,
14573590	,14573590	,14836759	,15429146	,15034392	,14968597	,15428635	,15165716	,15099932	,15034392	,14179350	,14113817	,14310934	,14770969	,15033879	,15033877	,15100183	,15165976	,15231256	,15231258	,15231256	,15033877	,14968088	,15165976	,15955232	,16088095	,16288045	,15366945	,15168539	,15497762	,14906656	,13790242	,13659687	,13923110	,14184999	,14513187	,14776608	,14972445	,15235108	,15825697	,16481825	,16613924	,16417313	,16680742	,16680998	,16615207	,16549414	,16548901	,16680231	,16679974	,
14705174	,14770967	,14968086	,15297303	,14968348	,14969367	,15428886	,15625498	,15297303	,14902806	,14113817	,14180122	,14113816	,14968345	,15231509	,15034139	,15231256	,15428121	,15232539	,15493914	,15493914	,15165463	,15033881	,15297562	,15825440	,15694881	,15433249	,15299356	,14381349	,13990190	,13791269	,14645543	,15169824	,15234590	,14841374	,15038493	,15366175	,15170336	,15039267	,15432218	,15760156	,16678953	,16679970	,16681253	,16682027	,16680994	,16679972	,16549410	,16549410	,16679972	,
15363353	,14969115	,14902806	,15033109	,15099670	,15165717	,15232537	,15494681	,15231767	,14968345	,13982231	,14114327	,14311193	,14902552	,15296532	,15165465	,15165974	,15690780	,15493914	,15691033	,15690521	,15427610	,15362328	,15562268	,15431968	,15234592	,14183968	,13001503	,13529380	,14643995	,15497249	,15367715	,15104031	,14579233	,14907167	,15038751	,15301410	,15432485	,15301150	,15235106	,15695390	,15957024	,16418339	,16683047	,16683563	,16681510	,16680481	,16680742	,16680996	,16681253	,
14706967	,15824927	,15627294	,15100950	,15165717	,15363355	,15691290	,15429146	,15560732	,14639381	,14048024	,14048021	,14311447	,15100699	,15231256	,15100183	,15494681	,15625498	,15691290	,15954462	,15298583	,15493914	,15694363	,15169313	,15102754	,14710819	,13987361	,14381337	,14645540	,14710304	,15037981	,14907935	,15301663	,15169566	,15367458	,15498532	,15564322	,15433249	,15433247	,15695392	,15563297	,15958562	,15629088	,16088608	,16550691	,16616486	,16681507	,16549921	,16681768	,16681253	,
13982230	,13850904	,15232798	,16350499	,15955994	,15692061	,15560983	,15560474	,15560985	,14639383	,13916697	,14180122	,14574617	,14903320	,15033881	,15165976	,15495194	,15691290	,15758105	,15561501	,15495192	,15758362	,14708764	,14906141	,14906916	,14513185	,14512672	,14644258	,14972958	,14710817	,13200927	,12936989	,12805152	,13463068	,14317601	,15696673	,15893541	,15762212	,15630369	,15563806	,15499040	,15367708	,16024097	,15891744	,14446364	,14972449	,16287519	,16682275	,16681764	,16682530	,
15297302	,14706456	,13719058	,14837013	,16021274	,16416545	,15759132	,15560983	,15495190	,14705690	,13720086	,14245913	,14705690	,14770966	,14902042	,15033879	,15494681	,15822877	,15758105	,15954455	,15429915	,14839582	,15103006	,14776608	,14643231	,14972188	,14643743	,13856797	,12743462	,12612898	,13134621	,13724961	,14250785	,14185762	,13136672	,11560475	,14185760	,15959842	,15565346	,15499040	,16023330	,15565346	,15433249	,15825440	,15694881	,15300385	,15431969	,15629601	,16023844	,16418339	,
15166229	,15231256	,15165717	,14179096	,15100183	,16286238	,16481056	,15691290	,15758364	,14508826	,13982230	,14508824	,14705944	,14640150	,14639897	,15100185	,15560472	,16020509	,15888669	,15823896	,14971166	,15101723	,14840609	,14313753	,14643233	,14579229	,13596964	,13136672	,15169824	,15957024	,15761955	,15104544	,15040034	,15500836	,16353062	,15826978	,12545052	,13661217	,15762466	,15696673	,15630880	,15828005	,15959842	,15367458	,13461019	,14512158	,15958562	,16418085	,16220709	,15565087	,
15297815	,15165717	,15428886	,15297302	,14180120	,15364122	,16352292	,15495709	,14510618	,13852954	,14114068	,14837527	,14574358	,14705944	,14443542	,15100185	,15692312	,16086300	,16021534	,15430428	,14970909	,14709277	,14641176	,13060117	,14313503	,14517791	,14975781	,15564573	,14712096	,15309892	,15175731	,14908964	,14843684	,14843943	,13990691	,14054944	,15761185	,14644513	,15104544	,16089891	,15828005	,15893541	,16090917	,15959331	,15368739	,15104546	,15235619	,15432990	,15761438	,16351780	,
15363355	,15362579	,15493912	,15429401	,15165465	,14836762	,14116374	,13792031	,13395743	,12671509	,14180118	,15561502	,14771737	,14639899	,14508822	,15296281	,16020507	,16480799	,15955992	,15102746	,14906141	,14249755	,12476442	,11678221	,14446364	,15501861	,15630628	,14908966	,15172389	,16683308	,16682023	,16681762	,16682787	,16682787	,16617765	,15895079	,14383392	,15565346	,14907935	,13989661	,14843935	,15696930	,16223014	,16420395	,15894309	,16155941	,15959331	,15827746	,15826980	,15301923	,
15625497	,15363095	,15232537	,15625497	,15757337	,14378518	,9850901	,12150296	,15499555	,13592862	,13524502	,16087321	,15100699	,14705427	,14640923	,15363095	,16151833	,16415263	,15693339	,15036959	,15103003	,12276248	,5318163	,7811352	,15037727	,15762466	,14646302	,15629597	,16682788	,16683817	,16682788	,16682275	,16682279	,16682530	,16682789	,16617515	,16617511	,15762723	,16089637	,12545565	,11364638	,11036954	,12219169	,13400098	,14514980	,14843941	,14975268	,14908448	,15236129	,15565348	,
15494679	,15363606	,15624987	,15298581	,15691031	,14379031	,8210452	,12805403	,12608026	,14053404	,13395224	,14642203	,14905116	,15034139	,15033879	,15494682	,16413723	,16022557	,15496473	,14972188	,14181653	,10563338	,6757131	,10896154	,15826976	,14908447	,15298851	,15036448	,16284706	,16683304	,16683045	,16682534	,16616743	,16682282	,16618026	,16618024	,16683301	,16683558	,16287269	,16090399	,16681761	,16616484	,16222757	,16158763	,15763746	,15697955	,15042341	,14646303	,14317088	,13858077	,
15560985	,15297562	,15559447	,15429399	,15624985	,12934420	,8407315	,12278294	,12542742	,13066269	,13788185	,14248472	,14050333	,14643230	,14640410	,15888157	,16087321	,16087327	,15365400	,14709275	,12074511	,10298124	,11483663	,14445343	,15762466	,15562274	,16157214	,16682532	,15827494	,16222755	,16683304	,16682536	,16683044	,16617765	,16684327	,16684075	,16683301	,16683820	,16420132	,13531684	,12482341	,13005858	,13137440	,14317340	,15762212	,16355115	,16288809	,16550699	,16420134	,16616997	,
15691542	,15428888	,15428886	,15559705	,15363093	,10769169	,8207890	,10437655	,11884313	,11950615	,13721369	,14379797	,13985303	,14312987	,14182428	,14969624	,14905112	,15234330	,14644511	,12142353	,10692106	,11026710	,10173973	,13788701	,16090920	,16353322	,16421156	,16683304	,16616743	,15826976	,16551971	,16551720	,16420396	,16682788	,16618277	,16684583	,16619304	,16683810	,16684074	,16685608	,16555565	,16487980	,15896361	,15698212	,15698466	,15764775	,15436583	,14646816	,14187042	,14252325	,
15559958	,15494681	,15428889	,15166744	,15165976	,8800531	,7682578	,9978387	,12279834	,11690271	,12871196	,14118680	,13591831	,13591322	,13920535	,14839319	,15429915	,15103774	,13266978	,10169610	,9183238	,7549971	,6567957	,12538132	,16419869	,16354602	,16287780	,16551972	,16617765	,16222755	,15957026	,13132060	,14711333	,16618537	,16618535	,16684584	,16488997	,16685097	,16684581	,16685360	,16688179	,16621357	,16685865	,16685351	,16685611	,16685612	,16685098	,16685611	,16685610	,16685612	,
15626265	,15495192	,15625751	,15363606	,14968850	,8210961	,8273424	,10962200	,9518863	,10702360	,14708511	,15239980	,13662755	,12742433	,11688724	,13329433	,14051353	,14511645	,13263646	,10957327	,8724745	,6299150	,7878166	,13195296	,15367205	,15826980	,16287780	,16684585	,16684328	,16686125	,14709277	,10046761	,13858606	,16353573	,16485159	,16551979	,16289059	,16157221	,16485157	,16355113	,16290866	,16029234	,16420653	,15896619	,16028720	,16094259	,15832117	,15503668	,15501612	,15634480	,
15560726	,15626267	,15428888	,15559194	,14311443	,6104330	,9385492	,11486485	,4725001	,7942927	,14971936	,15500834	,14053406	,9452306	,9780242	,13919771	,15497500	,14709526	,12470548	,9642249	,8986124	,9318671	,9982233	,10438936	,14248983	,15102242	,16549664	,16420132	,16620332	,16689725	,15503151	,10704164	,13332001	,16682790	,16552231	,16485927	,16485157	,16615718	,16353575	,16484646	,16552239	,16554291	,16356142	,16682540	,16288296	,16356142	,16618285	,16486953	,16552233	,16618026	,
15428886	,15757083	,15429399	,15427606	,13457943	,5511944	,10567699	,10567442	,12342041	,15232288	,10634775	,13657891	,12213276	,4855304	,8924941	,11295514	,14513436	,14512927	,14050581	,11351312	,11090193	,8597522	,5650202	,8531474	,14312987	,16155941	,16221476	,16220449	,16288550	,16092458	,15632940	,12612136	,13989161	,16222504	,16222503	,16353060	,16418339	,16025124	,16418085	,16221987	,16156194	,16156710	,16289322	,16419368	,16222503	,16222503	,16288810	,16288299	,16157481	,16356396	,
15559705	,15429401	,15494681	,15493399	,12538381	,5577737	,11749914	,11223573	,14444311	,16352809	,9516053	,13198364	,7748630	,4394756	,10634522	,11228440	,14512672	,14381341	,14118429	,14054178	,13788701	,10300430	,10501649	,12272401	,14116127	,15565346	,15629601	,16352035	,16353571	,16682272	,15830826	,13531935	,14843684	,16223527	,16090918	,15828007	,15893538	,16354602	,16617511	,16685100	,16685875	,16421928	,16618026	,16552233	,16356133	,16618024	,16422187	,16553514	,16357162	,16621625	,
15625751	,15758103	,15560732	,15691291	,11750417	,5774088	,13130528	,12735259	,12801565	,13855005	,12868637	,10372881	,7681038	,5905674	,11685652	,12081182	,14711069	,15300382	,15037464	,13460766	,9254161	,5576458	,7413513	,11745556	,15891744	,16287780	,16484132	,16091430	,15170079	,13788185	,14780207	,14783278	,15107364	,15893289	,15960104	,15960102	,16418855	,16354090	,15699240	,16358453	,16690750	,16686637	,16552997	,16618535	,16684328	,16684585	,16684842	,16683814	,16619304	,16685614	,
15495194	,15758103	,15496211	,15954205	,10568978	,6628617	,15102754	,11423513	,14319647	,16092460	,8859150	,6167045	,7154961	,8533522	,12278044	,12080928	,14644511	,14973476	,15563547	,14115610	,6888199	,2755845	,4593160	,10629132	,13001503	,12608539	,12543003	,12801814	,12011287	,11748626	,14778142	,14125865	,16030252	,16685097	,16685614	,16621358	,16553775	,16685357	,15436329	,13990693	,16490038	,16684848	,16487469	,16685364	,16684846	,16554025	,16684587	,16618539	,16486949	,16683557	,
15888669	,15430169	,15954965	,16086041	,10043149	,7681295	,16554040	,8733975	,8471055	,14181919	,7217421	,6167306	,6039820	,10241559	,13134370	,12146721	,14776095	,14644509	,14971936	,7810060	,2886657	,2033413	,3016961	,4198665	,3345668	,2098946	,2295296	,5573637	,11751445	,14910757	,15631141	,13729577	,16431962	,16503400	,16357170	,16617521	,16225073	,16421678	,15896108	,16091690	,16355115	,16353575	,16354090	,16223276	,16025637	,16353571	,16353573	,16224044	,16357172	,16686135	,
15560472	,15692312	,15627546	,16282139	,9255179	,8996377	,16689987	,8933154	,1572864	,9319699	,11618321	,9254929	,8140821	,8206099	,13597744	,12082973	,14906652	,15366946	,12867095	,8928785	,7222033	,6828047	,5842443	,5186828	,5118477	,5579532	,6105096	,6495759	,10434581	,14252322	,15239980	,14255143	,14981438	,15573325	,16027955	,16224559	,16487480	,16225837	,16160044	,16619057	,16553514	,16489261	,16553773	,16684848	,16620854	,16225837	,16620082	,16422703	,16620085	,16688700	,
15363604	,15560987	,15560987	,16020507	,8992268	,8273171	,16687421	,9521946	,1442307	,1508352	,8663564	,11026962	,5184523	,6759691	,13526820	,11292184	,14708766	,15759904	,11353617	,7346951	,6233608	,7942157	,9060371	,10107150	,10106901	,9451277	,9121295	,9910029	,13461279	,13988385	,14585124	,14717729	,15765296	,16684592	,16686897	,16488507	,16291630	,16685361	,16684846	,16685355	,16685099	,16687154	,16620847	,16689721	,16693316	,16689466	,16620845	,16686125	,16685097	,16622127	,
15428888	,15560474	,15691283	,15955484	,8337422	,7614991	,15303206	,9847575	,1114880	,1312002	,5314056	,7151628	,3214592	,6167819	,12672287	,11883801	,14643230	,14775579	,11483150	,9905421	,9116431	,7678736	,7095580	,8925713	,13127961	,14183707	,13722655	,11288593	,13854492	,12935710	,14712606	,15177526	,16556089	,16619818	,16620847	,15106862	,14779947	,16685611	,16618535	,16684078	,16357672	,16622903	,16687156	,16554541	,16688953	,16491317	,16621358	,16358185	,16622387	,16689205	,
15167256	,15625497	,15560987	,16152860	,8336907	,7155215	,14314275	,10569756	,3478539	,1706241	,4527110	,6891020	,3804936	,5249033	,11489563	,12671258	,15169050	,14839583	,11745807	,13194006	,10234635	,7347467	,5383956	,9516818	,16089890	,16418853	,15107618	,14252836	,13724702	,12935196	,14909477	,14386742	,16555061	,16686382	,16688690	,16557110	,16554804	,16684328	,16684583	,16684333	,16487980	,16425273	,16358452	,16420908	,16225077	,16163140	,16489789	,16290350	,16487982	,16555054	,
15494681	,15692823	,15824923	,16223266	,9848591	,8534546	,12606494	,11029792	,3610376	,1442818	,7810320	,6825739	,3674629	,3607557	,8926736	,12671771	,15235359	,15035932	,14444312	,13194520	,9775372	,10239249	,10892304	,11680788	,14580261	,11826719	,12743971	,13529888	,15959593	,16422439	,15173157	,13002784	,15829799	,15896623	,15767093	,16425275	,16159280	,16225073	,16026928	,16222506	,16226362	,16491838	,16490296	,16687675	,16621622	,16687672	,16623165	,16621625	,15500585	,14451507	,
15823896	,16021275	,16153120	,16351267	,11822362	,10835486	,12148766	,11293983	,6891019	,8861458	,12737566	,13064989	,8336145	,7089168	,10371862	,14445852	,15825951	,15103773	,14116635	,10168331	,7675402	,6768155	,6760981	,11815957	,12679714	,15040548	,14711333	,14187812	,14252835	,14454567	,12344351	,11421719	,16025638	,16618535	,16684078	,16619314	,16357936	,16554541	,16685360	,16685868	,16687154	,16687154	,16620847	,16687158	,16621108	,16620845	,16622127	,16688178	,16621106	,16292917	,
16223017	,16419368	,16611871	,16480535	,10114835	,9917974	,12081429	,10965282	,11752735	,14053414	,15300125	,15627807	,15298842	,15363103	,15628059	,16088348	,15367965	,13793314	,11222798	,10627088	,9445646	,5053454	,8797971	,13005089	,15500325	,14514475	,12943146	,15042341	,15896621	,15896361	,12673827	,9387288	,15040552	,16619304	,16619304	,16685359	,16685871	,16685614	,16685103	,16686125	,16687154	,16686125	,16687409	,16687408	,16622127	,16687920	,16687920	,16689461	,16688437	,16688175	,
16684846	,16487980	,16154391	,16349464	,10509333	,10050839	,13988636	,11950882	,13132322	,13853724	,15233814	,14905627	,14970139	,14380059	,14511894	,14708766	,14709534	,14449961	,12143125	,11217418	,11681555	,11878420	,12078612	,14906915	,15104292	,15370275	,16685098	,16025895	,16026667	,16686894	,14778916	,10703389	,13466920	,15372585	,15174186	,15701811	,15570477	,15570738	,15637560	,15372848	,15176748	,15241260	,15307055	,15176496	,14914864	,14981691	,15309890	,14914354	,14846766	,14848042	,
16681761	,16482336	,16482839	,16415518	,11493655	,10247964	,14645792	,13855775	,13199134	,14314779	,14773789	,13921566	,13134105	,13003033	,14052634	,14578716	,15038238	,13523222	,10891785	,10364429	,9258009	,8930073	,12339221	,14777889	,15304492	,16158506	,15432739	,16224299	,16622638	,16686637	,16421928	,14186793	,15306794	,16556335	,16686899	,16623155	,16492594	,16623927	,16690234	,16491828	,16688178	,16687408	,16556081	,16687667	,16557364	,16427068	,16493118	,16360495	,16426037	,16361782	,
16417567	,16682280	,16679202	,16350489	,12936472	,10772254	,14251808	,13398041	,13265691	,14117146	,13789210	,13659418	,14511385	,15233563	,15430939	,15825436	,15367194	,14708511	,11548177	,11546897	,7813394	,4861977	,12804125	,15959845	,16422957	,16092713	,16225324	,16686639	,16623414	,16689721	,16687922	,15963695	,15897648	,16688178	,16689462	,16558901	,16690236	,16689209	,16689205	,16689717	,16688180	,16686895	,16491822	,16688688	,16689204	,16689975	,16558132	,16690228	,16692289	,16692546	,
16691792	,16694620	,16613914	,16678426	,12412441	,8737299	,13463836	,13200412	,12279580	,11888926	,13987096	,14708762	,13921566	,14511385	,15628320	,16286749	,16285987	,15366943	,14312985	,12402708	,12667156	,9843727	,13590303	,16289839	,16552746	,16553514	,16687146	,16686894	,16690754	,16563532	,16693829	,16688437	,16622128	,16688177	,16689721	,16690490	,16689720	,16689974	,16689460	,16689461	,16689458	,16687408	,16688180	,16623418	,16492091	,16427326	,16623678	,16687675	,16361271	,16558136	,
16689220	,16686391	,16681760	,16546841	,13921818	,8539415	,13070104	,12937500	,11231261	,13856025	,14052636	,13723419	,15103004	,15955741	,16679458	,16615454	,16680992	,15432222	,15366429	,13126417	,11025432	,11427099	,14050585	,16092460	,16687924	,16622128	,16686640	,16686382	,16688948	,16691006	,16690236	,16687665	,16688178	,16690232	,16624697	,16689461	,16688435	,16688435	,16689470	,16623424	,16423216	,16489269	,16228158	,15900732	,16163127	,16557114	,16557371	,16687154	,16686643	,16686640	,
16680478	,16679709	,16680992	,16416536	,15103004	,7687192	,13332511	,11628321	,13070369	,13593112	,13265180	,15562014	,16087327	,16021023	,16678686	,16680739	,16680735	,15367456	,15234841	,14642204	,8731925	,6110751	,12279072	,16155683	,16688445	,16696149	,16691268	,16687151	,16686637	,16686637	,16687921	,16688183	,16558136	,16689717	,16689723	,16688435	,16688178	,16687150	,16693327	,16689221	,16620595	,16687669	,16687930	,16689995	,16689744	,16624974	,16558150	,16687417	,16686384	,16687154	,
16682021	,16682021	,16615968	,16416282	,15825440	,8802838	,10248729	,13267233	,12805916	,12150044	,15888669	,16087581	,16218402	,16349723	,16614174	,16680737	,16615455	,16417060	,15102752	,14972960	,12735770	,8728080	,15105577	,16485929	,16624704	,16570213	,16694349	,16622640	,16686639	,16686638	,16688178	,16689207	,16689207	,16687668	,16426289	,16687672	,16687405	,16689985	,16298578	,16555064	,16685878	,16686647	,16620854	,16687418	,16621874	,16686382	,16685875	,14975531	,14121000	,15830317	,
16484898	,16680738	,16616484	,16614176	,16416795	,13397275	,11295513	,13266207	,12086045	,15101727	,15757600	,16153120	,16547619	,16481056	,16483360	,16680735	,16680735	,16679711	,15628321	,14445594	,14314529	,13259286	,14839580	,16684080	,16225327	,16625732	,16689210	,16686637	,16687670	,16690238	,16689975	,16688953	,16688692	,16689458	,16688180	,16688433	,16692307	,16297547	,16228158	,16685867	,16685097	,16687411	,16691009	,16689718	,16687672	,16026926	,12805154	,9848353	,8927001	,10044705	,
16680737	,16680996	,16681247	,16679200	,16679454	,16679964	,15431456	,13657373	,15101725	,15494943	,15824408	,16416543	,16613663	,16679200	,16613661	,16680740	,16614942	,16614174	,15498529	,14248223	,14181917	,14445594	,13913366	,16025127	,16354603	,16485161	,16684074	,16687668	,16689722	,16693318	,16691267	,16623155	,16688948	,16557875	,16557364	,16694140	,16696709	,16098887	,16425786	,16687926	,16685878	,16624956	,16695119	,16689478	,14383659	,10504476	,8599576	,9124891	,9060127	,9388055	,
16682019	,16683050	,16680739	,16680221	,16680739	,16683301	,15959845	,15627807	,15167767	,15166744	,15889948	,16481825	,16679970	,16678686	,16614427	,16615454	,16615714	,16680485	,16350752	,14577438	,13526559	,14577180	,15234079	,15695908	,15831341	,16420908	,16616492	,16357936	,16620845	,16622903	,16621876	,16687154	,16687157	,16687411	,16227126	,16493135	,16032845	,16689223	,16687418	,16688958	,16690747	,16690498	,15571005	,11361827	,9652516	,9849633	,10243873	,10177569	,9585436	,9389593	,
16685875	,16679715	,16680226	,16692046	,16489518	,16681249	,16156194	,15365667	,15232285	,15560221	,16086816	,16482588	,16679457	,16678943	,16679457	,16549664	,16680992	,16681248	,16087070	,14840352	,13723421	,14445343	,15301152	,15764008	,16553013	,16358712	,16159531	,16485675	,16683565	,16684587	,16683564	,16554800	,16685614	,16685357	,16488499	,16555580	,16687162	,16621874	,16557625	,16624192	,16227904	,13926458	,10308389	,9259041	,11099952	,10243873	,9520930	,9915426	,9258269	,8273175	,
16692041	,16418855	,16614176	,16690751	,16687675	,16680479	,16221477	,15232798	,15037211	,15429915	,16546591	,16678943	,16679967	,16679456	,16679200	,16680224	,16615197	,16415265	,15692320	,14838555	,13855775	,14445339	,14906652	,15961135	,16492869	,16684595	,16487728	,16421674	,16225578	,16487471	,16684595	,16356396	,16618537	,16684585	,16684328	,16684844	,16687921	,16693072	,16560970	,14976826	,12283446	,11167549	,11233589	,11298095	,9917218	,8931105	,7549458	,6366477	,5708560	,5972246	,
16686132	,16682541	,16687158	,16685364	,16683815	,16682532	,16682797	,15234590	,15232537	,15758111	,16415516	,16679197	,16679461	,16679451	,16679458	,16679715	,15560223	,10830096	,12077082	,14311706	,14312735	,13790241	,14972447	,15893541	,16491076	,16291377	,16553521	,16486189	,16551718	,16618539	,16687675	,16621108	,16619568	,16685103	,16685360	,16685364	,16489009	,14976558	,12281389	,10177318	,11035709	,13800020	,12289091	,10180651	,7614489	,5511692	,5184270	,5840147	,5972243	,7221021	,
16684337	,16689727	,16625482	,16686388	,16687930	,16687926	,16616235	,15497249	,15233049	,15823906	,16611872	,16678684	,16679456	,16350239	,16416033	,15692318	,11157780	,8070412	,8465170	,10696977	,13128727	,14379296	,14711593	,15567145	,16486699	,16028468	,16685878	,16684848	,16290603	,16621120	,16686904	,16685354	,16487980	,16685878	,16686125	,16159017	,12082720	,9385494	,8269333	,10508336	,12088898	,12419397	,9987125	,6496784	,5314062	,5906450	,6957335	,5973526	,5971732	,6235928	,
16686391	,16687680	,16687416	,16685103	,16686907	,16687931	,16553011	,15430429	,15232800	,15823898	,16547102	,16484898	,16547872	,16217627	,16020507	,12273432	,8201485	,8464141	,8595729	,8465423	,9712400	,13456924	,15365665	,15107885	,16029234	,16290090	,16486966	,16487469	,16421423	,16555327	,16686901	,16685364	,16686656	,16489011	,16687164	,15632168	,9716253	,8862748	,9191965	,10180651	,12286797	,9195815	,6563605	,7418913	,5972243	,6366995	,6958362	,6498326	,6367001	,8405028	,
16685618	,16692046	,16690244	,16556861	,16685878	,16694876	,16684848	,15759647	,15298593	,15693339	,16153888	,16686900	,16350240	,15955484	,15429401	,8531214	,5969935	,7086348	,7480334	,8990225	,9646610	,12406554	,15889952	,15958053	,15304745	,15699504	,15766316	,16553262	,16617772	,16553522	,16623167	,16687678	,16623694	,16423214	,16686648	,15961650	,10371609	,8994596	,10904115	,10181421	,9458486	,6760984	,7417884	,7748646	,6498328	,6432537	,7944996	,8470821	,6695705	,12748118	,
16691533	,16690248	,16691786	,16699239	,16689989	,16691020	,16684337	,16155434	,15298330	,15627807	,16480288	,16351520	,16152863	,15758364	,15625500	,7547916	,4985612	,4920585	,4461574	,9056529	,10631964	,11881243	,15561250	,16681253	,16356913	,15830830	,15900481	,15833146	,16158766	,16355881	,16686904	,16490038	,16621882	,16621633	,16687932	,15899193	,10439712	,9192476	,12221254	,11365955	,6430736	,6233357	,6826263	,8076317	,7812891	,9326380	,11104841	,13016433	,12226404	,14722662	,
16690765	,16687679	,16694356	,16640939	,16574627	,16691525	,16685618	,16154143	,15627548	,16020509	,16283419	,16486699	,16350499	,15560474	,15295770	,7678736	,4986890	,4592903	,3739395	,8662289	,10304278	,11486485	,15233058	,16682536	,16687154	,16686129	,16555061	,16161852	,15766064	,16167254	,16229963	,16225327	,16423992	,16622149	,16691274	,16689993	,11756338	,10047272	,12353353	,9196342	,8803379	,11043437	,12166030	,14204053	,15652532	,16247513	,16644843	,16710899	,16706740	,14460261	,
16696673	,16696419	,16705427	,16642988	,16704931	,16693081	,16682795	,16484646	,16021534	,15823898	,16217884	,16482336	,15890718	,15626525	,15034138	,7481098	,4724235	,4855307	,3608840	,8858388	,10763548	,11420437	,15232798	,16682789	,16622385	,16687667	,16555562	,16686387	,16685367	,16556356	,16294210	,15568944	,14779694	,13729328	,14190141	,14918226	,14195548	,13999207	,15317662	,14063460	,16706743	,16709606	,16312527	,16117190	,16706004	,16705734	,16373681	,15514497	,15314286	,16504990	,
16629846	,16697965	,16703639	,16510632	,16697443	,16688195	,16687168	,16419368	,16086300	,15757853	,15757854	,16021534	,15758105	,15560732	,14969113	,7416334	,4790028	,4986126	,3805704	,6824975	,7283980	,8662802	,12997402	,15429926	,15827756	,15762216	,15958055	,16024105	,14511397	,11687194	,15433000	,16684082	,14517045	,12747847	,11826745	,11236411	,13274955	,14526062	,11304309	,9591349	,10447686	,10053177	,10841153	,13537888	,16502423	,16640704	,16572600	,16575164	,16569247	,15517337	,
16701046	,16693336	,16694627	,16635511	,16703629	,16554300	,16288048	,16485424	,15825438	,15034906	,15296535	,15559704	,15560987	,15823646	,14969115	,7152657	,4724746	,5445901	,5314313	,3936259	,2361348	,3083272	,4198914	,5118217	,5774089	,5052937	,4855304	,5840396	,4396294	,3016960	,5905421	,9123602	,6497034	,3610630	,5779225	,10446131	,11892538	,9853493	,5711902	,6763551	,8934973	,12620401	,14790791	,14657137	,16643287	,16711422	,16711422	,16711421	,16439201	,11035960	,
16696424	,16697958	,16701052	,16703375	,16705952	,16554048	,16221736	,16488247	,15494941	,15165465	,15034388	,15231256	,15429148	,15823644	,14707483	,7152911	,4986890	,5839630	,6101773	,3608838	,2231296	,2558466	,2624263	,2492675	,2885893	,1837063	,1180416	,1640197	,2099204	,2296576	,2426884	,2033153	,2230532	,2231045	,1771009	,4003594	,4856075	,3869698	,4659465	,10446668	,12816232	,13738104	,15845017	,16510155	,16711422	,16711421	,16580350	,16711409	,15842941	,10377268	,
16635004	,16703103	,16702343	,16708793	,16703896	,16688457	,16620344	,16692568	,15432739	,15362328	,15297560	,15231256	,15362842	,15495194	,14640921	,6889996	,5248522	,5708044	,6036748	,3609097	,2362116	,2690054	,2886406	,3148547	,3083524	,2493186	,2033152	,2558215	,2492677	,2492934	,2558979	,2296836	,2558981	,2755847	,2362118	,2690056	,3739144	,3804675	,6302750	,11104851	,14065780	,11631700	,14727819	,16711151	,16711422	,16710909	,16711422	,16711417	,15978646	,10116151	,
16692558	,16625736	,16701838	,16709054	,16696948	,16687170	,16354864	,16693081	,16089386	,15428888	,15100183	,15428121	,15494682	,15560475	,14377751	,6889998	,5314824	,5774603	,6298892	,3543558	,2099459	,2492934	,2558981	,2624002	,2754818	,2098947	,1704966	,2885891	,3215369	,3214340	,2100225	,2952199	,2756356	,2558730	,2821381	,2821638	,3674631	,4197893	,8210737	,11632728	,14790021	,12751721	,14131056	,16701340	,16511184	,16711422	,16711417	,16705975	,14393965	,9392693	,
16708294	,16704160	,16701832	,16708278	,16704946	,16372857	,16690254	,16489019	,16090926	,15758105	,15494682	,15626268	,15692058	,15757854	,14245911	,6758414	,5314316	,5970957	,6561551	,5839630	,4789512	,5380108	,8859152	,11026712	,11356439	,11094295	,11291674	,8532754	,3214082	,2230784	,4855307	,12670496	,8533524	,1639686	,2033154	,2558977	,3936772	,4198663	,11433816	,13145448	,11894617	,14264445	,12749918	,10840901	,13806199	,15778965	,13671020	,13800288	,10708286	,7683362	,
16706225	,16710346	,16704665	,16709317	,16701058	,16699003	,16626001	,16697192	,16557635	,16151834	,15757853	,15693341	,15955484	,15692573	,14114327	,6823694	,5577739	,6036748	,6693391	,9056020	,9647124	,10435605	,14771485	,16548899	,16551981	,16687161	,16689464	,16023593	,7088398	,4658444	,12080412	,16687926	,12146972	,4592902	,4856587	,4200197	,4132361	,3870720	,11500371	,15645063	,12353879	,12026969	,12486245	,9526332	,10576702	,11431747	,8538916	,9260340	,6762013	,5711381	,
16626252	,16699248	,16703111	,16700282	,16563031	,16694878	,16490817	,16693593	,16622654	,16415005	,16020507	,15824925	,16021788	,15823646	,14114329	,6823696	,5839119	,6233357	,6889485	,9319442	,9976340	,11354394	,15494690	,16549664	,16684333	,16493109	,16690242	,16687154	,16093748	,15106866	,16224048	,16687666	,16225077	,15302701	,15764275	,13989681	,5249035	,3541762	,12224348	,16697744	,13538664	,9527611	,8013361	,8867379	,8209449	,9196344	,8669746	,6696731	,6830373	,8603957	,
16695903	,16693586	,16643760	,16577468	,16699261	,16691274	,16692821	,16689217	,16684595	,16350239	,16085787	,16021536	,15824927	,15822877	,13982743	,6692108	,5707785	,6101771	,6496271	,8662551	,10172183	,11880730	,15954465	,16680742	,16683054	,16685873	,16686645	,16685618	,16688957	,16623157	,16685875	,16685868	,16686389	,16686897	,16690747	,15568442	,5642249	,3344385	,10775623	,15314038	,11565646	,9723198	,7421223	,6894879	,6565915	,7682855	,6172186	,6039578	,5580308	,6039578	,
16696673	,16568168	,16705701	,16706470	,16559177	,16625485	,16687423	,16625221	,16685875	,16218654	,16086300	,16021025	,15889952	,15428889	,14048536	,6889998	,5905421	,6561552	,6692621	,7612179	,9712917	,12472600	,15889437	,16681000	,16682799	,16552233	,16683817	,16682793	,16682793	,16683561	,16618790	,16684849	,16685357	,16686129	,16491568	,13657893	,3935493	,3017728	,10444861	,14195303	,8933170	,7158052	,5580055	,5580570	,6566174	,5841942	,5974037	,6039578	,5972758	,4790541	,
16698213	,16702081	,16704647	,16695382	,16686392	,16689221	,16618032	,16688957	,16622135	,16350240	,15758111	,16217373	,15889952	,15428635	,15100183	,9909779	,6167306	,6693391	,6889487	,7217162	,8531476	,12997915	,16217884	,16678947	,16616234	,16682282	,16683563	,16683050	,16682536	,16682793	,16684589	,16686129	,16685616	,16685362	,16686643	,14182432	,5577224	,3015939	,7421475	,9459767	,6763291	,5777176	,5185812	,5251090	,5515028	,5382419	,4922388	,5250832	,5448212	,5512977	,
16691014	,16694630	,16707490	,16696153	,16686653	,16682797	,16685107	,16689984	,16692552	,16547618	,16217377	,16021787	,15955994	,15495711	,15625246	,12997402	,7021075	,6429712	,7217421	,6954513	,8662289	,13917467	,16283679	,16613414	,16681255	,16682024	,16682793	,16617513	,16682793	,16683820	,16685359	,16684846	,16684332	,16684846	,16422953	,16618285	,15235110	,8336404	,5579544	,6105371	,5185812	,5054224	,5185301	,5119759	,4856075	,4592912	,4790800	,5579544	,4528396	,4527369	,
16621625	,16689219	,16695385	,16694874	,16685364	,16618802	,16681510	,16559941	,16698463	,16352293	,16217377	,16087067	,16087578	,15758111	,15626014	,15165724	,9450511	,6232846	,6824975	,9516051	,13063197	,15428899	,16480799	,16612642	,16615205	,16681253	,16682279	,16485927	,16682793	,16684590	,16685616	,16685103	,16685103	,16684587	,16683822	,16685614	,16688186	,15961903	,12870696	,9652777	,6960930	,5184269	,4922129	,4988433	,4659986	,4461835	,5053964	,4987922	,4199181	,4002316	,
16684599	,16426566	,16614946	,16682796	,16420396	,16684082	,16681772	,16631896	,16638828	,16355367	,16086553	,16348959	,16350242	,16087067	,15955484	,15955745	,12800025	,8201746	,11355159	,13982492	,14706201	,15627294	,16349470	,16612897	,16680485	,16681255	,16616486	,16682280	,16683050	,16617515	,16683563	,16684589	,16620082	,16685357	,16686648	,16686897	,16686645	,16558650	,16621622	,16683577	,16035943	,12821354	,7422250	,4198154	,4002056	,4331017	,4460813	,4461326	,4199181	,3935493	,
16682542	,16416294	,16349988	,16619317	,16615465	,16679974	,16417828	,16689985	,16637032	,16683314	,16282657	,16283679	,16480545	,16153890	,16481060	,16481056	,15758111	,14575900	,15691041	,14639897	,14969628	,15823904	,16349472	,16284447	,16680487	,16682282	,16682793	,16683563	,16684076	,16551979	,16685360	,16685359	,16685107	,16685873	,16556083	,16687409	,16687669	,16689216	,16624954	,16623668	,16622905	,16701046	,16440200	,11040070	,5119247	,3213569	,4068878	,4199431	,3280902	,5974805	,
16485161	,16484906	,16088608	,16682542	,16416545	,16352293	,16417826	,16688189	,16701026	,16420136	,16021275	,16087329	,16612131	,16218653	,16350753	,16350750	,16219681	,16678181	,15823646	,14904095	,15166495	,16284449	,16415263	,16349988	,16549671	,16682795	,16684333	,16684846	,16685103	,16685103	,16686386	,16554800	,16554802	,16684846	,16685109	,16489007	,16557112	,16688437	,16623164	,16688181	,16689468	,16692809	,16499029	,16696674	,14980684	,8800289	,4265228	,3344386	,5777685	,9720368	,
16219685	,15825438	,16221225	,16691024	,16284706	,16547367	,16487216	,16693320	,16694861	,16681766	,16283932	,16087329	,16219683	,16415267	,16285224	,16349988	,16481826	,16088095	,15955743	,15429667	,15430690	,16481825	,16613665	,16550442	,16685365	,16685364	,16619055	,16684076	,16684076	,16684589	,16684589	,16685873	,16686902	,16686901	,16686390	,16622387	,16624192	,16689214	,16689472	,16693322	,16627014	,16690754	,16690749	,16689975	,16689985	,16689993	,13992248	,8866084	,10507825	,7482137	,
15956513	,15957024	,16547878	,16486186	,16416546	,16418085	,16685875	,16692548	,16632405	,16687675	,16087070	,16349990	,16285729	,16546849	,16153373	,16416294	,16482339	,16678439	,16088097	,15955233	,16088612	,16483621	,16680487	,16682545	,16624707	,16691013	,16620595	,16684332	,16618539	,16684076	,16683822	,16685618	,16688182	,16693318	,16696666	,16691526	,16689471	,16689212	,16628046	,16700785	,16631902	,16562251	,16692550	,16691008	,16624447	,16689722	,16689979	,16690252	,12282678	,7745046	,
16220198	,16153890	,16087329	,16351780	,16416294	,16351269	,16684080	,16683824	,16565071	,16557114	,16152095	,16349988	,16417060	,16416033	,16481060	,16351782	,16351267	,16613412	,16546851	,16022819	,16482853	,16680998	,16680485	,16614441	,16685627	,16690497	,16685614	,16683561	,16683822	,16683563	,16684846	,16694098	,16569193	,16695899	,16695642	,16626755	,16691267	,16691781	,16695640	,16501858	,16694610	,16563280	,16694353	,16629584	,16693065	,16690242	,16689982	,16694864	,16563291	,14455367	,
15562528	,15693087	,15957285	,16550699	,16482085	,16219681	,16485929	,16684594	,16688444	,16689214	,16218915	,16416294	,16482853	,16285987	,16219685	,16613671	,16417060	,16417060	,16416292	,16088612	,16614952	,16682282	,16615205	,16549161	,16686135	,16493118	,16685618	,16682793	,16683308	,16685360	,16687413	,16694099	,16698459	,16561221	,16627274	,16697433	,16628305	,16694098	,16696925	,16634216	,16696923	,16694612	,16694098	,16562510	,16692810	,16561735	,16693835	,16699492	,16703348	,16704886	,
15890720	,15955743	,16087845	,16286500	,16352809	,16551982	,16682282	,16684849	,16624704	,16558654	,16153122	,16482089	,16417060	,16285476	,16285991	,16482853	,16548132	,16285474	,16416292	,16482855	,16681259	,16616232	,16681512	,16548646	,16684082	,16686904	,16685107	,16684848	,16684850	,16686904	,16688953	,16691014	,16691527	,16688957	,16700523	,16707976	,16697437	,16696921	,16698466	,16698981	,16699492	,16696925	,16696925	,16696152	,16692556	,16627015	,16697435	,16638583	,16707721	,16640895	,
16354092	,16090666	,15759906	,16220194	,16351271	,16419885	,16683054	,16623418	,16495939	,16686647	,16284195	,16284710	,16285989	,16547878	,16285478	,16679718	,16613925	,16417060	,16482085	,16417575	,16682027	,16682282	,16681255	,16614439	,16683312	,16490039	,16687161	,16687670	,16687930	,16689215	,16689212	,16691012	,16562249	,16692294	,16695380	,16435287	,16691014	,16693072	,16695126	,16696666	,16568168	,16568419	,16632155	,16697178	,16695125	,16692813	,16697180	,16639612	,16708236	,16708490	,
15958055	,16155179	,15694628	,16352293	,16218656	,16553011	,16686905	,16685364	,16692293	,16685107	,16022306	,16153638	,16351269	,16220196	,16351784	,16614439	,16417575	,16548648	,16548648	,16418856	,16683567	,16683308	,16681771	,16681772	,16686391	,16691782	,16625732	,16557625	,16687159	,16688444	,16625474	,16628046	,16694873	,16371293	,16700780	,16563280	,16691782	,16562764	,16695385	,16696923	,16699494	,16698467	,16696923	,16696923	,16431696	,16691525	,16696150	,16701296	,16705924	,16710290	,
16155432	,16089641	,16022053	,16089891	,15892260	,16354351	,16685365	,16687415	,16426296	,16685877	,16154151	,16153639	,16547878	,16417575	,16417834	,16483366	,16614954	,16548648	,16483366	,16682284	,16685362	,16683565	,16683054	,16682542	,16685365	,16625475	,16692039	,16688957	,16623164	,16689731	,16692043	,16564052	,16630873	,16698725	,16632934	,16697437	,16699241	,16633444	,16697695	,16698209	,16697952	,16697698	,16632415	,16631904	,16694355	,16691524	,16627015	,16628820	,16701036	,16703354	,
16419883	,16088612	,15824674	,16154916	,16022306	,16285991	,16683568	,16684848	,16686645	,16421678	,16351017	,16219432	,16351784	,16614956	,16483370	,16614952	,16680747	,16681004	,16681259	,16682027	,16685618	,16684850	,16551981	,16683568	,16685367	,16687932	,16689474	,16691271	,16694096	,16628820	,16696153	,16695899	,16697698	,16633442	,16697699	,16567392	,16702834	,16702837	,16635501	,16700267	,16698984	,16700011	,16569445	,16701036	,16700524	,16695125	,16689728	,16687931	,16691524	,16690498	,
15628835	,15363871	,15495457	,16351784	,15825186	,16154664	,16419115	,16684081	,16686904	,16685107	,16221484	,16154152	,16287018	,16614956	,16484397	,16682028	,16681774	,16681774	,16616492	,16682797	,16620595	,16685877	,16685109	,16684339	,16687932	,16692808	,16695125	,16695125	,16630615	,16630616	,16697695	,16698470	,16699239	,16504427	,16700523	,16700777	,16703348	,16573821	,16702323	,16701294	,16637809	,16703352	,16702069	,16704124	,16704376	,16697178	,16427842	,16686391	,16686649	,16685877	,
15035681	,15166754	,15561504	,16417836	,16022825	,16417575	,16484906	,16684333	,16684850	,16684082	,16353324	,16220457	,16418604	,16681774	,16681517	,16617264	,16683055	,16683057	,16682803	,16619057	,16687164	,16688188	,16555831	,16685107	,16687421	,16695383	,16700005	,16698208	,16565598	,16696671	,16698718	,16701037	,16637045	,16706694	,16644512	,16578200	,16704631	,16702837	,16570990	,16700779	,16702584	,16701549	,16632417	,16700266	,16700266	,16693072	,16686904	,16683311	,16683054	,16683822	,
15101472	,15298081	,15693347	,15892260	,16088869	,16154916	,16484908	,16683825	,16685364	,16682542	,16287531	,16155434	,16419117	,16682544	,16682547	,16684597	,16685365	,16619065	,16619580	,16686905	,16690242	,16692552	,16560711	,16690244	,16496207	,16706434	,16709782	,16700783	,16632668	,16699757	,16704374	,16443773	,16709259	,16710560	,16711358	,16710839	,16708234	,16702834	,16700780	,16697956	,16698213	,16698978	,16694870	,16692045	,16691016	,16688959	,16686390	,16685364	,16685109	,16683825	,
15561250	,15233313	,15561763	,16023078	,16286502	,16154664	,16156461	,16420144	,16553009	,16682288	,16221484	,16221485	,16550703	,16683571	,16683830	,16685624	,16686394	,16686655	,16686912	,16687678	,16691786	,16693324	,16691787	,16692558	,16631645	,16705923	,16641673	,16700516	,16636014	,16706183	,16645812	,16711357	,16711345	,16645809	,16580278	,16711349	,16711330	,16705154	,16695382	,16692300	,16698470	,16635501	,16631904	,16692044	,16687932	,16620855	,16684854	,16685111	,16684594	,16681515	,
15430692	,15232545	,15101727	,15759140	,15825699	,15694632	,16351271	,16353838	,16484908	,16617264	,16286250	,16417837	,16550449	,16683571	,16684599	,16685883	,16686910	,16687936	,16688706	,16689220	,16691018	,16561483	,16692554	,16693070	,16698722	,16572533	,16703093	,16701551	,16706947	,16710563	,16711384	,16711401	,16711391	,16711385	,16711358	,16710305	,16706697	,16701812	,16630875	,16630616	,16700781	,16700526	,16500577	,16691532	,16685878	,16683825	,16682545	,16617010	,16681257	,16614439	,
14641693	,14706205	,15035166	,15563044	,15826216	,15628071	,16154405	,15958566	,16418606	,16484910	,16220457	,16220204	,16353071	,16617010	,16618806	,16685113	,16686138	,16686912	,16688963	,16690503	,16691018	,16560972	,16693067	,16693835	,16698211	,16703869	,16704631	,16705405	,16577681	,16711340	,16711371	,16711387	,16711392	,16711373	,16641422	,16699751	,16698213	,16698987	,16698988	,16697441	,16695385	,16691790	,16691275	,16622654	,16682799	,16681257	,16615207	,16549414	,16548648	,16417064	,
14640158	,14575646	,15101214	,15892522	,15760425	,15496483	,16223024	,16088871	,16155692	,16352041	,16155179	,15694891	,16155181	,16550449	,16485939	,16683575	,16619833	,16555582	,16689735	,16692045	,16560972	,16692556	,16693324	,16631126	,16636530	,16705923	,16705664	,16706950	,16708750	,16711339	,16711366	,16711378	,16711387	,16645555	,16702834	,16693586	,16626766	,16627276	,16494918	,16690249	,16689477	,16686135	,16685365	,16684597	,16682287	,16549159	,16613925	,16219683	,16220455	,16416296	,
14640160	,14838302	,15233828	,15562278	,15364897	,15564071	,15761452	,15693860	,15695143	,16154664	,15957802	,15234341	,15891243	,16220972	,16025133	,16419634	,16683575	,16685372	,16689731	,16691019	,16689992	,16690760	,16692810	,16697439	,16705411	,16706180	,16638072	,16704378	,16709006	,16711357	,16711365	,16645838	,16711366	,16708240	,16633442	,16562000	,16688195	,16686913	,16686390	,16683569	,16684856	,16684595	,16617262	,16681263	,16549422	,16285737	,16678955	,16219945	,16285991	,16285478	,
14377499	,15167007	,15233060	,14640158	,14773790	,15563044	,15166241	,15299872	,15693349	,15958313	,15628069	,15036451	,15496230	,15825446	,15630118	,16155181	,16288305	,16685116	,16622907	,16557885	,16689217	,16688709	,16624455	,16567392	,16706432	,16703350	,16701296	,16702323	,16642445	,16711353	,16711358	,16710826	,16703870	,16695125	,16693073	,16693073	,16622915	,16683318	,16681769	,16615985	,16683314	,16683828	,16681774	,16614443	,16417064	,16022819	,16154151	,16548397	,16417836	,16220198	,
14312989	,15364644	,14903580	,14443294	,14970404	,14969375	,15429666	,14971168	,15498532	,15760934	,15299106	,14903580	,15233060	,15496485	,15562025	,15759402	,15893290	,16683827	,16685624	,16685881	,16687421	,16687682	,16622913	,16697948	,16705408	,16703349	,16700268	,16637045	,16708241	,16711333	,16710560	,16704898	,16693585	,16491070	,16687167	,16688449	,16686653	,16683829	,16682803	,16682031	,16552241	,16685367	,16685367	,16485424	,16416296	,16153124	,16156459	,16684597	,16418863	,15759394	,
14246685	,14181149	,14443294	,14245662	,14640671	,14838048	,14969886	,14904863	,15893811	,15100961	,14837280	,14509857	,14903843	,15297829	,14969888	,15300134	,15694891	,16683573	,16618034	,16551990	,16685628	,16685885	,16688961	,16696921	,16705409	,16573823	,16702838	,16637556	,16704896	,16706183	,16701557	,16562259	,16621632	,16684599	,16683317	,16684599	,16685113	,16684602	,16683316	,16551217	,16682289	,16617010	,16684600	,16617010	,16286250	,16088359	,16154664	,16483629	,16023079	,15824674	,
13457177	,13785630	,13982492	,14049051	,14312476	,14508574	,14903584	,15299880	,15167265	,14839072	,14772255	,14311196	,14443292	,14706466	,14837789	,15430179	,15497513	,15959082	,16550190	,16220974	,16288560	,16682805	,16684854	,16690248	,16697956	,16698216	,16697444	,16699240	,16634222	,16702327	,16632163	,16687172	,16683575	,16683829	,16420657	,16684343	,16684602	,16486196	,16551219	,16682289	,16484656	,16549422	,16418606	,16155691	,16154665	,16022566	,15956262	,15889699	,15627554	,15824933	,
13259285	,13587483	,14048283	,13720086	,13785881	,14047772	,14245403	,14443809	,14640671	,14838048	,14442781	,14245151	,14376989	,14509085	,14772509	,15825195	,15036451	,15169317	,15825448	,15431719	,15564071	,15892011	,15958315	,16225077	,16689992	,16690250	,16691018	,16694099	,16691538	,16690770	,16624972	,16684856	,16682292	,16353838	,16551217	,16683574	,16683832	,16551732	,16485426	,16682292	,16485939	,16286250	,16022566	,16088872	,16286251	,15890726	,15627556	,15561252	,15495972	,15495970	,
13456148	,13456664	,13588248	,13653274	,13652761	,13719067	,14179867	,13982231	,13983513	,14508574	,14047772	,13850655	,14179360	,14179607	,14574878	,14707236	,14771744	,14773027	,15298340	,15167267	,14905376	,15166756	,15232549	,15759657	,16288307	,16683063	,16553273	,16620606	,16551732	,16288305	,16551990	,16551217	,16550449	,16418863	,16683062	,16683575	,16683320	,16551477	,16419891	,16485939	,16551219	,16155179	,16089386	,16024106	,15957802	,15627554	,15298593	,15429667	,15232545	,15298080	,
13457178	,13390618	,13325338	,13193241	,13390104	,13719320	,14180892	,14377246	,14310683	,14246683	,13917467	,13653016	,13916446	,13917465	,14508832	,14311453	,14444064	,14247196	,14969888	,14773027	,14575646	,14969636	,14772257	,15101220	,15629868	,16090415	,15959344	,15957550	,16088105	,15827243	,16220208	,15891758	,16221485	,16551220	,16552760	,16553273	,16683833	,16418866	,16288048	,16485684	,16617013	,16418864	,16353071	,16221487	,16154413	,15495972	,15035421	,15232288	,15100959	,15167265	,
12865559	,13061653	,13324825	,13127707	,13127446	,13587481	,13719834	,13719836	,13917215	,13916697	,13917213	,13850652	,13915675	,14114078	,13852187	,14115099	,14377246	,14574878	,14837787	,14574880	,14444062	,14707232	,14378782	,14707234	,15170602	,15761454	,15563305	,15300134	,15628585	,15893549	,16155183	,15891758	,15629866	,16156208	,16418866	,16550452	,16485173	,15893036	,16024108	,16617272	,16551477	,16222512	,16090928	,16287026	,16351281	,15561510	,15101472	,15166752	,15166752	,14904863	,
12864535	,12995862	,12930580	,12929816	,13192214	,13455643	,13456665	,13784600	,13982743	,13654041	,13719836	,13587480	,14179867	,13851420	,13719834	,13983260	,13851933	,14444321	,14773279	,14378018	,14114844	,14181149	,14115357	,14311453	,14905126	,15365162	,15495717	,15234087	,15561771	,15892270	,15565611	,15629098	,15629098	,16091187	,16025137	,16287796	,16222516	,15761452	,16287026	,16683835	,16288818	,16420404	,16551992	,15761452	,15430437	,15364646	,15167265	,15034908	,15167265	,15166754	,
12799512	,12798742	,12864535	,12732949	,12864276	,12864278	,13259032	,13259286	,13719836	,13390871	,13522458	,13259286	,13456662	,13522204	,13390871	,13785629	,13917215	,13917213	,14312223	,14114846	,13785627	,13851422	,13851420	,13719836	,14180387	,14773029	,15101990	,15167783	,15102244	,15036451	,15168037	,15036961	,14971168	,15365162	,15431466	,15827247	,15827504	,15366441	,15761454	,16156212	,15958061	,15892270	,15760172	,15102242	,15035681	,14969634	,14969377	,14706205	,14771744	,14771744	,
12733720	,12470548	,12732950	,12601364	,12667156	,12930329	,12864274	,13193239	,13259286	,13390620	,13259286	,13259034	,13259034	,13324825	,13522457	,13456664	,13588250	,13785627	,13983260	,13917467	,13588250	,13785629	,13720349	,13522971	,13917728	,14509857	,14905124	,15168298	,15234089	,15167783	,14970406	,14904613	,15102505	,15431209	,15562793	,15694892	,15563052	,15234087	,15365673	,15760684	,15431466	,14839331	,14838820	,14707234	,14574878	,14640673	,14574880	,14508574	,14443039	,14443039	,
12207635	,12272917	,12272917	,12141331	,12930329	,12732952	,12930328	,12864278	,12995862	,13061657	,13062166	,12667159	,13720350	,13917726	,13193243	,13127448	,13325078	,13457177	,14049312	,13786140	,13457178	,13522971	,13654556	,13523485	,13852705	,14708263	,14840101	,14774054	,14839079	,14641443	,14641188	,14641701	,15036458	,15233830	,14970658	,14970406	,14839333	,14707234	,15036199	,15431466	,15102505	,14575907	,14509857	,14509857	,14509087	,14508832	,14377246	,14377501	,14442782	,14574368	,
12076051	,12207639	,12141592	,12075540	,12470294	,12272917	,12667157	,12732952	,12864278	,12798742	,12667156	,12535319	,13917726	,14115357	,12798742	,13127195	,13786142	,13720349	,13522970	,13522971	,13325338	,13391131	,13523740	,13457947	,13787169	,15235120	,15498031	,14642468	,14247712	,14444322	,14773287	,15300398	,15301163	,14773538	,14246942	,14444324	,14378529	,14510114	,14904872	,14970919	,14707747	,14509857	,14378016	,14312223	,14508832	,14377246	,14179867	,14245660	,14376989	,14508575	,
12010517	,12076310	,11944213	,12141846	,12339223	,12075540	,12272915	,12469780	,12732950	,12601364	,12536340	,12404503	,12799766	,13194006	,12996375	,13061657	,13325338	,13589278	,13523740	,13326106	,13062938	,13260315	,13457692	,13326621	,13392922	,14840109	,15366451	,15103534	,14642981	,14313506	,14642468	,15301161	,15695918	,14708263	,14378531	,14444322	,14378529	,14444321	,14575907	,14576677	,14641188	,14378018	,14049053	,13917467	,14179871	,14114078	,14114078	,14048283	,13983006	,13917213	,
11878933	,11944726	,11878933	,11944726	,11813138	,11944214	,12010258	,12404503	,12404503	,12338708	,12338710	,12076053	,12602134	,12799512	,12798742	,12667157	,12865305	,13128731	,13589278	,13128727	,12865559	,13194524	,13260574	,13128990	,13458718	,14182179	,14445604	,14971948	,14708521	,14247974	,15235120	,16025394	,15037737	,14379299	,14312736	,14510368	,14378529	,14246945	,14312736	,14312736	,14246945	,13917726	,13785627	,13983006	,14180385	,13917215	,13851422	,13719834	,13785627	,13983006	,
11484692	,11747862	,11616276	,11550483	,11616276	,11483924	,11878933	,11878420	,12207639	,12207639	,12141846	,12207385	,12141842	,12273428	,12470294	,12799513	,12865306	,12799512	,12931609	,13194524	,12602134	,12602646	,12800025	,13063197	,13524259	,14182181	,14116384	,13984800	,13787169	,13786912	,14511144	,15367217	,14445351	,14115873	,14312738	,14379299	,14115873	,14180900	,14641449	,14313252	,14049312	,13720349	,13522970	,13917728	,14115105	,13786142	,13654556	,13786140	,13785627	,13719834	,
11353108	,11484692	,11353104	,11418899	,11287313	,11287062	,11418899	,11747348	,11813392	,12076312	,12076564	,11747347	,11944727	,12207385	,12207889	,13194781	,12734232	,12471061	,12536854	,12536600	,12536091	,12536600	,12602646	,12931611	,13590050	,14511146	,14116134	,13721379	,13984548	,13984287	,13655326	,13786918	,13721377	,13589531	,13655324	,13523998	,13721377	,13786657	,13786657	,13721117	,13786912	,13655071	,13391899	,13457178	,13391384	,13392154	,13326361	,13326361	,13457177	,13522970	,
