11173944	,11436603	,11436601	,11700025	,11831611	,12028989	,12095036	,12423231	,12161088	,12423999	,12425280	,12884803	,13146433	,13015107	,13213250	,13016387	,13213248	,13410369	,13344574	,13476412	,13607995	,13608249	,13805628	,13608249	,13608758	,13805624	,13871672	,14003258	,14069309	,14135102	,14135102	,14200894	,14267457	,14529859	,14398527	,14464320	,14464318	,14398012	,14463805	,14463805	,14200635	,14266680	,14069562	,14003256	,14002995	,14068790	,14002745	,14002997	,14003508	,13871672	,
11436603	,11107385	,11173178	,11370810	,11370808	,11436601	,11830843	,12160059	,12422716	,12358208	,12292413	,12687682	,12489792	,12555068	,12752699	,12817979	,12883772	,13015358	,13014843	,13015096	,12949301	,13015346	,13212980	,13212980	,13278771	,13212978	,13278769	,13476148	,13673527	,13542454	,13542452	,13805879	,13871929	,13871929	,14003258	,14069049	,14200635	,14134842	,14003254	,14003254	,13936950	,13937204	,13805618	,13805366	,13673780	,13607985	,13673778	,13804597	,13738803	,13607217	,
10844215	,11304763	,10975798	,11042105	,11173690	,11436349	,11633982	,12028220	,12290879	,12160575	,12554817	,12686399	,12357184	,12225339	,12291645	,12488250	,12554553	,12620089	,12620089	,12750903	,12553778	,12685361	,12882994	,12882992	,12882992	,12882990	,13014318	,13080624	,13278001	,13343794	,13278769	,13476402	,13542195	,13607987	,13739573	,13739573	,13871157	,13805364	,13739825	,13674032	,13673778	,13804848	,13738544	,13475631	,13607218	,13476401	,13344045	,13409328	,13475119	,13409326	,
10712888	,10910519	,10844472	,11174207	,10977079	,10976312	,11173437	,11699775	,11437116	,11568185	,12028990	,12291643	,12356925	,12159805	,12093500	,12159548	,12225591	,12291384	,12290871	,12553528	,12421938	,12356399	,12487984	,12422189	,12421932	,12553516	,12619307	,12685100	,12817197	,13014831	,13146415	,13278001	,13409839	,13541425	,13607218	,13673010	,13739057	,13607471	,13542446	,13476653	,13607471	,13410092	,13409325	,13409326	,13343532	,13211947	,13277742	,13276970	,13014568	,13014568	,
10384695	,10779451	,10384440	,10450233	,11042875	,10779449	,10976062	,11173439	,11305276	,11305025	,11371069	,11830589	,11831611	,11897917	,11896121	,12027707	,12094266	,12093753	,12027701	,12093492	,12290354	,12158766	,12290093	,12224300	,12092713	,12158760	,12290346	,12421930	,12619309	,12685613	,12751404	,12949038	,13211949	,13277742	,13344046	,13409839	,13541424	,13475885	,13541676	,13475883	,13410092	,13278506	,13212460	,13146154	,13276970	,13276459	,13079593	,13211179	,13935670	,12948774	,
9792566	,10384695	,10581819	,10186809	,10318649	,10713660	,10845246	,11041853	,11041592	,10647873	,11303994	,11566909	,11437116	,11699773	,11830332	,11830843	,11633464	,11764535	,12027449	,12092724	,12158770	,11960876	,11961130	,12092716	,12091944	,12092199	,12092199	,12289578	,12356139	,12487723	,12553514	,12816940	,13080111	,13080109	,13277742	,13343533	,13475118	,13475372	,13475372	,13409579	,13409579	,13212459	,13080873	,13014568	,13144875	,13013541	,13079334	,12618790	,13540660	,14659392	,
9661240	,9858872	,10121529	,10450494	,10187322	,10253117	,10581821	,10845246	,10582074	,10122044	,9923899	,10252602	,11239230	,11567166	,11501373	,11501626	,11699005	,11567160	,11698231	,11763508	,11829554	,11895086	,11829292	,11829290	,11960360	,11959847	,11960101	,11960358	,12223785	,12290346	,12421928	,12619561	,13014318	,13014316	,13211949	,13277739	,13409579	,13343786	,13409579	,13343786	,13277993	,13146153	,13277223	,13079591	,13013802	,12881701	,12750115	,12618278	,11631898	,13013802	,
9267259	,9530172	,9661242	,9792826	,10121790	,10319421	,10318908	,10055485	,9924928	,9069881	,6309168	,7427122	,10384188	,10975549	,11041853	,11107387	,11435835	,11370042	,11435322	,11566647	,11631922	,11632175	,11697707	,11631913	,11762983	,11762981	,11828774	,11960358	,12157737	,12158760	,12158756	,12356389	,12882732	,12882984	,13080361	,13277993	,13409577	,13409061	,13606186	,13540393	,13408807	,13343016	,13342505	,13145127	,12882214	,12684837	,12815912	,12420899	,12157220	,11959837	,
9135927	,9332795	,9398845	,9399099	,9661758	,10253115	,10057025	,9464379	,8544314	,5390898	,4273716	,4733746	,7558712	,10777151	,10648125	,11106619	,10976311	,11369280	,11303994	,11303988	,11172661	,11369519	,11762478	,11500840	,11631143	,11893545	,11828263	,11763749	,12091948	,12157731	,12092714	,12355108	,12881705	,13079846	,13145637	,13409061	,13540646	,13606186	,13672233	,13738025	,13737513	,13409577	,13343268	,13145126	,12816423	,12487204	,12618533	,12486947	,12158240	,12157470	,
9004858	,9136444	,9398848	,9596224	,9727300	,9662269	,9398848	,9004606	,6244919	,3749425	,3551791	,3946289	,5193520	,8741436	,10778432	,10647362	,10975547	,11107133	,11369019	,11368765	,11303477	,11500084	,11434542	,11762219	,11565600	,11762470	,11696936	,12025640	,12026155	,12289576	,12157477	,12420901	,12882216	,13013798	,13211428	,13474851	,13606691	,13804070	,13804068	,13673252	,13804068	,13541416	,13344813	,13146666	,12881701	,12618272	,12618272	,12748839	,12354595	,12026145	,
9004604	,9201985	,9202237	,9333055	,9268030	,9071421	,8873793	,7429181	,4406324	,3290681	,3552311	,3420725	,3749170	,6574133	,10515774	,10450496	,10844221	,10844991	,11237690	,11237430	,11500088	,11631159	,11500335	,11762468	,11696936	,11631397	,11762983	,11959851	,11960362	,12025894	,12485415	,12552740	,12947237	,13407786	,13408550	,13671973	,14066727	,14198566	,14199079	,14264872	,13870629	,13869863	,13739045	,13541163	,13145124	,12618531	,12683811	,12683293	,12485665	,11762462	,
9005117	,9070401	,9005630	,9136194	,9136451	,8873539	,7428931	,4866875	,3487031	,3355705	,3552570	,3486777	,3684156	,4668724	,8741953	,10778946	,10713666	,10713917	,10844476	,11172412	,10908474	,10777139	,11630895	,11566120	,11762472	,11631143	,11762981	,11697704	,12025901	,11301666	,11434018	,12750115	,13210919	,13474594	,13869602	,14198567	,14396197	,14725924	,14726694	,14792487	,14661676	,14333735	,14265899	,13606180	,12224032	,12751395	,12750626	,12354849	,12091425	,11302170	,
8939585	,8939586	,8940104	,9136964	,8939334	,8085571	,5129534	,3356474	,3356221	,3421498	,3422267	,3552570	,3552571	,3815483	,5982525	,9857857	,10975557	,10910786	,10778946	,11041343	,9134134	,7226661	,11105069	,11500327	,11828265	,11894054	,11762729	,11961128	,11828774	,8605469	,8145948	,11629853	,11762462	,12288552	,12684063	,12947234	,13210660	,13474844	,13672480	,13804070	,13541664	,13673763	,13409060	,11697431	,11828514	,12881441	,12157216	,12092195	,11959073	,11760926	,
9005379	,8743234	,8873541	,8874307	,8808264	,6904130	,3816255	,3095102	,3290939	,3225148	,3422525	,3749949	,3618877	,3815994	,4734776	,8675910	,10646595	,10648127	,10975296	,11238721	,8148278	,4926757	,8277533	,11696675	,11696424	,11762211	,11829544	,11828772	,10183973	,5911064	,6831386	,11168037	,10115361	,10181657	,10707488	,11036705	,11102497	,11365919	,11498267	,11564580	,11826974	,11957790	,11958808	,12091425	,12288288	,12288286	,12420121	,12420125	,12353819	,9658134	,
8939332	,8742723	,8742725	,8940363	,8677708	,6510150	,4210500	,3291970	,3422275	,3291970	,3554111	,3750209	,3619395	,3749950	,4341050	,6246207	,8544576	,9729343	,10647622	,10844739	,8477494	,4730401	,6042138	,10052387	,11762470	,11762217	,11828523	,11171113	,7225109	,5385752	,6831125	,11762472	,13210155	,11169569	,10839838	,11366178	,11563810	,11827232	,12090404	,11959587	,12353314	,12222493	,12485664	,12682782	,12748575	,12421150	,12618272	,12878882	,12420891	,6503176	,
8677191	,8808779	,8612427	,8809293	,8546894	,8086861	,6312778	,4277572	,3620420	,3423554	,3488834	,3489349	,3685697	,3750977	,4210241	,4145472	,5391166	,7098688	,8938562	,10384963	,8804915	,4993060	,5253655	,7159831	,11366948	,11762729	,11762217	,8934688	,5845272	,6042904	,7027225	,9855778	,14000172	,14263597	,12354597	,11498017	,11892512	,12090144	,12814881	,13012763	,12485405	,12616991	,12616738	,12946207	,12684316	,12814629	,12815130	,12749855	,13605151	,12159258	,
8546634	,8809547	,8744013	,8744527	,8744527	,8678734	,8284754	,7233103	,5328204	,4081478	,3817803	,3686726	,3752260	,3883078	,3752259	,4210243	,4538429	,4866623	,5654073	,7426622	,7622963	,5189660	,5386009	,6040851	,8934173	,12155947	,10512427	,6962200	,6304795	,6306590	,7684629	,8737309	,13275434	,14594864	,15120680	,13342242	,12090146	,12156452	,12747043	,12486684	,12616989	,12684063	,13606687	,13013790	,12946720	,13078302	,13079323	,13539097	,14000661	,14858013	,
8481101	,8744014	,8809553	,8875861	,9007445	,9007185	,9139285	,8876377	,8087639	,7036755	,5197388	,4146250	,4145737	,4473675	,4473415	,4605251	,4735808	,4932417	,5062462	,5390137	,5716783	,5911332	,6107151	,6173205	,7355415	,10445604	,9063962	,7157785	,6962202	,7093789	,8144669	,8605471	,12024866	,14527270	,14855205	,14923796	,14133787	,12485916	,12549664	,12682786	,12749088	,12816159	,13344287	,13080096	,13210139	,13144863	,13211418	,13870366	,14659608	,15581967	,
8547666	,8810068	,8941141	,8941656	,9074010	,9270871	,9401944	,9335897	,9335899	,9401694	,7891033	,5459790	,4868431	,5392716	,5917259	,5917510	,6113862	,6441797	,6637636	,7030333	,7422763	,7944731	,8731673	,8667415	,8405272	,9259290	,9257758	,8471326	,7488026	,7356958	,7816991	,8671265	,10511901	,13536800	,14394390	,14989846	,15518225	,15450640	,13473565	,12617243	,12946718	,13078556	,13013532	,13407518	,13933087	,14329113	,14397211	,14464801	,14596133	,15187997	,
8875348	,9006932	,9204311	,9270106	,9270619	,9467483	,9599069	,9730144	,9665116	,10189917	,10058334	,7627352	,6378323	,7165007	,8214861	,8543052	,9525580	,10510658	,11100991	,11559222	,12609063	,12937745	,13464843	,13991948	,13860371	,13334805	,12873754	,11625494	,9327387	,8144928	,7883039	,8539938	,9460254	,12943384	,14527252	,15253010	,15715857	,16045323	,15782414	,14199831	,12947488	,13473311	,13408540	,13475101	,13540637	,14462744	,15386639	,15914261	,15124508	,14794527	,
8679511	,8745304	,9008476	,9139550	,9336159	,9599331	,9731172	,9666147	,9993829	,10125154	,10518366	,9401441	,7363416	,7756117	,8674386	,9330769	,10511182	,11693130	,12809540	,13597490	,14648347	,15372296	,15835909	,16101889	,16497152	,16498179	,16036874	,15706389	,13012249	,9854750	,8999452	,9328668	,9131806	,12352285	,14856722	,15450900	,15782164	,16046599	,15981824	,16244744	,14991643	,13738016	,13803555	,14068259	,13673503	,14726173	,15583766	,16178438	,16706819	,16574252	,
8548442	,8680541	,8812125	,8943198	,9139809	,9337188	,9272165	,9338471	,9665894	,10059882	,10060133	,9862758	,7497053	,6051418	,6968666	,7428180	,7887953	,8675149	,11039821	,12154433	,12020258	,12281363	,13070869	,13797136	,14061077	,14587156	,14718491	,14784025	,13274392	,11301153	,11167520	,11826205	,10512413	,11301658	,14986774	,15517973	,15717134	,15980806	,16178688	,16377357	,16509460	,15255573	,14198816	,14462752	,14923555	,15056160	,15452449	,16045849	,16245522	,16444459	,
8745305	,8745819	,8812125	,9074784	,9140577	,9206885	,9207144	,9469805	,9601383	,9929325	,9929579	,9929066	,8352615	,5593694	,5461599	,5920343	,6838871	,7166548	,8873292	,11303487	,11433254	,10707486	,11167261	,11627814	,10444318	,11167012	,11495212	,11430180	,11038244	,10644514	,11627551	,13008159	,11499290	,10776351	,14263318	,15452685	,15914512	,16046599	,16376065	,16640532	,16376857	,14859807	,14397729	,14529823	,14596386	,14925603	,15321634	,15584554	,15979553	,16443651	,
8615007	,8549732	,8615783	,8813162	,8879210	,9010796	,9273455	,9535600	,9601138	,9732977	,9864563	,10258031	,9600878	,6579559	,5003618	,5330270	,5920606	,6510936	,7626063	,9595195	,11631913	,11959590	,11828265	,10314018	,9261857	,9591339	,9985580	,10445355	,10642726	,10577957	,11627551	,13009180	,12026141	,11104802	,12882457	,15714064	,15979543	,16178438	,16443402	,16705047	,15188254	,14330915	,14660131	,14792734	,14859040	,15057440	,15584808	,15651871	,16244242	,16574727	,
8483939	,8681831	,8747624	,8878955	,8944748	,9207663	,9338995	,9404790	,9536374	,9799030	,9930616	,9865076	,10192497	,8418925	,5529443	,5200227	,5790562	,6314847	,7166539	,8738862	,11039272	,12091944	,10513191	,8802338	,9131815	,9526831	,10051375	,10511661	,10841125	,11496486	,12219169	,12749090	,13474853	,11237155	,11631135	,15385623	,16177174	,16244231	,16509197	,15518494	,14396961	,14333215	,14727203	,14990626	,14990877	,15320861	,15651351	,15848217	,16046612	,16639251	,
8549992	,8616553	,8813934	,8879727	,9011313	,9208692	,9274231	,9405819	,9340791	,9734266	,10061944	,10128762	,10062453	,9733753	,6711915	,5332842	,6053736	,6446683	,7100746	,8081446	,9855778	,11171113	,9263391	,9000481	,9461293	,9988151	,10381103	,10774829	,11170090	,11958055	,12549918	,13012258	,13671462	,11172125	,11170592	,14593312	,16046099	,16244744	,15519507	,14462500	,14594587	,14924831	,14924831	,14990626	,15057186	,15255070	,15387417	,15716633	,16111640	,16310553	,
8484969	,8682348	,8748400	,8879986	,9011574	,9208951	,9209464	,9406845	,9537918	,9734782	,9735295	,9997691	,10128764	,10128515	,8551801	,5530989	,6054763	,6316126	,7034183	,7490338	,8276764	,9000477	,8737057	,9066535	,9527860	,9857079	,10513718	,10776112	,11301676	,11827497	,12419361	,12748829	,13012763	,11894818	,10381344	,13670692	,15914513	,15650064	,14462500	,14659618	,14857508	,14989347	,14924320	,14728481	,14859293	,15122461	,15189537	,15715869	,16045596	,16047389	,
8551021	,8748913	,8617843	,8749430	,8946809	,9078395	,9144188	,9341567	,9668738	,9604992	,10194819	,10063747	,9998721	,10456702	,9602428	,6516087	,5661294	,6447712	,6769982	,7161381	,7422751	,7817246	,8277031	,8607277	,9068600	,9528891	,9988154	,10513205	,11104815	,11564842	,12025380	,12748577	,13144349	,12223775	,10052638	,11565855	,15121175	,14264862	,14199331	,14331934	,14464031	,14464031	,14661409	,14596899	,14859038	,14990879	,14992419	,15452447	,15914014	,15717911	,
8420978	,8618357	,8553080	,8684668	,8882047	,9013633	,9145219	,9276805	,9473414	,9539977	,10064262	,9933706	,9867394	,10063484	,8487806	,6123128	,5465459	,6184281	,6901047	,6898211	,7160354	,7357731	,7620643	,8147763	,8609599	,9200704	,9528379	,10513466	,11039024	,11697453	,12223272	,12616738	,13275170	,12685086	,10513440	,10381342	,14065953	,15253273	,15189525	,15386134	,15321624	,15322912	,14727972	,14397475	,14727970	,14728224	,15057187	,15321376	,15848478	,15189525	,
8552564	,8618871	,8750459	,8816511	,8948099	,9145476	,9211269	,9342857	,9408650	,9671310	,9736586	,9605516	,9211018	,7766403	,5862785	,5270907	,5859956	,6905945	,7492919	,6701600	,6832420	,6898981	,7424806	,7951675	,8347716	,8872519	,9528892	,11238203	,12487230	,12355888	,12750379	,13143844	,13144089	,13145886	,11764000	,10513443	,13013532	,15913485	,16046350	,16309270	,16441886	,16179743	,14728485	,14068513	,14924833	,14859556	,14925862	,15254817	,15123995	,14463004	,
8553078	,8684664	,8816765	,8948097	,9014405	,9211784	,9277577	,9408908	,9277840	,9147019	,9474192	,8358542	,6323335	,5863564	,5207175	,5271940	,6713206	,8219740	,7098675	,6438691	,6635557	,6833447	,7228207	,7558977	,8085834	,8675659	,9989189	,12422728	,12816965	,11105580	,11696687	,12354345	,13012511	,13276961	,12356638	,11039776	,11894305	,15057939	,15980308	,16244257	,16245538	,16112929	,14662950	,14135846	,14924835	,14990374	,14859816	,14990374	,14266141	,13408286	,
8488061	,8685438	,8685954	,8883334	,8883593	,9015179	,9081744	,9015953	,8950420	,8359569	,6719374	,5669008	,5339792	,5077649	,5142411	,5337220	,7763833	,7955024	,6243628	,6176295	,6570024	,6636327	,7228983	,7428684	,7954003	,8479052	,10450251	,12883531	,12948549	,11631924	,11301163	,12091433	,12749604	,13211169	,12818970	,11960098	,11760926	,14595616	,16243490	,16047908	,16112933	,16046378	,14333476	,14333225	,14859305	,14792996	,14727719	,14200611	,13408799	,12880925	,
8554622	,8685955	,8686468	,8752777	,8818831	,8818833	,8622482	,8294548	,6982548	,5538707	,5013394	,5144213	,4816274	,4685205	,4815247	,5075848	,6188149	,6312003	,5784106	,5848108	,6110249	,6768430	,6574149	,7232854	,7954258	,8282958	,10319696	,12422475	,12553540	,12619836	,11632175	,11828012	,12814372	,13080096	,13146658	,13077791	,12419361	,14068521	,15914790	,15981093	,16112420	,15455017	,14135594	,14530344	,14792998	,14661926	,14332971	,13343268	,12749088	,12618783	,
8358530	,8685957	,8817802	,8622482	,8425364	,8229266	,7179925	,5670808	,4817045	,4489368	,4555413	,4882838	,4947860	,4751765	,4684689	,4616843	,5136233	,5326911	,5389608	,5651751	,6111532	,6572083	,6903888	,6838871	,7692630	,8086614	,10385492	,11106892	,9989183	,10844213	,12158265	,11893545	,12354599	,13079325	,13408801	,13605149	,12947999	,12883245	,15649575	,16111653	,16046124	,15060010	,14004008	,14530603	,14596397	,14596907	,14067240	,12815397	,12421152	,14068012	,
8423812	,8556424	,8556940	,8753298	,8162968	,6589077	,4883602	,4161945	,4161947	,4293533	,4425117	,4556193	,4752542	,4555674	,4488852	,4551562	,4806751	,5195578	,5389351	,5717546	,5850159	,6246207	,6445656	,7102562	,7758687	,7888728	,10320464	,10647370	,9396801	,9988152	,11039282	,11893803	,12157992	,13013028	,13342242	,13870106	,13279256	,11830054	,15055405	,16045608	,15718442	,14993198	,14004008	,14530855	,14661679	,14332973	,13540134	,12618272	,13541674	,14595632	,
8686986	,8621965	,8820114	,8558229	,6851989	,5015447	,4359837	,4425119	,4163485	,4491423	,4557214	,4622756	,4753571	,4688289	,4555163	,4485508	,5001810	,5259313	,5717033	,5784366	,6048058	,6445135	,6906727	,7168866	,7562333	,8217947	,9992274	,9990220	,9593920	,10447675	,10710837	,11499823	,12223272	,12684324	,13145378	,14000924	,13475871	,11237666	,13870639	,15716908	,15652396	,14663981	,14135341	,14464046	,14530604	,13739308	,12881962	,13672233	,14595892	,13280042	,
8621965	,8754067	,8623764	,8558490	,7968414	,6853278	,6066593	,5607331	,5148581	,5148581	,5148579	,5083047	,4886181	,4885670	,4948641	,4942975	,5263178	,5586737	,5980466	,5916724	,6837058	,8088160	,7564907	,7366506	,7695459	,8218974	,9334357	,9399376	,9792321	,10317116	,10777400	,11302957	,12156717	,12552485	,13145127	,13868572	,13212703	,10646048	,12422957	,15452717	,15782701	,14467121	,14200874	,14529842	,13872173	,13013798	,13277225	,14660658	,12950307	,10713393	,
8622733	,8754580	,8755095	,8887196	,8756641	,8560289	,8495269	,8429224	,7839659	,7249580	,7052201	,6462121	,5805479	,5280167	,5014174	,5334898	,5524032	,5849902	,6113335	,6639164	,7889742	,8747887	,7434100	,7564916	,8089189	,8416353	,8940631	,9268301	,9924677	,10645830	,10974522	,11631922	,12025644	,12552228	,13012258	,13474590	,12818972	,10514462	,11367974	,14793776	,15782450	,14597687	,14331692	,14201649	,13935153	,12750630	,14134834	,14464306	,10581530	,11766055	,
8688785	,8689304	,8821149	,9019041	,9019813	,8954278	,9020840	,9021098	,9544874	,9284013	,9676973	,9218479	,8431022	,7052201	,5538968	,5661282	,6113851	,6243375	,6443068	,7165762	,7891803	,7697783	,7631485	,7894131	,8417897	,8811364	,9138010	,9597013	,10187083	,10908484	,11303483	,11697463	,12158509	,12421928	,12881952	,13211169	,12621090	,10842655	,10511651	,13607985	,15585332	,14662968	,14397488	,14069548	,13210920	,13870126	,14727983	,12292640	,10976539	,13344548	,
8689037	,8690328	,8822432	,9084834	,9151399	,9021098	,9087404	,9349552	,9612208	,9482162	,10005683	,9875382	,9349814	,7511210	,5407121	,5856088	,6179378	,6572340	,6641219	,7035726	,7367787	,8224125	,8617341	,8025467	,8222067	,8876904	,9466204	,9728339	,10384460	,10581571	,11107646	,11829301	,12158258	,12424261	,13410627	,13342497	,13079836	,11107359	,9789217	,11961641	,15517498	,14597687	,13937461	,13804335	,13410866	,14595886	,14594087	,10581015	,13016351	,13278242	,
8689553	,8494494	,8691873	,8954278	,9086895	,9152939	,9349552	,9416119	,9613235	,9679032	,9744823	,9744821	,8694201	,5740718	,5470347	,5985354	,6309936	,6311480	,6838345	,6775121	,7828603	,9931659	,8619142	,7960701	,8419697	,8746344	,9335650	,9859414	,10253393	,10581577	,11303487	,11763260	,12354607	,10195034	,9351307	,13805117	,13473563	,12422430	,10053410	,10184226	,14463799	,14661948	,13674289	,13870130	,14201395	,14990125	,12028956	,11437340	,13673763	,13146656	,
8494481	,8626080	,8692388	,9020587	,9152939	,9152947	,9415856	,9351096	,9613750	,9745336	,9614525	,9351356	,6661302	,5151150	,5206911	,6050377	,6441009	,6509118	,6576718	,6711137	,8291209	,9014154	,7568774	,8092800	,8222837	,8418925	,9073767	,9598042	,9728337	,10253897	,10910014	,11434812	,12222768	,11569719	,8493942	,10206365	,14330428	,13145114	,11632414	,9328931	,12882740	,14465086	,14069047	,14266420	,14530853	,14200356	,10712343	,13280295	,13147937	,13147171	,
8429465	,8692646	,8823974	,8955820	,9022131	,9153462	,9023923	,9351353	,9548220	,9417916	,9352636	,7449786	,5087673	,4887986	,5140099	,6182220	,7164982	,6576720	,6447188	,6581871	,7111312	,7373452	,7241868	,7633793	,7960955	,8353139	,9007976	,9138267	,10056791	,10516046	,10516291	,11106615	,11435572	,12422459	,12621629	,9153930	,10467473	,13739833	,12947737	,10644765	,11564588	,14398527	,14791992	,14332973	,14924073	,11502619	,12159518	,13739298	,13212709	,13015072	,
8625817	,8562087	,8824234	,8825261	,8891572	,9219768	,8893112	,9417917	,9352381	,9418176	,8565436	,5483455	,4564930	,4559801	,5140630	,6904918	,7298108	,6512218	,6250586	,6321793	,6653081	,7111571	,7111312	,7503751	,7895422	,8287089	,8745833	,8941921	,11109214	,11897427	,10450245	,11040575	,11106868	,12227657	,13411644	,13542444	,8955004	,10730393	,14856507	,12487196	,11303461	,13342513	,14132781	,14595116	,13607972	,10581528	,13674014	,13016870	,13081893	,12753187	,
8755833	,8758187	,8628398	,8695468	,8892596	,9089464	,9286588	,9222077	,8959933	,8894401	,6598594	,4762307	,4631233	,4561090	,4747687	,6116439	,6117961	,6120027	,6187111	,6717331	,8097690	,9082013	,7440277	,7438216	,7764865	,8156790	,8221546	,9402722	,12228194	,12951129	,11371085	,10580799	,11105847	,11966029	,13215298	,13936434	,13542707	,9150330	,11650719	,15055683	,13146153	,13144622	,14066727	,14726694	,11172892	,12292389	,13674279	,8349229	,10911273	,13080610	,
8752466	,8890006	,8760499	,8761008	,8958140	,9089977	,9287871	,9222078	,9025987	,7189956	,4828612	,4763586	,4828864	,4497607	,4487086	,5461848	,5662307	,5924968	,6583160	,8360347	,10462627	,11183779	,8490646	,7373195	,7830658	,8026748	,8418673	,10913640	,12885864	,12885597	,12818262	,11174207	,10842932	,11834709	,13281359	,13345588	,13739571	,13739055	,9543021	,11778694	,14331190	,12816170	,14066477	,13344037	,10516255	,13741098	,13542695	,9990434	,10516513	,13146403	,
8811850	,9084008	,9087653	,8891570	,9089209	,9156287	,9092034	,9091521	,8043206	,5551049	,4632774	,4633029	,4567750	,4500426	,5077659	,5660508	,5863546	,6779508	,8489615	,10528420	,11185319	,11512486	,9935770	,7570320	,8027783	,8026233	,9469556	,12229236	,12820586	,12951390	,13279318	,12883277	,11434812	,11834188	,13280586	,13280563	,13476912	,13740844	,13477171	,9609851	,11321247	,13804096	,13474854	,10382622	,12686883	,13674279	,13476134	,13410339	,13212964	,13014053	,
8742224	,9143633	,9283198	,8957350	,9023921	,9156284	,9157573	,8633541	,6404299	,4501960	,4633543	,5026507	,4764615	,4763333	,5667197	,5993844	,6786967	,8948610	,10790311	,11381937	,11251632	,11447721	,10592671	,8096146	,7767181	,8551548	,10981239	,12559217	,12754793	,13082468	,12951642	,13279567	,12817476	,12621637	,12820287	,13608247	,13542967	,12686896	,14000684	,13279793	,8040601	,10599577	,12355886	,10383133	,13871911	,13607720	,13476136	,12950568	,13342755	,12686883	,
8678480	,8875599	,9476188	,9613187	,9155481	,9222329	,8829639	,7518921	,4568776	,4437705	,4896201	,4961994	,5091527	,5546920	,6256238	,7115672	,9020587	,10788771	,10989489	,11383220	,11382965	,11579820	,10724770	,8228504	,7898507	,9341569	,12099710	,12821111	,12886128	,12755559	,13148510	,13476435	,13673801	,13410892	,13017668	,13410870	,13543743	,7776412	,11049288	,13541929	,12555317	,8952953	,10919015	,13475372	,13804840	,13477413	,11175983	,12029239	,13212964	,12883235	,
8810058	,9071185	,8880214	,9480302	,9417865	,9222062	,7978181	,5748939	,4241357	,4438218	,4896977	,5027274	,5615797	,6262657	,7635068	,9155002	,10465466	,10660796	,10992061	,11121850	,11253172	,11579566	,10790561	,8491673	,8751245	,10918027	,12428934	,12624763	,12755821	,12952420	,13214814	,13018456	,11904108	,12624482	,12885828	,13607996	,13608249	,11383416	,11970129	,13345065	,12882992	,11828522	,7961695	,11056008	,13936182	,13411111	,10912559	,9332767	,12883748	,12818723	,
8743764	,8941646	,8942684	,9278830	,9681290	,9223330	,6994368	,4568776	,4307152	,4242381	,4701138	,5288388	,6529177	,7832690	,9674645	,10207694	,10728895	,10794692	,10991807	,11254714	,11646137	,11777199	,10922667	,9016474	,9933462	,11904398	,12625541	,12952186	,12691055	,12952940	,13214562	,13280345	,12887648	,12493149	,12164699	,12230731	,12952132	,13804083	,13542703	,13147696	,13080369	,9463324	,10977834	,9217416	,11380846	,14264108	,12292395	,11371813	,13409575	,13211681	,
8549242	,9137481	,9139809	,9012087	,8958620	,8636067	,5356473	,4176077	,4373454	,4439247	,4898255	,6074303	,8295308	,9867132	,10269876	,10340044	,10862275	,10731207	,11189187	,11123647	,11647932	,11711663	,11054000	,9347747	,10593951	,12626578	,12953734	,13346426	,13215093	,13607527	,13476699	,13805401	,13936468	,13018186	,12492623	,12820558	,12033614	,12427079	,11310934	,9138486	,10383911	,9924902	,12357931	,11635764	,9994047	,11899697	,13542957	,14132781	,12949028	,11567652	,
8355737	,8809045	,9205855	,8685716	,8232872	,6801589	,5424819	,4176586	,4439758	,4767953	,6144464	,7908797	,10131336	,10328711	,10143441	,10143433	,10731466	,10732231	,11255241	,10927810	,11647933	,11843253	,12038060	,6534328	,3658454	,5357500	,6667964	,6802628	,9417110	,10922633	,11252871	,12625764	,13280596	,13345612	,11902554	,11244624	,13214267	,13541945	,11310667	,6719097	,9997402	,13211177	,9467186	,10125365	,12487721	,10255407	,9665080	,6374678	,4861714	,5716243	,
8557218	,8810862	,9204816	,8429216	,5744075	,4699071	,5623738	,5226945	,4964562	,5817299	,8112338	,9678266	,10457979	,10464419	,9688029	,10339529	,10863306	,10929356	,10994631	,11189438	,11713726	,11581878	,11974065	,9805970	,7445389	,8174512	,7321003	,5690579	,9351056	,9090729	,5884624	,7117707	,5669239	,5727306	,10590054	,10326369	,12491072	,12753199	,12819762	,11510884	,12165200	,13212459	,9996111	,12557378	,13409074	,10519600	,6314283	,6703892	,8806934	,9529893	,
8428712	,8616062	,8744778	,8034177	,3654622	,2208991	,5554620	,6277563	,6472911	,8112597	,9423829	,10005683	,10457979	,10009527	,9688807	,10535620	,10797511	,10995151	,11060172	,11387078	,11386301	,11713466	,11974067	,12301224	,10915696	,10849643	,12494215	,12428412	,9599322	,10060376	,12167541	,11772006	,10658665	,9145694	,12425288	,12624977	,10126931	,7430972	,12227898	,13146417	,11896617	,12226095	,12360256	,13807684	,13015858	,7825206	,11964200	,9462813	,4138254	,7688730	,
8494764	,8356240	,8154204	,6517860	,4244678	,2085106	,4765642	,7719086	,8768197	,9359066	,9685978	,10070189	,10262142	,9751502	,9950171	,10403782	,10667213	,10864331	,11257033	,11321798	,11779776	,11844282	,12170674	,12169898	,12497574	,11243896	,10456939	,12493951	,9144690	,4484966	,11045978	,13148502	,13607241	,13541963	,13082689	,13344059	,11706203	,7246218	,11446129	,13081654	,12885581	,10911550	,11833653	,13676360	,11307568	,7498551	,10975781	,4204556	,2364420	,4401165	,
8167598	,7831972	,6910340	,5136741	,5217944	,4579043	,5291232	,9353901	,10013878	,9424595	,9424346	,10135204	,10262920	,9949399	,9751244	,10600132	,10733260	,10864593	,11060431	,11125446	,11583169	,11713466	,12237488	,12104873	,12365473	,12824737	,11376496	,10586980	,12363383	,11706739	,12165214	,11242581	,7103038	,8874809	,11305779	,12818743	,13344823	,11509336	,12038796	,12232289	,11376729	,11640168	,10915660	,12819259	,8617279	,9271872	,7226396	,5649425	,2759168	,2233351	,
7906228	,6916530	,4812967	,4681618	,5406333	,7585976	,8703456	,8892093	,9945767	,9425357	,9489369	,10068890	,10265491	,9818065	,10010566	,10469583	,10340558	,10864082	,11060424	,11191239	,11386815	,12041407	,11843251	,11973546	,12104354	,12234138	,12627089	,12427380	,12558701	,12624235	,12756070	,13082719	,10327396	,5535076	,4546899	,6184514	,8676644	,10517290	,12622666	,12887907	,10850381	,11314018	,12688970	,9536853	,6918008	,12883770	,8083738	,2101765	,327936	,393729	,
7841717	,5740467	,4489398	,4881593	,7242648	,9149329	,9094074	,8762825	,9547937	,10014388	,9685208	,9806488	,10071457	,9749961	,10140870	,10077648	,10406352	,10733776	,10864331	,10994377	,11517637	,11582650	,11843767	,12301484	,12498088	,12562589	,12036494	,10261880	,10461561	,12692088	,10321739	,9336902	,9796414	,12556873	,10266244	,6726568	,6523008	,7892288	,8675374	,11501875	,13211705	,12823921	,13804850	,8619358	,9080679	,13212485	,6243092	,459009	,512	,197120	,
6860212	,5284536	,5545659	,7116987	,8361406	,8817566	,9347220	,9221551	,9152437	,9747618	,9815747	,9871511	,9813436	,10075076	,10075856	,10209234	,10406613	,10471630	,10667981	,11125446	,11387079	,11909821	,11451314	,10921889	,9537655	,7897703	,6187863	,5069642	,6714971	,9994581	,10454095	,10719058	,8291426	,7236173	,6841668	,7174752	,9019282	,6467760	,5941921	,5604214	,8684124	,11903859	,13871159	,10000486	,10982238	,11706993	,5716494	,590595	,65795	,65536	,
5876663	,6335674	,7451583	,8500421	,8236222	,8624835	,8884904	,9215634	,9675429	,9349803	,9943205	,10200734	,9422277	,9682628	,9947350	,10013911	,10211544	,10930902	,10733009	,10600643	,10992823	,10268058	,9013605	,7042911	,6446910	,6778714	,8551526	,10391149	,11507822	,11640170	,11836251	,12096600	,10394221	,8427386	,7636074	,7695689	,8025683	,9148022	,8758151	,6397082	,4424327	,5741983	,9808762	,13803819	,13017141	,12819533	,5387533	,788736	,722434	,65792	,
6403006	,7977664	,8306116	,8371656	,8502728	,8304073	,8364997	,8951726	,9345937	,9479844	,9610906	,9744298	,9422024	,9815503	,9883867	,9818074	,9681859	,9481900	,9288120	,8564383	,9083006	,8754042	,8816752	,9540488	,10460812	,11183244	,11707268	,11444860	,11639670	,11507810	,11966304	,11834966	,12293201	,12161864	,12163157	,11245151	,9540210	,8884087	,8621945	,9736550	,9867877	,11117148	,11838541	,13476653	,13277993	,13341993	,4993551	,525568	,656641	,131077	,
7779774	,8043457	,8306376	,8241353	,8438732	,8438991	,8503246	,8368334	,8757427	,9346715	,9610655	,9418932	,9487819	,9817817	,8305089	,6327948	,7181709	,8231837	,7644575	,6983047	,8166551	,9151395	,9807256	,9870995	,9411984	,9277827	,8950144	,8816754	,8617828	,8880227	,8484692	,8678723	,8812879	,8753533	,7770245	,8228224	,9673590	,10787934	,11835470	,12950076	,13802029	,14064170	,14326049	,13344297	,13080620	,13145134	,4730900	,0	,65792	,196866	,
7911360	,7781827	,7978440	,7587013	,7849677	,8046291	,8178903	,8375510	,8764888	,9020858	,9347485	,9355203	,9749433	,9426399	,9090741	,9215105	,7709090	,7644328	,8564652	,6269354	,8564399	,8167323	,8295811	,7899772	,7244411	,8090193	,7763297	,8683362	,8877910	,8359024	,7957065	,7955513	,8416052	,9338694	,8886382	,8821878	,10262383	,10458985	,10391396	,9536600	,9733703	,10001765	,9350262	,12493117	,13669930	,13276199	,5978898	,0	,65795	,65793	,
7780802	,7912645	,7782601	,7848135	,7915468	,8046802	,8113624	,8441814	,8638939	,9286065	,9153440	,9028297	,9682100	,9818818	,10474195	,9942954	,7176575	,5138022	,7507859	,8437952	,9873300	,9083533	,8887956	,9740436	,10264208	,10592134	,10723457	,11312508	,11180916	,11507814	,11375708	,11703382	,11768138	,11964226	,11963710	,11440712	,9472600	,7635036	,9540729	,9801563	,5536606	,3178625	,6207413	,11245901	,10653764	,13214015	,6640945	,131073	,65793	,327936	,
7845825	,7913413	,7913930	,8242376	,8111309	,8178382	,8440020	,8441812	,9226700	,9479055	,9154728	,9287870	,9417146	,9684922	,10212294	,9883606	,10013133	,9289670	,9549237	,9290438	,10597026	,9803131	,7633502	,7238495	,6711900	,7302999	,8090712	,8484442	,9009753	,9730645	,10061139	,10585934	,11307594	,9603935	,7245682	,5075553	,3034689	,6714971	,7512724	,4565407	,5349792	,6060413	,11249025	,11569978	,6657403	,8495757	,7301196	,918784	,459264	,131586	,
8043196	,8305348	,8240834	,8372168	,8438478	,8570569	,7259856	,5162192	,7057061	,9475706	,9092794	,9350063	,9414318	,9484733	,9947831	,10474949	,10014676	,10078929	,10471375	,10732229	,10861762	,10992572	,10660774	,9739925	,7966082	,7171160	,8356203	,8749403	,8878422	,8614987	,8678724	,7954998	,8483401	,6786424	,5728342	,6836779	,9797443	,8488805	,7181433	,10263143	,7494459	,6449996	,8563092	,11962676	,11375173	,6192751	,7758898	,2430213	,1248513	,131586	,
8041915	,8239805	,8305598	,8635081	,8111307	,5817039	,3587786	,3518648	,6524287	,9214082	,9159365	,9287101	,9412510	,9415858	,9746882	,10277562	,10539972	,10013387	,9946314	,10665925	,10730688	,10926264	,10859956	,11317928	,11512997	,11249299	,10985604	,10721654	,11114856	,9541750	,8683611	,11965275	,11831888	,11308099	,11242306	,12027701	,8549964	,8418898	,11370543	,6180658	,4801062	,9275213	,9015925	,12028453	,11633461	,9861944	,7431224	,3023631	,1582106	,1181952	,
7976374	,8107710	,8633543	,7847365	,5225415	,3324614	,3782597	,4890775	,8619884	,8955800	,9158337	,9028299	,8954798	,9609880	,9287370	,9682882	,10475969	,10407353	,10404034	,10731716	,10402751	,10598073	,10924972	,10857637	,11184034	,11183246	,11313288	,11509380	,11771256	,11310444	,7236426	,11111773	,11570509	,11833160	,11504963	,7239765	,6911062	,8478248	,5651742	,6770213	,10516788	,11437880	,9996375	,11831337	,10716489	,11765801	,9203501	,3816233	,3024150	,4401675	,
8302769	,8172988	,6731196	,4830657	,3912390	,3978949	,4304555	,8098935	,9145193	,8828598	,9158076	,9160909	,8761802	,9672080	,9484723	,9222606	,9947333	,10343605	,10338743	,10009788	,10468544	,10663094	,10727343	,10660774	,10856605	,11117459	,11378313	,11246717	,11836023	,9599061	,8942404	,11636310	,11701066	,12094539	,8819306	,2845032	,4735782	,6840647	,10648374	,11371313	,9666372	,11768900	,10849353	,10909731	,8218164	,10781745	,9990184	,5786674	,5061145	,5518864	,
7909038	,5680050	,4238267	,3584702	,3584191	,4436149	,7119245	,9080174	,9082504	,8896711	,9091254	,9096145	,8830677	,9212574	,9807507	,8702425	,9091280	,10275252	,10405547	,10272448	,10467257	,10662324	,10727341	,10988195	,10986651	,10789523	,11246475	,11376763	,11244910	,7692357	,10848085	,11634768	,11766598	,8552528	,3623743	,6770463	,10059586	,10652754	,11109186	,8352326	,10063193	,10722157	,9602393	,8476956	,9661991	,10451497	,10383143	,4667943	,3878430	,5519897	,
5284525	,4040629	,4040888	,3386808	,4041919	,6400160	,9017216	,8750695	,8761511	,8570569	,9092275	,9226450	,8898513	,8756661	,9736838	,9554368	,8701411	,9939882	,10274215	,10403256	,10205627	,10400946	,10465448	,10856609	,10790040	,10920080	,11115141	,11443837	,8877140	,8876364	,11636575	,10195810	,10586708	,9466171	,9205830	,10655583	,10065264	,9802869	,8949613	,8026461	,11902041	,11438402	,9400375	,6965021	,10382625	,11369501	,9206079	,4478785	,5585949	,6702873	,
4759977	,4039601	,3581105	,4106683	,5746360	,8102810	,9014642	,8819059	,8374989	,8831421	,9092283	,9357523	,8834000	,8892874	,9407888	,10005649	,9556692	,9412778	,10201998	,10469288	,10140094	,10334642	,10595492	,10659745	,10920599	,10854028	,10919043	,10588274	,7428932	,10914392	,9277036	,4956323	,8222030	,11897667	,10655332	,10326882	,10783060	,11108668	,9996372	,8283965	,10844197	,12288553	,9659687	,10055199	,10118685	,9528352	,10778402	,8609822	,9002009	,8542751	,
4103336	,3448492	,3777969	,5090231	,7645878	,8231057	,8881000	,8694680	,8378841	,9091507	,9093314	,8898766	,9030350	,8829386	,9017517	,9802104	,9942429	,9807533	,9865852	,10335109	,10270890	,10335406	,10333086	,10528923	,10789013	,10526090	,11181955	,8088401	,8613970	,11440998	,7431499	,6115894	,10976577	,11567669	,11239222	,10386492	,11041841	,11435825	,9466168	,6703900	,11039525	,11763751	,11960100	,11632165	,11894567	,9658399	,9069346	,10842657	,7952931	,7754270	,
3709094	,3251625	,4827055	,6794932	,8038835	,8227975	,8684389	,8438714	,8576221	,9025710	,8962755	,9225676	,8964046	,8962253	,8888772	,9604222	,9866077	,10131067	,10061429	,10195296	,10465163	,10399898	,10332824	,10593687	,10527119	,10656908	,10391159	,7232841	,10586980	,10782555	,11306067	,10846792	,9142355	,7380101	,5998446	,6653280	,10584641	,11172141	,11105577	,11434283	,11762472	,10778155	,10255928	,11828263	,11434786	,11501090	,9921822	,8345629	,4932131	,8279579	,
3642783	,5087147	,6334896	,7910068	,7841715	,8225404	,8686444	,8508367	,8639693	,8829362	,9027268	,9094344	,9028812	,9159369	,8759745	,9211546	,9731936	,10123849	,9864035	,9993051	,10524512	,10463605	,10659970	,10593425	,10592649	,10853770	,7694424	,8353884	,9475700	,9346168	,6921086	,7434324	,6846298	,8037249	,10322255	,11043894	,11633461	,10780215	,11106347	,11106860	,11434792	,8678975	,9400116	,11302949	,11368990	,11434016	,11696929	,6180905	,5982238	,10775326	,
4954785	,6333353	,7515058	,8106677	,8036531	,8354671	,8426616	,8378580	,8636862	,8763571	,9158335	,8832195	,8831944	,9224647	,8958654	,9146282	,9406079	,9860962	,9795146	,9926995	,9928012	,10524502	,10462567	,10592898	,10396036	,10590848	,5997692	,5610387	,7644562	,9411972	,9867885	,10782288	,11699270	,11698744	,11764026	,11501878	,11501875	,11302448	,10909481	,10975274	,11303724	,9597754	,7424278	,11039776	,11172390	,11564578	,10383397	,6578234	,9329947	,8607002	,
6134945	,6792099	,7908270	,7713202	,7839144	,8549982	,8232587	,8442063	,8698291	,8763320	,9157825	,8831170	,8766147	,9027521	,9025730	,9017525	,9013415	,9406113	,9926253	,9860426	,9859915	,10452036	,10328148	,10526569	,10525823	,10721151	,9869440	,9606003	,10653289	,11044440	,11306318	,11371850	,11239751	,11502142	,11566647	,11370292	,11436083	,11238191	,10974761	,10908969	,11499306	,10579234	,10184996	,11303976	,11367964	,11367964	,6979666	,8877114	,11760926	,9592859	,
6462875	,8037026	,7907750	,7647408	,8034454	,8287059	,8365982	,8241085	,8498354	,8763066	,9091519	,8831170	,9092291	,8961475	,8894401	,8956087	,9215148	,9215399	,9341341	,9598561	,10318408	,9991236	,10387520	,10458958	,10655593	,10458743	,10785907	,10653289	,10913890	,11044441	,10782030	,10977867	,11436101	,11370556	,11239735	,11238454	,11370290	,11173681	,10777642	,10909228	,11367720	,11499298	,11172643	,11105570	,11302178	,10907423	,8026191	,11106347	,11497754	,11497758	,
7642781	,7970971	,8103583	,8235434	,8161151	,8287312	,8235685	,8039846	,8104879	,8631993	,8895165	,9092031	,8633790	,8960445	,9157049	,9023159	,9088174	,9349805	,9413288	,9405315	,9728581	,9924681	,10056767	,10323520	,10392906	,10458466	,10457193	,10784361	,10586721	,10717016	,10781769	,11108424	,11174209	,11239230	,11238456	,11237684	,11238193	,11369520	,10842922	,10974245	,10712878	,10650683	,11237155	,10778657	,11302178	,8418110	,9793577	,11498269	,11170593	,11038749	,
7772311	,7970191	,7972228	,8299160	,8289116	,8288601	,8233113	,8232862	,8302516	,8631481	,8697787	,8763579	,8763579	,8894906	,9025209	,8958387	,9153966	,9481391	,9480871	,9801088	,9925190	,10056000	,10186311	,10253879	,10455611	,10456397	,10456413	,10652260	,10716511	,10847574	,10781771	,10846535	,11108418	,11107646	,11172150	,11041843	,11106098	,11171887	,10646567	,11235877	,8489044	,7050105	,11236386	,11300890	,9469243	,6134668	,11236902	,11236128	,11104540	,10776605	,
7640977	,7903620	,8167019	,8165479	,8154436	,8027238	,8163974	,8298658	,8368051	,8565687	,8697273	,8763066	,8763320	,8828600	,9024950	,9023921	,9219760	,9350316	,9414567	,9802102	,9991501	,9859386	,9793344	,10054976	,10254899	,10454847	,10455884	,10521177	,10717277	,10781781	,10846796	,10845506	,10911548	,11042105	,11106870	,11106609	,11106094	,11172653	,10580774	,11039527	,9795393	,7035452	,10644767	,10843427	,6521957	,8292176	,11825181	,11301408	,11038749	,11037981	,
7573893	,7835503	,8295256	,8226632	,8152120	,8027238	,8095349	,8168612	,8564658	,8565428	,8631221	,8697014	,8762291	,8762291	,9024434	,9023663	,9153966	,9219241	,9347234	,9407609	,9795413	,9924412	,9727800	,10185279	,10251057	,10517554	,10520123	,10389064	,10519634	,10650193	,10846283	,10845506	,11107646	,10975799	,10910006	,11040562	,10843437	,10975532	,10711597	,10776615	,10907172	,10776866	,11104800	,9726244	,6649166	,11041063	,11432476	,11105053	,11038747	,10906910	,
7637881	,7831386	,8159309	,8155711	,8151613	,8156505	,8226935	,8170151	,8499119	,8630705	,8630705	,8630705	,8630192	,8827055	,8892334	,9022891	,9218982	,9152935	,9477021	,9209480	,9533789	,9924160	,10054707	,10054707	,10118962	,10252337	,10649138	,10519098	,10453063	,10518605	,10715208	,10845504	,10779710	,10844725	,10975282	,10974512	,10908717	,10975021	,10581040	,10514468	,10710820	,10907169	,10776864	,7432764	,9660968	,11367453	,11301406	,11168799	,10972701	,10775835	,
7701102	,7959626	,7893570	,7955509	,8152641	,8024402	,8228986	,8038565	,8432811	,8498604	,8498604	,8629676	,8629676	,8760748	,8826282	,8891046	,9086883	,9021090	,9280412	,9143949	,9402732	,9858884	,9988916	,9923119	,10053426	,10119473	,10383662	,10582832	,10452537	,10387524	,10583622	,10779711	,10713407	,10844215	,10712627	,10712112	,10843437	,10843435	,10582321	,10579234	,10710819	,10907423	,9139765	,6258270	,11105569	,11235615	,11431711	,10777117	,10907163	,10709531	,
7501405	,7957821	,7694138	,7888429	,8086848	,7894348	,8296816	,8168611	,8366503	,8498089	,8498089	,8563369	,8629416	,8628903	,8759717	,8890274	,9086368	,8954780	,9084565	,9210507	,9467771	,9597013	,9858618	,9923121	,10185263	,10053420	,10119209	,10384426	,10517550	,10452539	,10648386	,10713405	,10582331	,10712629	,10777652	,10711600	,10711340	,10907947	,10582581	,10382375	,10448164	,10776613	,6255953	,8810808	,11694369	,11039006	,11038236	,11037983	,10775835	,10774809	,
7629642	,7889716	,7757362	,7821872	,8020029	,7960137	,8231534	,8168350	,8299938	,8431522	,8497315	,8693924	,8628131	,8693665	,8824481	,8889503	,9020060	,9019544	,9149837	,9342855	,9469053	,9334888	,9596741	,9857330	,10119724	,10053418	,9987366	,10185766	,10450217	,10451248	,10516792	,10582074	,10516531	,10778420	,10581040	,10580011	,10645547	,10776615	,10647087	,10513189	,10775072	,8876854	,5928013	,10973981	,10908190	,11039260	,10711071	,10906650	,10644249	,10709531	,
7693117	,7690545	,7886377	,7887414	,8020027	,8353359	,8033917	,7971482	,8298909	,8496286	,8562079	,8627872	,8692895	,8693150	,8758430	,8888989	,9084824	,8953238	,9279887	,9408900	,9471092	,9466733	,9662036	,9726262	,9988138	,9987625	,10053157	,10053156	,10251559	,10449704	,10450989	,10385206	,10450488	,10646582	,10515247	,10907949	,10579500	,10710822	,10711849	,10447647	,10578976	,6650196	,8812348	,11365919	,10972443	,10972705	,10840602	,10841117	,10775324	,10709018	,
7626548	,7951402	,7754798	,7822901	,8020793	,8091474	,7902341	,8232087	,8363930	,8429723	,8495516	,8692638	,8692125	,8626844	,8888474	,8953749	,9018769	,9280398	,9213833	,9343871	,9538168	,9403501	,9464926	,9791301	,9725482	,9922341	,9987623	,10053159	,10250019	,10382884	,10384165	,10581292	,10450484	,10515761	,10711597	,10513708	,10448425	,10907172	,10842406	,10642974	,8748867	,6458217	,11169052	,10907421	,10972703	,10841628	,10906912	,10775324	,10774813	,10643227	,
7625006	,7819816	,7886638	,7822901	,8021051	,8157528	,8033152	,8166034	,8297877	,8494999	,8494999	,8823194	,8757399	,8691606	,8822417	,8953490	,9018253	,9148810	,9148037	,9343871	,9538678	,9601389	,9532768	,9726797	,9922358	,9987623	,9987364	,10183973	,10184228	,10250785	,10383395	,10514983	,10580524	,10319149	,10711600	,10580013	,10514472	,10578984	,10908198	,10447901	,6130281	,8945227	,11037981	,11038236	,10972190	,10906397	,10841117	,10709531	,10709531	,10577947	,
7689770	,7754021	,8018224	,7887924	,7890237	,7961695	,8032126	,8165003	,8297102	,8559761	,8494479	,8888210	,8822417	,8822416	,8887437	,9018253	,9148810	,9148037	,9278848	,9474685	,9604210	,9733737	,9665377	,9596500	,9791553	,10053165	,10184226	,10315814	,10249508	,10184224	,10382624	,10580004	,10646056	,10645804	,10711851	,10514731	,10710819	,10710311	,11236386	,8814144	,5868390	,11169830	,10972701	,10972701	,10906908	,10906908	,10775835	,10709531	,10709531	,10577947	,
7688744	,7622951	,8018224	,7822132	,7890498	,7962216	,8096890	,8164486	,8296587	,8559244	,8493451	,8821390	,8755851	,8821644	,8886408	,9017224	,9148037	,9212801	,9343611	,9473914	,9735536	,9799784	,9666143	,9729369	,9923660	,10185014	,10250021	,10315810	,10381346	,10381344	,10512928	,10645280	,10646305	,10777129	,10711851	,10580265	,10711336	,11104291	,11301930	,7180140	,9141055	,11300888	,10908190	,11038494	,10972701	,10776604	,10775835	,10774809	,10775324	,10643738	,
7557158	,7689259	,7952431	,7887667	,7891014	,7896941	,8161913	,8098434	,8427145	,8624265	,8624265	,8886665	,8754822	,8820872	,9016965	,9016452	,9147521	,9277565	,9277557	,9538932	,9800813	,9799782	,9797984	,9861717	,9859148	,10119740	,10250284	,10315812	,10381344	,10577953	,10578207	,10709790	,10776864	,10777893	,10777642	,10777383	,10973479	,11039523	,10778153	,9535822	,11235623	,11104800	,11170846	,11104799	,11300638	,11366432	,10972956	,10906908	,10906908	,10775324	,
7491365	,7623725	,7821102	,7887924	,7826508	,7897195	,8030582	,8162942	,8295298	,8491907	,8623747	,9017222	,8819843	,8754305	,8884865	,8950142	,9015674	,9145977	,9276787	,9407344	,9537641	,9602403	,9666909	,9796691	,9990731	,9923136	,10250548	,10315561	,10380574	,10511647	,10512160	,10643740	,10709792	,10776866	,10973216	,10908198	,10711590	,10973479	,11104800	,11432222	,11169822	,11235360	,11170335	,11104799	,11169820	,11365919	,11169820	,10907420	,10841115	,10709529	,
7359779	,7427116	,7558700	,7757622	,7762260	,7831659	,7898996	,8096889	,8294782	,8360062	,8491647	,8819585	,8687999	,8622204	,8752761	,8818297	,8948853	,8948340	,9144942	,9209705	,9339749	,9470559	,9601114	,9665618	,9860424	,9792321	,9857079	,9921579	,10117922	,10380574	,10380576	,10380828	,10577693	,10709792	,10644514	,10710819	,10841897	,10842148	,10842406	,10776602	,11104029	,10973213	,11038749	,11234846	,10907420	,10775834	,10841370	,10775322	,10709531	,10577947	,
7425572	,7492140	,7492909	,7757883	,7566171	,7765866	,7767410	,8096375	,8097403	,8293754	,8425340	,8621693	,8621693	,8556154	,8686711	,8817525	,8816754	,8947311	,9012586	,9208676	,9273186	,9272665	,9337942	,9533779	,9729351	,9596995	,9595449	,9659440	,9986596	,10052381	,9986847	,10052379	,10183965	,10380828	,10578204	,10381855	,10645026	,10579233	,10906405	,10710044	,10710042	,10709792	,10840602	,10710044	,10840606	,10774811	,10578458	,10709018	,10511900	,10380314	,
7294247	,7491880	,7492656	,7430976	,7566937	,7568489	,7635822	,8029810	,8030069	,8227446	,8359032	,8424566	,8489589	,8423796	,8620145	,8685681	,8553580	,8815977	,8880741	,9011297	,9076059	,9141079	,9271890	,9402446	,9466949	,9465919	,9661242	,9527600	,9657896	,9920290	,9920543	,9920543	,10183199	,10183197	,10248988	,10315551	,10381342	,10381342	,10447135	,10381342	,10578206	,10578206	,10578206	,10643486	,10511900	,10511387	,10446107	,10380314	,10314521	,10182936	,
7228454	,7294760	,7427376	,7432004	,7501146	,7502694	,7569516	,7832431	,7898224	,8029808	,8292210	,8423537	,8357744	,8422767	,8488300	,8553580	,8553064	,8487012	,8748641	,8944989	,9010008	,9140563	,9271118	,9205067	,9335362	,9400126	,9595449	,9528114	,9658411	,9788965	,9854751	,9788957	,9920027	,9985820	,9985818	,10117402	,10183965	,10249758	,10315549	,10315549	,10512413	,10446620	,10446107	,10380314	,10380314	,10314522	,10314522	,10248729	,10182682	,10116889	,
7228197	,7228967	,7296817	,7498058	,7435099	,7567458	,7634280	,7765866	,7897452	,7963498	,8160365	,8423020	,8422507	,8290921	,8356455	,8618598	,8487012	,8617569	,8682332	,8812887	,8877907	,9008464	,9073739	,9139015	,9138496	,9400126	,9398584	,9397042	,9527084	,9526310	,9657633	,9657884	,9853980	,9919773	,9854234	,9920025	,9986588	,10118172	,10118172	,10315035	,10315035	,10249242	,10183449	,10248729	,10248729	,10248475	,10182682	,10051609	,9985818	,9920025	,
7162404	,7228968	,7232053	,7301708	,7303515	,7501407	,7699044	,7568741	,7765607	,7831653	,8094055	,8290919	,8290662	,8159076	,8421217	,8617826	,8486240	,8551516	,8616278	,8746836	,8877391	,8877132	,8941895	,8941636	,9072190	,9137467	,9267511	,9332017	,9330732	,9394985	,9460771	,9591836	,9788188	,9853980	,9788187	,9854234	,9985818	,10117404	,10183195	,10248988	,10249242	,10183449	,10117656	,10117656	,10116889	,10116889	,10116889	,9985816	,9985305	,9853719	,
7227427	,7163691	,7233082	,7301709	,7303513	,7369817	,7632993	,7502434	,7764836	,7765088	,8027747	,8289890	,8224097	,8223840	,8420702	,8485980	,8354394	,8419158	,8615507	,8680528	,8745546	,8876360	,8941636	,8940864	,9071420	,9071163	,9201716	,9200942	,9330732	,9329705	,9394724	,9525793	,9591325	,9788188	,9788187	,9788187	,9854234	,9985818	,10051609	,10117402	,9986586	,9986586	,9986586	,10117402	,10051609	,10051096	,10051098	,9920025	,9788439	,9656853	,
7030818	,7098411	,7233597	,7235916	,7368790	,7369560	,7501403	,7501916	,7632991	,7764316	,8026718	,8223838	,8288861	,8223068	,8420441	,8419928	,8419158	,8418899	,8549455	,8614219	,8613960	,8810309	,9006659	,8940605	,9005627	,9005368	,9135923	,9200942	,9199916	,9330473	,9329444	,9329185	,9460254	,9591325	,9722395	,9722394	,9722648	,9788441	,9854232	,9920025	,9855000	,9855000	,9920793	,9920793	,9985816	,9920025	,9854232	,9788439	,9722135	,9656342	,
7031075	,6967854	,7036992	,7170122	,7302738	,7237972	,7369558	,7501144	,7566937	,7698007	,7960666	,8157530	,8222810	,8157015	,8354133	,8418899	,8287312	,8418382	,8417610	,8548167	,8678981	,8809796	,8809278	,8939834	,8939577	,8939316	,9070130	,9134895	,9199916	,9330473	,9329957	,9263138	,9394461	,9460254	,9525532	,9656602	,9656601	,9722648	,9788441	,9854234	,9789209	,9723416	,9789209	,9789209	,9854232	,9854232	,9788439	,9722646	,9590808	,9525015	,
6834979	,6968367	,7037507	,7235402	,7301966	,7172179	,7303249	,7500628	,7566167	,7566420	,7960151	,8091222	,8090965	,8090965	,8353618	,8353105	,8286796	,8220488	,8416838	,8482374	,8547395	,8612671	,8743226	,8742455	,8807989	,8873523	,8938544	,9003310	,9068332	,9199398	,9329955	,9263649	,9263391	,9394461	,9459739	,9656602	,9656601	,9656601	,9788441	,9854234	,9788441	,9788441	,9854234	,9854234	,9788441	,9788441	,9722648	,9656855	,9590808	,9459222	,
6834724	,6968883	,7036994	,6972743	,7039563	,7236942	,7302736	,7368529	,7434322	,7631186	,7893586	,7959377	,8090447	,8089933	,8418128	,8220749	,8286024	,8351045	,8284993	,8481857	,8546878	,8611897	,8808248	,8807991	,9004339	,8938287	,9069102	,9068843	,9134121	,9199400	,9198371	,9132578	,9197599	,9262621	,9393948	,9524762	,9525016	,9656601	,9656601	,9722648	,9656855	,9722648	,9722648	,9722648	,9656855	,9722648	,9722648	,9525269	,9525015	,9393429	,
6769446	,6837556	,6905408	,6972230	,7104842	,7236428	,7367501	,7433807	,7499087	,7630414	,7892814	,8024654	,8089933	,8221003	,8352076	,8154697	,8285254	,8350788	,8350016	,8415551	,8415292	,8545847	,8676662	,8676403	,8872753	,8872494	,9003309	,9003050	,9002535	,9133607	,9067299	,9132578	,9197599	,9262621	,9328157	,9458969	,9459223	,9525016	,9590808	,9590808	,9591062	,9722648	,9656855	,9656855	,9591062	,9656855	,9590808	,9459222	,9393429	,9327637	,
6704169	,6772534	,6839615	,6906437	,7038534	,7301449	,7301449	,7367242	,7629642	,7694922	,7826762	,7892554	,8089417	,8154695	,8286024	,8088643	,8153666	,8219200	,8283965	,8349245	,8348727	,8414261	,8610612	,8610097	,8806447	,8740908	,8871723	,8871464	,8870949	,9067814	,9067299	,9132578	,9197599	,9066013	,9196828	,9328155	,9393176	,9459223	,9590808	,9525015	,9459222	,9590808	,9525015	,9525015	,9525015	,9525015	,9459222	,9327636	,9393430	,9261590	,
6704682	,6772534	,6708027	,6971712	,7038275	,7234884	,7365957	,7366724	,7563590	,7760199	,7825991	,7892038	,7957316	,8022852	,8219459	,8087873	,8021821	,8152637	,8152379	,8348729	,8348214	,8479284	,8479026	,8544304	,8674861	,8740138	,8871466	,8739878	,8805158	,8936228	,9001506	,9066785	,9066270	,9066013	,9196828	,9262362	,9393176	,9459223	,9525016	,9525015	,9459222	,9525015	,9459222	,9525015	,9525015	,9459222	,9393430	,9393430	,9327383	,9261590	,
6639148	,6706741	,6707513	,6905406	,7037759	,7103298	,7234371	,7300418	,7366211	,7562819	,7759941	,7759939	,7891266	,7956287	,8087616	,7956028	,8021051	,8020793	,8086073	,8217143	,8216628	,8281905	,8412720	,8412718	,8674347	,8608552	,8674087	,8674085	,8673572	,8804642	,8869922	,8935199	,9000477	,9000477	,9065242	,9130776	,9262360	,9393430	,9459223	,9459222	,9393429	,9393429	,9393429	,9393429	,9459222	,9393429	,9327637	,9327637	,9261590	,9130004	,
6508334	,6575412	,6707513	,6904892	,6971199	,7036992	,7233857	,7103039	,7168832	,7430976	,7627840	,7693887	,7824701	,7890237	,8086844	,7955258	,7889465	,7955000	,8085557	,8150835	,8216114	,8215599	,8281134	,8412204	,8542761	,8542248	,8542246	,8608294	,8607779	,8738595	,8738336	,8869152	,8869406	,8934684	,8934426	,8999703	,9196567	,9196567	,9327637	,9393430	,9393430	,9393430	,9393429	,9327636	,9327636	,9327637	,9327637	,9261844	,9130004	,9130006	,
6574127	,6509619	,6707000	,6970172	,6970683	,6970683	,7035963	,7102268	,7233597	,7364668	,7627324	,7693115	,7824442	,7955258	,7955258	,7889208	,7823415	,7888694	,8085044	,8150321	,8149806	,8215342	,8346157	,8346411	,8476714	,8476455	,8476453	,8476708	,8541988	,8607009	,8606752	,8737566	,8803613	,8868893	,8934427	,8933656	,9130776	,9130774	,9261590	,9327383	,9327383	,9327637	,9327637	,9261844	,9327637	,9261844	,9261590	,9195797	,8933397	,8933397	,
6508591	,6509619	,6641207	,6838327	,6772791	,6970425	,7035705	,7036216	,7167291	,7364154	,7626811	,7692858	,7758649	,7823927	,7889208	,7757622	,7757109	,7887924	,7953458	,8084528	,8018220	,8083755	,8214571	,8280107	,8345128	,8344869	,8344867	,8345122	,8410402	,8475423	,8540959	,8671775	,8803359	,8803100	,8934173	,8933657	,9064985	,9064983	,9195799	,9261590	,9195797	,9195797	,9261844	,9196051	,9261844	,9195797	,9130004	,9130006	,8867604	,8801813	,
6442798	,6443568	,6575412	,6640948	,6838327	,6838326	,6838326	,7100982	,7035703	,7297846	,7626295	,7692086	,7757879	,7691829	,7822902	,7691315	,7756338	,7821874	,7952688	,8018222	,8083756	,8017962	,8082985	,8082985	,8213542	,8213796	,8213281	,8212768	,8475425	,8475425	,8540959	,8671775	,8672027	,8737309	,8736794	,8867864	,8933656	,8999192	,9064983	,9064981	,9195540	,9195540	,9195540	,9195540	,9195540	,9195286	,9130006	,9064213	,8867604	,8736531	,
6377005	,6377775	,6575155	,6575155	,6706740	,6772533	,6903349	,7035189	,7035189	,7166260	,7560502	,7560500	,7691828	,7625522	,7887924	,7756338	,7756081	,7821104	,7886638	,7886636	,8017963	,7886376	,8017192	,8082728	,8147749	,8148003	,8213283	,8146975	,8343840	,8343839	,8409119	,8540189	,8540187	,8671516	,8736794	,8802071	,8867863	,8999192	,9064983	,8999190	,9130006	,9130006	,9064213	,9130006	,9130006	,9064213	,9064213	,9064213	,8802070	,8736277	,
6310700	,6442799	,6443569	,6574384	,6705970	,6771763	,6837810	,6968883	,7034676	,7231539	,7428914	,7494449	,7625522	,7756081	,7821874	,7558959	,7624495	,7755309	,7755052	,7820330	,7886377	,7951399	,7885606	,7951142	,8147236	,8147236	,8147490	,8278047	,8278047	,8278047	,8343326	,8474398	,8408601	,8605723	,8671003	,8736278	,8736277	,8933399	,8999192	,8933397	,8933397	,8999190	,9064213	,9064213	,9064213	,8998422	,8932629	,8801813	,8670485	,8670485	,
6179114	,6377006	,6442799	,6508591	,6639920	,6705711	,6771504	,6837297	,7034160	,7165231	,7428657	,7362863	,7690545	,7821104	,7755311	,7492909	,7623723	,7623723	,7689257	,7688744	,7688998	,7819814	,7885349	,7885349	,8081443	,8015650	,8081184	,8212254	,8212254	,8212254	,8277533	,8474398	,8408603	,8473883	,8605210	,8736278	,8670485	,8801558	,8867606	,8933399	,8867606	,8933399	,8867606	,8801813	,8801813	,8801813	,8736020	,8669972	,8604179	,8473106	,
6113321	,6245420	,6377005	,6442541	,6508334	,6574125	,6705709	,6968367	,6967854	,7033645	,7231278	,7296557	,7624495	,7689518	,7623725	,7361323	,7492137	,7557673	,7623464	,7557412	,7557412	,7688228	,7753763	,7819556	,7949857	,7884064	,7949598	,8080414	,8146461	,8080668	,8211740	,8408605	,8342810	,8408090	,8539417	,8670485	,8670485	,8670485	,8670485	,8801813	,8736277	,8736277	,8801813	,8736020	,8736020	,8736020	,8669972	,8538386	,8538386	,8407313	,
5981735	,6179114	,6245162	,6441771	,6507562	,6639148	,6705195	,6770988	,6836268	,6967339	,7230765	,7164971	,7427116	,7557932	,7492139	,7295530	,7360551	,7426087	,7557158	,7557158	,7491365	,7556642	,7621922	,7818786	,7818273	,7818271	,7883805	,8014621	,8014875	,8080155	,8145948	,8277019	,8277019	,8342297	,8473624	,8604694	,8604692	,8604692	,8604692	,8604691	,8670484	,8604691	,8736020	,8736020	,8670227	,8604179	,8538386	,8407313	,8407313	,8341520	,
5981990	,6113576	,6179369	,6375978	,6507305	,6573098	,6638889	,6638889	,6770475	,6901546	,7229995	,7164201	,7295530	,7360553	,7360553	,7294760	,7360294	,7425574	,7557158	,7491365	,7556644	,7490851	,7556129	,7687200	,7752480	,7752478	,7883807	,7948828	,7948571	,8014362	,8080155	,8211226	,8277019	,8277019	,8276504	,8407829	,8604692	,8604692	,8604692	,8538899	,8604179	,8604179	,8604179	,8604179	,8538386	,8538386	,8472593	,8341520	,8341522	,8275729	,
6112806	,6047783	,6178599	,6309672	,6375719	,6441512	,6573096	,6638887	,6573096	,6901032	,7163689	,7098151	,7163944	,7163944	,7228967	,7163174	,7228708	,7359781	,7557158	,7556644	,7425058	,7490338	,7621152	,7621407	,7751967	,7686687	,7752221	,7883035	,7948571	,7948569	,8014362	,8145178	,8145433	,8145433	,8144918	,8276245	,8538901	,8473108	,8473108	,8407313	,8472593	,8538386	,8538386	,8472593	,8472593	,8472593	,8341009	,8275729	,8209682	,8209682	,
