7354198	,7288409	,7222871	,7091798	,7222870	,7091799	,7222872	,6894676	,6763605	,6894678	,6894422	,6828885	,6632280	,6698069	,6632534	,6698067	,6632020	,6763093	,6566228	,6435666	,6435668	,6303829	,6107474	,6369878	,6697562	,6763610	,6501977	,6369879	,6173527	,6107477	,6173525	,6041936	,5975635	,5778769	,5713743	,5977427	,6109782	,6372697	,6504030	,6635875	,6636131	,6504024	,6371403	,5976645	,5320000	,5122624	,5122879	,5187906	,5319490	,5188419	,
7683161	,7354199	,7420244	,7223125	,7157333	,7223127	,7288662	,7026259	,6763861	,7025495	,6828630	,6632021	,6763096	,6698066	,6829139	,6763605	,6697557	,6632276	,6566995	,6500946	,6369874	,6304078	,6369618	,6238545	,6435921	,6763861	,6698583	,6435926	,6370133	,6238543	,6238800	,6172752	,6172241	,6106959	,6108239	,6371922	,6503509	,6635347	,6963796	,7096153	,6899285	,6700876	,6436421	,5779523	,5319743	,5385023	,5253694	,5319231	,5516100	,5320002	,
7814230	,7419992	,7288405	,7222868	,6960213	,7091542	,7091797	,7091029	,6960721	,6698065	,6893908	,6763344	,6631763	,6566739	,6697553	,6762836	,6632272	,6435407	,6369874	,6500688	,6173004	,6172750	,6304079	,6238544	,6239054	,6370129	,6370386	,6173778	,6042191	,6107727	,6107727	,5976398	,5910607	,6041422	,6173776	,6306388	,6371924	,6240083	,6699599	,6700362	,6437959	,6174276	,5844545	,5516097	,5319234	,5253694	,5188157	,5385017	,5385279	,5319492	,
7682903	,7748696	,7550806	,7354195	,6959953	,7025233	,6960466	,6894671	,6829135	,6566479	,6828113	,6828879	,6566480	,6435409	,6304077	,6369611	,6434892	,6632272	,6566227	,6238288	,6041932	,6107470	,6173009	,6434893	,6173004	,5910349	,6041675	,6107726	,6239312	,6371151	,6436685	,6305614	,6173776	,6042957	,6175572	,6439002	,6438491	,6175576	,6174549	,6305102	,6108488	,5713984	,5582142	,5385539	,5516611	,5450559	,5188411	,5188151	,5320251	,5517891	,
7551574	,7814487	,7880025	,7288146	,6959950	,6829135	,6959952	,6566732	,6566733	,6697551	,6632013	,6566221	,6500686	,6369356	,6172744	,6041671	,6238540	,6763597	,6566481	,6107221	,6173013	,6107988	,6173011	,6238027	,6041673	,6041929	,6173513	,6501960	,6764620	,6896463	,6962251	,6896971	,7159627	,6897228	,6636109	,6702419	,6636377	,6373718	,6045011	,6173771	,5976389	,5517120	,5516862	,5845056	,5713984	,5516860	,5319737	,5714745	,6174780	,6175292	,
7617105	,7157332	,7420507	,7223128	,6828882	,6698063	,6829133	,6632013	,6566476	,6565966	,6435149	,6304077	,6369616	,6304076	,6304075	,6238282	,6369611	,6238541	,6108498	,6305363	,6305622	,6174811	,6239577	,6041678	,5976137	,6435913	,6764361	,6830664	,7027785	,7028298	,7291462	,7422534	,7619395	,7487813	,7224899	,6766153	,6570572	,6374226	,6045267	,5911368	,5779009	,5517118	,5516604	,5713467	,5516859	,5123130	,5254202	,6239799	,6895923	,6764854	,
7879506	,7026002	,6829141	,7158104	,6763860	,6500942	,6566476	,6500685	,6435149	,6434890	,6369356	,6237773	,6238030	,6238541	,6369612	,6303820	,6172490	,6238792	,6174026	,6240073	,6306125	,6306893	,6306898	,6305613	,6501708	,6568009	,6830917	,7028293	,7225412	,7225411	,7553854	,8013373	,7948100	,7553605	,7158338	,6633032	,6372424	,6373455	,6044749	,5518146	,5385532	,5188671	,5122875	,5057079	,4991801	,4926264	,5057593	,5647927	,6041649	,5779250	,
7813717	,7353682	,6632018	,6698326	,7158106	,6763856	,6435150	,6238026	,6106954	,6107212	,6106956	,5910345	,5975623	,5844808	,6041418	,5910602	,5713734	,5779013	,5844550	,5713478	,5845318	,6239561	,6502988	,6568524	,6633802	,6569028	,6963010	,7291716	,7750724	,7618623	,7552822	,7815734	,8013629	,7816259	,7158847	,6567491	,6240843	,6175822	,5584454	,5189441	,5123130	,5254462	,5057852	,5057080	,5056827	,5122876	,4926518	,4860726	,4663862	,4728887	,
7748180	,7616594	,6894926	,6369872	,6829909	,7617884	,6829395	,6041676	,5844811	,6041678	,5844552	,5647432	,5909576	,5713224	,5582407	,5713478	,5516868	,5516617	,5581895	,5516359	,5648456	,6042441	,6305354	,6437449	,6700357	,7028800	,7422528	,7750464	,8209988	,7552829	,7158839	,7420726	,7749691	,7815486	,7289663	,6436415	,5978693	,5716039	,5189956	,5320511	,5911354	,6240062	,6108475	,5714491	,5254972	,5057850	,4598583	,4598071	,4401462	,4335156	,
7486288	,7616852	,7091793	,6435919	,6303826	,7486043	,7617370	,6238285	,5844806	,5910346	,5844554	,5844041	,5713224	,5581895	,5385537	,5320003	,5451077	,5582150	,5581894	,5713737	,5977418	,6043465	,6306375	,6503749	,7094340	,7488063	,7618878	,7618363	,7618105	,7420730	,6961209	,7026230	,7092026	,7223098	,6894395	,6107455	,5583943	,5387590	,5386817	,5977149	,6961722	,7421754	,7552825	,7093306	,6371386	,5386546	,4467252	,4335669	,4204597	,4007734	,
7223373	,7288919	,6894930	,6369871	,5910350	,6369870	,7946077	,7092049	,5581891	,5713223	,5779018	,5712968	,5451077	,5451077	,5385025	,5123138	,5319492	,5254210	,5582406	,5911371	,6109258	,6306375	,6831429	,7028544	,7488062	,7619134	,7553340	,7355451	,7224125	,7158333	,6829887	,6567487	,6501436	,6500924	,6303549	,5976381	,5649984	,5518915	,5583935	,6174015	,7158841	,7750204	,8209466	,8012601	,7421496	,6042931	,4795445	,4139060	,4073525	,4073528	,
7026251	,7091791	,6894667	,6369100	,5910092	,5844552	,6960976	,7748695	,6303562	,5450819	,5647684	,5713221	,5451331	,5385542	,5385027	,5123135	,5188675	,5254722	,5780035	,6174022	,6240835	,6700095	,7158849	,7224633	,7355960	,7683901	,7487552	,7421763	,7552839	,7487811	,7159615	,6634303	,6633275	,6633273	,6304572	,5911098	,5912121	,6043708	,6108985	,6437181	,7225405	,8078399	,8603451	,8472122	,7684406	,6436660	,5189685	,4468021	,4336951	,4534074	,
6960205	,7222346	,6894407	,6368841	,5713221	,5647429	,5712452	,7485781	,7945810	,5712709	,5253696	,5385024	,5581634	,5385539	,5320002	,5122878	,5254466	,5845061	,6174021	,6371651	,6568515	,7027774	,7289918	,7289657	,7420991	,7487043	,7553606	,7882311	,8013893	,8144965	,7882051	,7093822	,6567996	,7027514	,6567480	,5713466	,5516601	,5976632	,6371122	,7093558	,7554107	,8209980	,8603450	,8603188	,8012083	,6699315	,5583924	,4928056	,4863030	,5059893	,
7026505	,7091786	,6631495	,5909827	,5582147	,5581893	,5843522	,7026253	,8406612	,6107204	,5188162	,5319746	,5319486	,5122880	,5188416	,5188670	,5385790	,6107971	,6502465	,6699327	,6961724	,7093306	,7355964	,7421505	,7553095	,7619658	,7882568	,8276551	,8407622	,8342087	,8013380	,7028287	,6304828	,6435638	,6173238	,5385526	,4925492	,5385785	,6239287	,7224124	,7749949	,7947067	,8078132	,8143152	,7748658	,6698289	,5714740	,5387577	,5650232	,5978675	,
7092043	,7157322	,6763334	,6040898	,5581892	,5581636	,5778243	,6303814	,6370118	,5779008	,5319489	,5319233	,5253696	,5122625	,5057338	,5188670	,5582911	,6108478	,6633792	,6896187	,7092531	,7158586	,7487816	,7685197	,7685454	,7685963	,8079942	,8473667	,8735816	,8473418	,7948101	,6634819	,5845311	,5385016	,5254199	,4794937	,4663607	,4992567	,5977151	,6830914	,7028286	,7158845	,7224121	,7289657	,6895668	,6108214	,5847365	,5979211	,6175815	,6175808	,
7026252	,6960197	,6500928	,5713218	,5581892	,5778500	,5910078	,5713476	,5385280	,5581883	,5188413	,5188416	,5188417	,5123135	,5254207	,5254204	,5583164	,6240318	,6765114	,6895928	,6961722	,7421764	,7750734	,7883344	,7948878	,7817287	,7750979	,8078910	,8341572	,8276301	,7554632	,6504004	,5452608	,4927036	,5058622	,4665149	,4663869	,4729657	,5386807	,5977658	,6109755	,6240831	,6502974	,6503491	,6241863	,6111052	,6309462	,6638168	,6638169	,6244436	,
6960709	,6829376	,6369086	,5647425	,5450818	,5975877	,6107204	,5648192	,5385790	,5253950	,5254461	,5123133	,5188413	,5254463	,5385535	,5516603	,5779770	,6240059	,6830138	,6895936	,6962246	,7422539	,7751247	,7949135	,8079695	,7817032	,7619391	,7815741	,8078656	,7882312	,7161161	,6307655	,5387586	,5125184	,5650501	,5322049	,4860730	,4663605	,4532534	,4926006	,5452085	,5847100	,6306880	,6439236	,6440011	,6572113	,6835801	,7032921	,7033176	,6902107	,
6763839	,6632511	,6238016	,5712959	,5582401	,5910337	,6237764	,5975873	,5582139	,5319995	,5647677	,5582396	,5189432	,5320504	,5516602	,5582137	,5713975	,6305084	,6568005	,6831176	,7094605	,7291731	,7488852	,7554642	,7685966	,7488841	,7356736	,7422012	,7685181	,7685955	,7096135	,6307909	,5585477	,5584966	,5978951	,5847107	,4992061	,4466485	,4467511	,4861761	,5322049	,5913161	,6241357	,6242633	,6571337	,6703695	,6966867	,7164505	,7099487	,7296351	,
6631486	,6106942	,5713469	,5516091	,5451069	,5582393	,5713210	,5582139	,5451067	,5713212	,5516605	,5516857	,5189177	,5058105	,5188662	,5319990	,5779002	,6173757	,6503754	,6832979	,7226709	,7357271	,7226710	,7291985	,7291723	,7291464	,7225922	,7094839	,7095348	,7423545	,7226681	,6832437	,6307125	,6176058	,6373181	,6044992	,5059137	,4335672	,4927033	,5389130	,5784146	,6111828	,6308686	,6374475	,6505802	,6833993	,7031372	,7296087	,7232616	,7232102	,
6105913	,5450554	,5188413	,5188154	,5253689	,5319223	,5319480	,5319483	,5581629	,5581371	,5188409	,5122620	,5057339	,5122618	,5057078	,5254198	,5385526	,5715260	,6570315	,6964822	,7161173	,7160913	,7161169	,7160655	,7029062	,7291458	,7554617	,7423538	,7358258	,7555379	,7489332	,7094832	,6897456	,6700333	,6831405	,6634805	,5650490	,4993080	,5256251	,5915209	,6179156	,6376278	,6441301	,6374992	,6440267	,6637128	,6900298	,7493464	,7693421	,7364976	,
5581629	,5188411	,5253948	,5385017	,5319482	,5057337	,5384760	,5318968	,5187895	,5122615	,5122872	,4991545	,5057338	,5122872	,4991284	,5122356	,5253682	,5846072	,6635587	,6701900	,6767435	,7029580	,7226704	,7226188	,7095358	,7555124	,7621425	,7687726	,7885107	,8083513	,8083510	,7820087	,7687736	,7489329	,7095085	,6700330	,6174513	,5583670	,5716031	,6373958	,6769743	,6770517	,6572887	,6178638	,6112845	,6375246	,6704466	,7428959	,8088432	,7694195	,
5385016	,5385016	,5450296	,5450039	,5516343	,5188664	,5188660	,5384502	,5253175	,5056821	,5319226	,5188152	,5123131	,5057335	,4663603	,4729138	,4991286	,5517108	,6042933	,6175030	,6372157	,6963012	,7160904	,7291712	,7488817	,7950128	,8149298	,8544304	,9004852	,9530935	,9531699	,9333816	,8938297	,8608054	,8081715	,7292462	,6437677	,5846578	,6175547	,6767684	,7490635	,7294802	,6507086	,5915719	,6047049	,6244428	,6771285	,7561059	,8219243	,7824492	,
5385528	,5254200	,5385014	,5319478	,5253688	,5385019	,5385527	,5319479	,5188153	,5122869	,5385272	,5385017	,4860471	,4795190	,4925754	,4860214	,4794678	,5122612	,5254192	,5516848	,6042420	,6633786	,7094326	,7357235	,7752492	,8411440	,9070384	,9728562	,10123573	,10518069	,10517809	,10122549	,9726772	,9330997	,8870449	,8081455	,7160622	,6306350	,6241075	,6701629	,7227203	,7096652	,6111817	,5652550	,5981000	,6244429	,6705494	,7428960	,7560543	,7100508	,
5582903	,5779259	,5647928	,5319989	,5188150	,5385020	,5385273	,5253942	,5319477	,5253944	,5057336	,5122612	,4991031	,4794422	,4794680	,4859707	,4663605	,4794936	,5188661	,5647155	,6172980	,7026740	,7749935	,8473906	,9329714	,10119985	,10778418	,11042099	,11108653	,11371312	,11370801	,11040821	,10512950	,10379318	,10181940	,9853488	,9129777	,8341294	,7684404	,7684408	,7619902	,7620157	,6832451	,6439752	,6571850	,6900562	,6967130	,6772066	,6640736	,6573914	,
5977142	,6107703	,5779768	,5648182	,5319734	,5188152	,5384758	,5581622	,5384754	,5122613	,4794682	,4991030	,5384248	,5516089	,6106935	,7419705	,8207671	,8601653	,8863795	,9191731	,9652017	,10112813	,10836524	,11494961	,12088623	,12484139	,12681772	,12616745	,12616493	,12419124	,12484662	,12352050	,12021555	,11888948	,11888441	,11822649	,11625011	,11492910	,11098418	,10573110	,10375991	,10244147	,9981751	,10048573	,9852737	,9656650	,9132118	,8477025	,7820128	,7425622	,
5910835	,5845302	,5976119	,5713719	,5188405	,5253428	,5319220	,5187382	,5187636	,5909557	,6697528	,7682359	,8929334	,9783095	,10965813	,11820338	,12280629	,12214064	,12214061	,12412206	,12610091	,12808233	,13137451	,13598759	,13928742	,14060327	,13994020	,13994273	,13730852	,13599020	,13665072	,13665067	,13532206	,13400870	,13400873	,13335086	,13269293	,13202988	,13005616	,12676402	,12544818	,12280879	,12018477	,12018990	,11953714	,11757114	,11429188	,11035463	,10443850	,9851970	,
5647924	,5647666	,5713203	,5581874	,5253939	,5122099	,5581363	,6894388	,8798517	,10177842	,11162927	,12148529	,12740143	,13266995	,13794355	,14058287	,14124069	,14123813	,14386979	,14519328	,14585374	,14650908	,14717222	,14915360	,14914841	,14849048	,14782994	,14651156	,14387217	,14387217	,14650899	,14519830	,14387732	,14321680	,14256144	,14321938	,14322199	,14256154	,13992728	,13861146	,13664026	,13466140	,13399836	,13268767	,13202721	,13071652	,12808741	,12414247	,12018984	,11689254	,
5516339	,5385010	,5253937	,5253169	,5516084	,7682355	,10242865	,11885360	,13003569	,13596721	,13992234	,14452518	,14781994	,14914084	,14913821	,14848281	,14848794	,15112729	,15244570	,15376667	,15311130	,15244818	,15244564	,15179029	,14981138	,14783758	,14717963	,14717708	,14651403	,14651400	,14849542	,14718474	,14586635	,14454535	,14322695	,14322443	,14256651	,14059014	,13927174	,13861127	,13663495	,13531660	,13466123	,13465609	,13465867	,13465871	,13399822	,13071378	,12808213	,12610071	,
5450289	,5384501	,5188145	,6566195	,10047026	,12806192	,13924905	,14649640	,15176740	,15374627	,15374365	,15440163	,15375139	,14980632	,15046164	,15046929	,15245334	,15442450	,15508245	,15640596	,15574548	,15377171	,15310860	,15178766	,14849803	,14718476	,14717962	,14651911	,14586374	,14651912	,14652422	,14652423	,14520584	,14257159	,14322690	,14191109	,14059779	,13861890	,13729539	,13532163	,13400324	,13334278	,13203462	,13137410	,13071362	,13005316	,13005062	,12873735	,12808196	,12741892	,
5385011	,5581621	,7944755	,11820848	,14385706	,15110182	,15505697	,15769120	,15769887	,15571995	,15373853	,15506976	,15309849	,15178773	,15112974	,15047434	,14981387	,14981129	,15112715	,15310604	,15179273	,15113226	,15047177	,14652168	,14586378	,14718214	,14586373	,14454274	,14388736	,14322947	,14322951	,14257157	,14125314	,13927171	,13927169	,13927681	,13795842	,13729796	,13597953	,13400836	,13335045	,13335299	,13203971	,13072130	,13006337	,12874755	,12874501	,12742657	,12610816	,12478979	,
6698039	,9718068	,13135663	,15175971	,15637274	,15637016	,15834653	,15835422	,15704092	,15308824	,15375128	,15441944	,15179024	,14915339	,14651656	,14520071	,14519559	,14453768	,14585864	,14652167	,14520322	,14453763	,14387714	,14322435	,14454789	,14520582	,14256900	,14124800	,14125056	,14125569	,14059778	,13927938	,13861632	,13664001	,13597953	,13598209	,13466627	,13466370	,13335299	,13269762	,13269764	,13270017	,13269761	,13138688	,13006592	,13006848	,12940288	,12742912	,12611072	,12413442	,
11164216	,14188586	,15505697	,15637274	,15637527	,15703575	,15769621	,15704338	,15440918	,15309332	,15112973	,14849290	,14519817	,14322441	,14388234	,14322947	,14256646	,14256903	,14387974	,14322947	,13993475	,13861377	,13926915	,13927426	,14257667	,14323716	,14058753	,13860864	,13861378	,13993732	,13928193	,13861890	,13597952	,13532162	,13532162	,13400578	,13269504	,13269506	,13269507	,13203969	,13138176	,13138435	,13203969	,13138178	,13006849	,13006593	,12874753	,12742913	,12545280	,12347648	,
14584095	,15637273	,15637272	,15703321	,15571732	,15308301	,14979594	,14848011	,14782477	,14651912	,14321926	,14058754	,14058502	,14190600	,14190852	,14059008	,14124806	,14125059	,14059520	,13992960	,13729793	,13730048	,13729794	,13927425	,14191873	,13994240	,13861634	,13861635	,13796608	,13927686	,13993986	,13862915	,13598468	,13598466	,13664512	,13598465	,13466881	,13401345	,13335553	,13269761	,13204225	,13204228	,13269762	,13269505	,13204225	,13072896	,12941312	,12809472	,12677120	,12348160	,
15374097	,15374352	,15242259	,14978830	,14517516	,14188805	,14123525	,14057988	,14189831	,14124292	,13794819	,13794817	,13992965	,14059010	,13861632	,13861634	,13993475	,13993472	,14059520	,13993728	,13927937	,13927937	,13993985	,14191363	,14192128	,14192385	,14389762	,14389762	,14258178	,14192130	,14456068	,14390274	,14257669	,14323201	,14454528	,14388992	,14257409	,14191616	,14059777	,13928449	,13928194	,13928194	,13928192	,13928192	,13730816	,13533697	,13467904	,13270530	,13006593	,12677376	,
14715917	,14518541	,14254094	,13793038	,13661959	,13662466	,13794306	,13794819	,13927172	,13795330	,13729538	,14058753	,14256641	,14256640	,14256897	,14454785	,14455040	,14586368	,14915584	,14915840	,14850050	,14850306	,14916096	,14916353	,15048193	,15311365	,15640323	,15377412	,15245828	,15377668	,15509254	,15443206	,15442690	,15574017	,15508224	,15376640	,15311104	,15311104	,15245056	,15113472	,15113728	,15047936	,15047680	,14850304	,14521088	,14323712	,14257664	,14126081	,13731072	,13270272	,
14189064	,13859590	,13464072	,13333002	,13267465	,13399299	,13531137	,13729025	,13861633	,13993217	,14323459	,14784258	,15047425	,15310336	,15442433	,15639552	,15705088	,15968256	,16100609	,16035073	,16035331	,16100610	,16100609	,16166660	,16364037	,16627726	,16627981	,16430346	,16364551	,16495884	,16495882	,16495627	,16495624	,16561156	,16495617	,16232448	,16166657	,16232449	,16298241	,16232449	,16166657	,16100352	,16034560	,15705856	,15311360	,15179520	,15047936	,14982144	,14653440	,14257920	,
13596164	,13266947	,13070086	,13136131	,13136132	,13202434	,13465856	,13796096	,14191362	,14784514	,15442690	,15902978	,16231940	,16429314	,16495363	,16626945	,16692739	,16693507	,16693762	,16694278	,16694538	,16694282	,16694283	,16694794	,16695566	,16696603	,16696087	,16694800	,16694801	,16695057	,16695571	,16695318	,16694542	,16694537	,16693764	,16692995	,16692995	,16693766	,16694021	,16694022	,16693507	,16692482	,16495617	,16232704	,15969280	,15837440	,15771904	,15771904	,15508992	,15114240	,
13069572	,12938244	,13004546	,13004801	,13071107	,13334784	,13795585	,14322688	,14981633	,15771393	,16363521	,16692995	,16694280	,16694280	,16694535	,16695049	,16695304	,16695047	,16695559	,16695822	,16695566	,16695308	,16695564	,16695823	,16696855	,16696857	,16695827	,16695312	,16695572	,16696341	,16696084	,16695829	,16695056	,16694797	,16694537	,16694023	,16693509	,16694023	,16694536	,16694023	,16693510	,16693250	,16692993	,16495872	,16298497	,16232449	,16166913	,16166912	,16101120	,15706881	,
12806914	,12873222	,12873220	,13070852	,13334785	,13992961	,14717185	,15375872	,15968000	,16494592	,16693249	,16694792	,16695307	,16695049	,16695305	,16696080	,16696080	,16695565	,16695820	,16695820	,16695046	,16695048	,16695565	,16696081	,16696592	,16695567	,16695052	,16695308	,16695826	,16696084	,16695827	,16695572	,16695052	,16694536	,16694794	,16694534	,16693504	,16694021	,16694281	,16693507	,16693509	,16693764	,16693507	,16627459	,16561668	,16430338	,16298498	,16232704	,16167168	,15904001	,
12741379	,12873220	,13004551	,13334786	,14059264	,15112705	,15968257	,16363265	,16560384	,16692480	,16693764	,16695052	,16695307	,16695561	,16696337	,16697368	,16696595	,16696082	,16696080	,16695305	,16694786	,16695303	,16695566	,16696078	,16695563	,16695309	,16695308	,16695050	,16696082	,16696602	,16696607	,16696087	,16695307	,16694791	,16694792	,16693763	,16692992	,16693762	,16693762	,16693504	,16693762	,16694023	,16693763	,16693250	,16693508	,16627458	,16364545	,16232961	,16167169	,15970048	,
12741380	,12939010	,13268740	,13927681	,15178752	,16231168	,16626433	,16692995	,16693249	,16693763	,16695048	,16695820	,16696079	,16696847	,16697365	,16697112	,16696595	,16696850	,16696339	,16695561	,16695557	,16695819	,16696077	,16696336	,16696337	,16696082	,16695303	,16695304	,16696340	,16696346	,16696343	,16695311	,16694536	,16694534	,16693762	,16626176	,16625920	,16692993	,16694019	,16693761	,16693763	,16694023	,16693505	,16627971	,16627972	,16561922	,16364290	,16232961	,16167171	,16101377	,
12807681	,13137152	,13795840	,15047169	,16231168	,16691712	,16692992	,16693762	,16694021	,16695048	,16696333	,16696850	,16697106	,16697107	,16697107	,16696592	,16696852	,16697366	,16696851	,16696331	,16696332	,16696593	,16696850	,16696855	,16697111	,16696337	,16695300	,16694788	,16694534	,16694535	,16695052	,16694796	,16694279	,16693507	,16692224	,16428288	,16428288	,16692480	,16693506	,16693507	,16693251	,16693252	,16627456	,16562177	,16496129	,16364288	,16167169	,16035844	,15970050	,15904513	,
13071360	,13664256	,14915072	,16165633	,16692224	,16692992	,16693762	,16694019	,16694532	,16695821	,16696850	,16697108	,16696854	,16696851	,16696597	,16697366	,16697882	,16697881	,16697362	,16696843	,16696851	,16697369	,16697114	,16696856	,16696599	,16695822	,16694275	,16692736	,16692480	,16693763	,16694541	,16694799	,16694541	,16693507	,16494592	,16099072	,16099328	,16429056	,16626944	,16627457	,16561922	,16495873	,16364289	,16364289	,16167168	,16035584	,15969793	,15838210	,15772416	,15706624	,
13795328	,14915328	,16099840	,16692480	,16693505	,16694277	,16694534	,16694533	,16695047	,16696333	,16697107	,16696852	,16696340	,16696082	,16696854	,16697625	,16697884	,16697625	,16696852	,16696595	,16697112	,16696602	,16696085	,16695827	,16695826	,16694795	,16692993	,16626176	,16626688	,16693768	,16694546	,16695059	,16694800	,16693511	,16297473	,15901184	,15835648	,16165888	,16363520	,16364033	,16298753	,16298753	,16232705	,16100864	,15969280	,15837952	,15772160	,15641088	,15575040	,15508992	,
15177728	,16165376	,16692480	,16694019	,16694791	,16695051	,16695051	,16694789	,16695302	,16696594	,16696596	,16696081	,16695569	,16695567	,16696078	,16696596	,16696853	,16696338	,16696081	,16696081	,16696082	,16695312	,16694798	,16694542	,16694801	,16694026	,16626690	,16362496	,16429056	,16693510	,16694801	,16695060	,16694549	,16693772	,16231937	,15637760	,15637760	,15968256	,16100608	,16166656	,16232704	,16298753	,16101121	,15903232	,15705856	,15508736	,15574016	,15508992	,15442944	,15245824	,
16230656	,16626176	,16693252	,16694792	,16695565	,16695566	,16695308	,16694530	,16694787	,16695824	,16695824	,16695308	,16695056	,16694799	,16694541	,16694792	,16694792	,16694793	,16694538	,16694798	,16694542	,16694027	,16693770	,16694029	,16694029	,16693512	,16429057	,16098816	,16231168	,16692996	,16694287	,16694544	,16694289	,16627722	,16166144	,15440384	,15374080	,15836672	,15969280	,15969280	,16035072	,16035584	,15969280	,15837696	,15640320	,15376640	,15244288	,15179264	,15113472	,14982144	,
16494336	,16692480	,16693765	,16695307	,16695308	,16695055	,16694278	,16693505	,16693508	,16694796	,16695054	,16694794	,16694542	,16694026	,16693769	,16693763	,16693764	,16693763	,16694022	,16694026	,16693515	,16693514	,16693514	,16693513	,16693508	,16627200	,16231680	,15769856	,16033280	,16561412	,16694032	,16694032	,16627982	,16496135	,16100608	,15309056	,15110656	,15638784	,15902464	,15771392	,15771904	,15903744	,15771904	,15771648	,15574528	,15113472	,14783232	,14849280	,14783744	,14718208	,
16494080	,16692224	,16693768	,16694543	,16694538	,16693766	,16692481	,16560640	,16692738	,16694022	,16694538	,16694539	,16694540	,16694025	,16693768	,16693508	,16693252	,16693506	,16693249	,16693251	,16627979	,16693258	,16693255	,16627461	,16626945	,16495104	,16033536	,15637504	,15967232	,16495618	,16627981	,16627983	,16496138	,16364290	,16034816	,15242752	,14978560	,15572992	,15705344	,15639808	,15639808	,15706368	,15706112	,15574528	,15376640	,14981632	,14651392	,14453504	,14387968	,14454528	,
16296960	,16494848	,16692739	,16693253	,16627204	,16429570	,16429056	,16428800	,16691968	,16693505	,16694021	,16694281	,16694282	,16694280	,16694022	,16693765	,16693251	,16692480	,16692480	,16693252	,16627978	,16561931	,16627205	,16626945	,16495361	,16363520	,15968000	,15637760	,15968000	,16496134	,16562445	,16562188	,16364549	,16298242	,15969536	,15243008	,14912512	,15441408	,15573760	,15574016	,15442176	,15508224	,15574016	,15376896	,15178752	,15047424	,14718208	,14190080	,14124032	,14322688	,
16033536	,16297216	,16429314	,16429824	,16232448	,16231936	,16428800	,16494336	,16626176	,16692736	,16693248	,16693763	,16693770	,16693766	,16693764	,16692994	,16626432	,16626432	,16692737	,16693254	,16496392	,16495877	,16495617	,16429312	,16363264	,16165888	,15835392	,15571968	,16033792	,16495876	,16496394	,16430606	,16298504	,16232449	,16100864	,15177728	,14649856	,15177984	,15507968	,15574016	,15507456	,15376128	,15508224	,15442688	,15245056	,15113472	,14850048	,14190080	,13926144	,14124544	,
15836160	,16100096	,16231936	,16232192	,16231937	,16297472	,16494848	,16494080	,16428544	,16560384	,16692480	,16692993	,16693253	,16692993	,16692224	,16560384	,16494336	,16560896	,16692993	,16561667	,16429827	,16363520	,16297984	,16231680	,16034048	,15836160	,15571968	,15506432	,16034048	,16429827	,16364548	,16364553	,16232968	,16101122	,16101121	,15441664	,14781952	,15045632	,15441664	,15573248	,15507712	,15442176	,15574272	,15508480	,15245312	,15179264	,14916096	,14256128	,13794304	,13860608	,
15770880	,16034560	,16166145	,16100352	,16165632	,16231424	,16494080	,16428032	,16296704	,16362240	,16626176	,16692736	,16692480	,16626176	,16494336	,16296960	,16230912	,16363008	,16561152	,16495616	,16363776	,16297728	,16231680	,16034304	,15902208	,15770112	,15374848	,15308544	,15836416	,16232448	,16233217	,16233224	,16167174	,16101122	,15969536	,15375616	,14517504	,14715136	,15111424	,15309568	,15310336	,15508224	,15574528	,15442944	,15245056	,15112960	,14784000	,14124032	,13529856	,13530368	,
15573248	,15836672	,15902720	,15968512	,16099840	,16231424	,16494080	,16361984	,16164352	,16230144	,16559872	,16692224	,16626432	,16494592	,16296448	,16098560	,15967488	,16165376	,16429056	,16429312	,16297984	,16231936	,16165888	,15902464	,15704320	,15572224	,15308544	,15176448	,15704320	,16100864	,16232705	,16232968	,16167176	,16035330	,15837696	,15375616	,14319872	,14252800	,14913024	,15111424	,15112192	,15375872	,15574016	,15442432	,15179008	,14915072	,14651136	,13991424	,13266176	,13332480	,
15243520	,15507200	,15770880	,15968256	,16165632	,16296960	,16428032	,16230400	,16098560	,16098560	,16428288	,16560384	,16560384	,16428800	,16164864	,15901184	,15769600	,15967232	,16231680	,16429056	,16363264	,16165888	,16034048	,15836160	,15638016	,15374080	,14912256	,14978048	,15638528	,15969024	,16166401	,16232710	,16166917	,15969793	,15771649	,15441664	,14385664	,13791744	,14649344	,14979072	,14913792	,15244032	,15574016	,15442176	,15046656	,14716160	,14056704	,13529600	,13068032	,13398272	,
14979584	,15243776	,15639296	,15902720	,16099840	,16296704	,16164608	,15900416	,15900160	,15966208	,16164608	,16363008	,16494592	,16297216	,16099328	,15769088	,15571456	,15769344	,16033536	,16165632	,16165632	,16099584	,15968000	,15901696	,15638272	,15308032	,14714112	,14846208	,15638528	,15969024	,16100864	,16101639	,16035847	,15969537	,15837185	,15573504	,14584576	,13726464	,14517504	,14780928	,14913280	,15243776	,15441920	,15244288	,14782464	,14056704	,13793024	,13595136	,13397248	,13596672	,
14650112	,14980096	,15441664	,15770624	,15901696	,15769600	,15636992	,15504896	,15570432	,15570944	,15835136	,16099328	,16231424	,16165632	,15967488	,15571968	,15439872	,15703296	,15967232	,16034048	,16099584	,15968256	,15967744	,15901696	,15704064	,15373824	,14648576	,14648832	,15506432	,15902976	,15969536	,16101382	,16035848	,15969538	,15771648	,15507968	,14716160	,13726208	,14252800	,14649088	,15110912	,15243520	,15111424	,14781696	,14188544	,14056192	,13924608	,13595136	,13595392	,13793792	,
14386176	,14650368	,15111424	,15375104	,15571968	,15637504	,15636992	,15373056	,15241216	,15373056	,15637248	,15835648	,15901952	,16033536	,15901696	,15637248	,15439360	,15571456	,15901696	,16099840	,16165632	,16033792	,15901696	,15769856	,15703552	,15373824	,14648320	,14648576	,15374848	,15771392	,15969280	,16035588	,15970050	,15903489	,15771648	,15507712	,14913792	,13726208	,13922816	,14450688	,14913024	,14846976	,14583040	,14187776	,14055936	,14056448	,13858560	,13726976	,13859328	,13859328	,
13990912	,14188288	,14781440	,15177216	,15440640	,15439872	,15175424	,15043328	,15109120	,15175680	,15373568	,15506432	,15572224	,15703808	,15703808	,15505664	,15373568	,15439616	,15703552	,15968000	,16099584	,15902464	,15769856	,15637504	,15571712	,15373568	,14648832	,14648832	,15308800	,15705088	,15771136	,15903232	,15903745	,15771392	,15639296	,15441920	,14913536	,13594112	,13658624	,14252288	,14516480	,14516736	,14385152	,14187264	,14121216	,13924352	,13858560	,13858816	,13924864	,13793536	,
13924864	,14123264	,14716416	,15045632	,15110656	,15043840	,14911488	,14845952	,14978048	,15241984	,15242240	,15308544	,15308288	,15439872	,15571968	,15439872	,15241472	,15175680	,15373568	,15703296	,15901696	,15902208	,15770112	,15571968	,15439616	,15307520	,14648320	,14516736	,15110912	,15573248	,15507456	,15639552	,15904005	,15705859	,15375872	,15309824	,14781952	,13329920	,13526784	,14120448	,14384128	,14450688	,14318592	,14319104	,14384896	,14121984	,13990400	,13990400	,13990912	,13860096	,
13793536	,14057216	,14583808	,14781440	,14715392	,14516992	,14450688	,14582528	,14912256	,15242240	,15176448	,15176448	,15044352	,15176192	,15439616	,15373568	,15175680	,15109632	,15241472	,15373568	,15571712	,15703552	,15638272	,15506432	,15307776	,14978048	,14318336	,14252544	,14847232	,15441152	,15573248	,15375872	,15573761	,15442177	,15243776	,15243520	,14583296	,13066240	,13395712	,14186240	,14253056	,14318336	,14186752	,14252800	,14517760	,14584832	,14188544	,13990912	,14123264	,13925632	,
13595136	,13661440	,14056192	,14187776	,14121728	,14187008	,14384640	,14583040	,14978560	,15176960	,15044608	,14912512	,14714624	,14978560	,15308288	,15374080	,15242752	,15307520	,15307520	,15307776	,15308288	,15374336	,15374592	,15374336	,15241984	,14846464	,14252288	,13988864	,14583040	,15111424	,15309824	,15375616	,15046144	,15046400	,15178240	,15045376	,14583040	,13132544	,13462016	,14186496	,14186496	,14187264	,14187520	,14319616	,14518528	,14519040	,13925120	,13727232	,13727232	,13463808	,
13133824	,13199616	,13528576	,13726208	,13858304	,14121984	,14385408	,14649088	,14978816	,15045120	,14846720	,14649088	,14582784	,14978304	,15308544	,15374592	,15374592	,15242496	,15175680	,15109888	,15307776	,15440384	,15506176	,15374080	,15307776	,14978304	,14252544	,13724928	,14318592	,15110912	,15243776	,15112192	,15045632	,15111168	,15111680	,14913024	,14450176	,13066240	,13197824	,14186496	,14252544	,14319104	,14319104	,14319872	,14320128	,14056704	,13661184	,13595136	,13463296	,13331456	,
12738560	,12803840	,13264896	,13594880	,13858560	,14187776	,14385408	,14649088	,14847232	,14847232	,14649088	,14583296	,14583040	,14978816	,15308544	,15308288	,15176704	,15110144	,14978304	,14978304	,15175936	,15374592	,15506432	,15505920	,15374080	,15109888	,14318592	,13790720	,14186240	,14978560	,15045888	,14913280	,14517248	,14714880	,14913536	,14846720	,14384384	,12933888	,12802304	,14187008	,14451456	,14517504	,14385920	,14319872	,13989888	,13594624	,13594368	,13463040	,13265664	,13133568	,
12409600	,12475392	,13001728	,13331456	,13594624	,13858560	,14187776	,14451456	,14649344	,14583552	,14517248	,14516992	,14582784	,14978560	,15176448	,14978816	,14846208	,14780416	,14912000	,15175680	,15241984	,15374080	,15374080	,15308288	,15242240	,15110144	,14450432	,13791232	,13923328	,14517248	,14648832	,14319104	,13989120	,14121472	,14385408	,14450688	,14120704	,13131776	,12538368	,14253056	,14715392	,14583552	,14121984	,14187776	,13792768	,13527808	,13396480	,13265408	,13265152	,13001728	,
12344064	,12475392	,12935936	,13133824	,13331456	,13660928	,13858560	,14055936	,14122240	,14188032	,14253568	,14121472	,14318848	,14714368	,14780672	,14714368	,14582016	,14582016	,14713856	,14845952	,15109888	,15308032	,15308032	,15242240	,15110144	,14912512	,14450688	,13791232	,13659392	,14121216	,14319360	,14187776	,13924096	,14121728	,14517504	,14385152	,13922304	,13395200	,12538880	,14055168	,14517248	,14649088	,13792256	,13858304	,13528576	,13198592	,13198848	,13265920	,13266176	,13134080	,
12409856	,12541952	,13002496	,13199872	,13331712	,13529344	,13595136	,13726976	,13924352	,13990144	,13924096	,13989632	,14187264	,14516480	,14582784	,14582528	,14516480	,14516224	,14582016	,14714368	,14978048	,15110400	,15241984	,15242496	,15176704	,14978560	,14450688	,13725696	,13527552	,14055168	,14319616	,14319616	,14122240	,14319872	,14649856	,14583552	,13989120	,13263360	,12406784	,13594112	,13989888	,14055680	,13528576	,13660672	,13462528	,13199616	,13397248	,13595392	,13464064	,13332224	,
12608000	,12805888	,13135360	,13201152	,13332224	,13397760	,13397760	,13595136	,13859072	,13924352	,13857792	,13923328	,13989120	,14186496	,14318592	,14318848	,14384384	,14384384	,14449920	,14582016	,14714368	,14846720	,14912512	,14846720	,14912512	,14846720	,14319360	,13725696	,13593600	,13989376	,14319872	,14254080	,14254592	,14518272	,14584320	,14583808	,14451456	,13659648	,12604416	,13396992	,13990144	,13395968	,13396736	,13792256	,13793536	,13727744	,13595904	,13530112	,13398272	,13266432	,
12542720	,12740352	,12937728	,13003520	,13003776	,13003520	,13068800	,13200640	,13530112	,13661440	,13792768	,13792000	,13725952	,13923328	,14121472	,14318848	,14384896	,14319104	,14384128	,14318592	,14384640	,14516736	,14451200	,14450688	,14385152	,14450944	,14319104	,13791744	,13659648	,13923328	,14122240	,14254848	,14585345	,14717442	,14651136	,14386432	,14319872	,14188032	,12935168	,12803584	,13660928	,13660416	,13793024	,13727232	,13727744	,13596416	,13399040	,13398784	,13332992	,13267713	,
12279552	,12477184	,12609024	,12740864	,12675075	,12609282	,12674560	,13004288	,13465344	,13596672	,13727488	,13858560	,13924352	,14055936	,14253568	,14451200	,14583296	,14648832	,14516992	,14450688	,14450688	,14516992	,14516736	,14516480	,14451200	,14517504	,14516992	,13923840	,13725952	,13923328	,14188288	,14519552	,14850053	,14785296	,14784261	,14519296	,14056704	,13792256	,13330432	,13330944	,13925889	,14256644	,13992451	,13662721	,13662464	,13530880	,13531648	,13663233	,13597441	,13664003	,
12347146	,12611603	,12413449	,12544259	,12610304	,12675329	,12741121	,13070592	,13466371	,13597955	,13860353	,14255360	,14320640	,14320128	,14385920	,14517760	,14649088	,14715392	,14780928	,14715136	,14780928	,14846976	,14781440	,14649856	,14649600	,14715648	,14715392	,14254080	,13990144	,14122496	,14585088	,14850051	,14785038	,14785555	,14982413	,14915333	,14453248	,14056704	,13924864	,14321410	,14256902	,14191108	,13927429	,13597958	,13729794	,13795585	,13861123	,13795587	,13663746	,13663492	,
13408590	,13607262	,13143612	,12745758	,12611332	,12544514	,12544001	,12807681	,12807939	,12742149	,13795593	,14387972	,14321664	,14386944	,14320640	,14386176	,14517760	,14649344	,14715392	,14847232	,14979072	,14979072	,14979328	,14914048	,14848257	,14914304	,14914560	,14716928	,14651394	,14849282	,14981894	,14916877	,15048468	,15113998	,15047948	,15047948	,14915077	,14717187	,14585859	,14323207	,13665033	,13466894	,13466381	,13532424	,13795588	,13795078	,13663494	,13531400	,13400069	,13334019	,
13938811	,14004870	,13937779	,13672780	,13076258	,12479241	,12346885	,12149763	,11426054	,11097870	,13270042	,14191896	,14388747	,14453508	,14058242	,14123778	,14321412	,14650115	,14913024	,14913536	,14913792	,14914304	,14914307	,14980356	,15178510	,15113489	,15311113	,15442955	,15377675	,15443469	,15377680	,15245838	,15244807	,14914819	,14520327	,14652940	,14981385	,14981126	,14652675	,14126342	,12941841	,12414481	,13138187	,13730310	,13795847	,13663496	,13465604	,13202434	,13005060	,13005057	,
14203018	,14400401	,14400393	,14135405	,13144377	,12019727	,11557897	,10900491	,9915412	,10178835	,13007386	,14126618	,14718746	,14784277	,14125843	,13928468	,14126103	,14586130	,15046666	,15046665	,15112458	,15244044	,15046409	,14783238	,14981387	,15113489	,15376655	,15640332	,15640586	,15574796	,15574538	,15442184	,14914563	,14124033	,13993227	,14520588	,14914821	,14518784	,14057985	,13400586	,11362326	,12349458	,13599240	,13795852	,13795338	,13531652	,13202183	,12939270	,12807684	,12741888	,
14531718	,14729359	,14466440	,13478509	,11367725	,10310415	,10178062	,9849876	,9062420	,9851164	,13007390	,13929246	,14718748	,14981911	,14455318	,13862933	,13862931	,14322709	,14717454	,14651402	,14782991	,14915084	,14782983	,14387201	,14651141	,14981133	,15112970	,15376391	,15442435	,15442181	,15310083	,15046145	,14519043	,14059012	,14126090	,14586375	,14650627	,14122754	,13596931	,12611081	,12151568	,13599496	,13796362	,13795849	,13597959	,13269000	,13269002	,13071369	,12807691	,12347657	,
13477732	,13939315	,13742710	,12492125	,9788964	,8733455	,8798991	,8536083	,7814165	,9522466	,12809504	,13402141	,14586654	,15244565	,14981650	,14389516	,14323726	,14389007	,14190607	,14058508	,14321676	,14585352	,14519307	,13925892	,14453251	,14717192	,14651912	,14915586	,15046400	,14848768	,14650880	,14386944	,14124288	,14125570	,14323461	,14454019	,14519300	,13992715	,13597451	,12808713	,13137673	,13400841	,13532429	,13598726	,13401093	,13138184	,13467147	,12743182	,11295760	,10769938	,
8409124	,11175245	,14401425	,14664347	,11833959	,8146215	,6894871	,6828571	,6500123	,9587998	,12414500	,12809504	,14520350	,15441684	,15244297	,14849288	,14651660	,14322444	,13993227	,13992461	,14190091	,14585095	,14584844	,14057732	,14255619	,14387722	,14256652	,14520069	,14651398	,14190083	,13925632	,13794048	,13795073	,14124547	,14255873	,14321152	,14520072	,13861645	,13466122	,13269001	,13269258	,13203468	,13400328	,13203461	,12743173	,12875019	,13072653	,12151567	,10836239	,11296779	,
7558456	,13546638	,16573379	,16506817	,13678227	,9399885	,5847337	,4138784	,4335135	,10376739	,12282916	,13205021	,14915614	,15244051	,14980358	,14388235	,14322439	,14387722	,14124554	,14058251	,14190092	,14651147	,14519055	,13991427	,14057985	,14321930	,14256393	,14388488	,14718480	,14256907	,13530881	,13399297	,13663235	,13926657	,13727488	,13925378	,14322696	,14058764	,13861133	,13597964	,13137417	,12874762	,13203977	,13203716	,12348936	,12414989	,12546062	,12479504	,12215825	,12216589	,
12361592	,16178104	,16706507	,15981242	,13677967	,10847068	,7228731	,4206121	,6043169	,12481062	,12546594	,13401890	,14849565	,14849298	,14717194	,14190856	,13861384	,14255879	,14189830	,14124039	,14453512	,14782728	,14255621	,13728257	,13794051	,14124043	,14190858	,14323469	,14850327	,14454543	,13400065	,13399811	,13663493	,13531650	,13135104	,13662466	,14322185	,14058762	,13729548	,13202957	,12873996	,12808718	,12808970	,12808715	,12283408	,12613139	,12416025	,8143901	,7092256	,8865561	,
14598556	,16704192	,16113084	,14139292	,12690552	,11175518	,8215615	,5586227	,9854253	,15113250	,13600285	,12875813	,13598751	,14256404	,14651401	,14454277	,14059019	,14124297	,14255881	,14255627	,14519051	,14256137	,13991684	,13661959	,13794056	,14321167	,14190091	,14389008	,14718232	,14124811	,13334273	,13465858	,13729026	,13531139	,13333505	,13662976	,14058248	,13794564	,13334280	,13005577	,12808459	,12151312	,11887891	,11953423	,12348946	,13073679	,12482323	,8211486	,5649449	,4663589	,
14928040	,15717555	,14204826	,12229747	,11175002	,9793613	,8083518	,6900020	,12154415	,14718244	,14258209	,14126624	,14718752	,14783763	,14651658	,14585611	,14651918	,14717709	,14783756	,14519562	,14518535	,14387208	,13991941	,13794310	,14123015	,14189581	,13860615	,14322448	,14519567	,14124298	,13795078	,13597446	,13597185	,13728514	,13793793	,13465345	,13662985	,13465870	,13136905	,13005835	,13071631	,12480268	,12414733	,12349196	,12678412	,13007884	,12613134	,12087317	,5583911	,3154982	,
13875606	,13217160	,10321755	,7295288	,7096881	,6965294	,6111019	,7161134	,13074226	,14258214	,14653726	,14719517	,14982173	,15179026	,14849295	,14585612	,14915085	,15047440	,14981132	,14651147	,14387463	,14189572	,13926148	,13926155	,14123788	,13860108	,13794571	,14256656	,14255623	,14190343	,14256649	,13729288	,13465346	,13662464	,13661952	,13202178	,13399812	,13597199	,13136908	,13137166	,13202701	,12940555	,12941320	,12941831	,12941832	,12744202	,12283923	,10903577	,4598564	,2827046	,
10913373	,8019013	,4336676	,2825500	,3350814	,3745054	,3679006	,8998958	,14652971	,14916384	,15245079	,15047956	,14257683	,14783506	,15046678	,14849296	,14981390	,14915086	,14782986	,14717456	,14453000	,13991938	,13925635	,14189837	,14123787	,13860101	,14058767	,14190349	,14057733	,14058248	,14124293	,13663235	,13399298	,13464320	,13464320	,13333505	,13333250	,13267975	,13137164	,13137167	,13005837	,13006092	,13138442	,13139208	,13073162	,12744463	,12021268	,10114843	,4467747	,2695462	,
5388588	,3285279	,2824988	,2628635	,2891038	,3022368	,5189407	,13140527	,15837471	,15508244	,15507471	,15112718	,13993488	,14652185	,15244313	,15046930	,14848525	,14452741	,14386946	,14255111	,13991691	,13794056	,13794309	,14123530	,14057221	,14123786	,14321933	,14057479	,13860611	,13926663	,13860617	,13663238	,13399300	,13266432	,13332736	,13399040	,13465346	,13004549	,13070602	,13203219	,13071882	,12940044	,12940304	,13073160	,13007627	,12613138	,12283669	,7422243	,2629672	,2892324	,
2694174	,2956830	,2956830	,2957086	,3219999	,3022883	,9130530	,15835676	,16032531	,15571210	,15506183	,15374602	,14321427	,14849300	,15178003	,14716682	,14122759	,13859333	,13859588	,13859337	,13860106	,13991696	,14123790	,14188805	,14057221	,14057993	,13860099	,13596419	,13662468	,13662726	,13399300	,13399813	,13334022	,13069056	,13200640	,13201664	,13201922	,13004550	,12741382	,13004811	,13005835	,12874514	,12677136	,12743947	,12349713	,11889432	,11560473	,6175013	,2564645	,2958631	,
2956828	,2759965	,2957343	,3089186	,3220773	,3220776	,6174240	,10114068	,10442002	,10441488	,11427084	,10376206	,10703637	,14517522	,14584847	,14189063	,14255110	,13794059	,13464847	,13728528	,13925900	,14057996	,14057482	,13925636	,13925634	,13859846	,13662470	,13530884	,13464833	,13069830	,12938242	,13267720	,13268491	,12806146	,12870912	,13069312	,13070337	,13005059	,12807684	,12873220	,12873223	,12808458	,12611850	,12349196	,11296777	,11099669	,11100190	,5124133	,2367783	,2958377	,
2891290	,2694686	,3023392	,3286310	,3352105	,3220777	,2760741	,2562851	,2824476	,2824991	,3152413	,2496284	,3743003	,9127956	,13729042	,15310610	,15112716	,13530897	,13267216	,13530637	,13596427	,13662473	,13661957	,13728006	,13728002	,13728008	,13728005	,13333250	,12872193	,12674822	,12872965	,13268495	,13136653	,12476929	,12607488	,12805888	,13004032	,13004800	,12939267	,12873220	,12609796	,12413191	,12347909	,12680732	,13412464	,12489047	,11363873	,8013603	,4336931	,2761254	,
2628894	,2760482	,3089446	,3221029	,3155494	,3023655	,2892325	,2957602	,2957091	,2891295	,2891035	,2759965	,2759454	,6567453	,13993492	,15507727	,14058257	,12938263	,13135120	,13201163	,13201417	,13398533	,13595907	,13595651	,13463810	,13332738	,13134849	,12673792	,12477187	,12740870	,13070855	,13202960	,12741127	,12344832	,12410112	,12740352	,12937730	,12806657	,12807169	,12807174	,12742928	,12546835	,12283658	,15192737	,16711422	,16250349	,13015124	,12087839	,7750687	,2564133	,
2760223	,2826017	,3023655	,3155240	,3089447	,2892068	,2957601	,2891808	,2826016	,2825759	,2760222	,2826015	,3941408	,11034652	,15507469	,15112200	,13399057	,12740116	,12805647	,12937228	,13200650	,13266434	,13265666	,13067776	,12870404	,12739847	,12542723	,12213506	,12147972	,12675592	,13005063	,12807437	,12345860	,12279041	,12410368	,12872192	,13004033	,12675329	,12477186	,12544265	,13472056	,13670723	,13010729	,16314844	,16711422	,16711422	,14200942	,12615973	,10246938	,4664353	,
2760479	,2826275	,2892326	,2958376	,3023399	,3022883	,2891552	,2694688	,2825759	,2956831	,2957346	,2629923	,6765090	,13730587	,15112714	,14255874	,13266700	,13003017	,13002503	,13068293	,13133314	,13132544	,13066752	,12804098	,12476166	,12410625	,12477190	,12279303	,12081924	,12543496	,12741384	,12148745	,12148493	,12214277	,12344832	,12674560	,12740864	,12609793	,12345344	,12413196	,13604932	,14000462	,12943901	,14992265	,16644592	,15389865	,13407025	,12549145	,11888909	,7947549	,
2760738	,2892583	,2892583	,2892582	,2892326	,2957862	,2892066	,2957349	,2826019	,2957347	,3089188	,2893097	,6305832	,12610845	,13663507	,13794312	,13728514	,13661440	,13198848	,13066752	,13132032	,12934144	,12934400	,12803584	,12475909	,12344582	,12410887	,12345355	,12016132	,12148228	,12214020	,11884551	,12016910	,12213766	,12345090	,12280068	,12280321	,12148995	,12017158	,12215303	,12943657	,13076531	,12480524	,12546569	,13141807	,12547860	,12349960	,12085764	,12085515	,11494931	,
2892322	,2958374	,3220778	,3089190	,3023398	,2827048	,2957861	,2957347	,2826534	,2892325	,3089444	,3417897	,3286570	,5385508	,10178587	,13135634	,13464325	,13398017	,12803328	,12473344	,12670464	,12604160	,12539904	,12606208	,12475139	,12344332	,12344845	,12542993	,12280075	,12082182	,11885058	,11753482	,11622415	,12016136	,12345089	,12214530	,12148481	,11885830	,11688967	,11951877	,11886857	,11822092	,12084491	,11820804	,11688960	,11820804	,11821318	,11756037	,11624713	,10179345	,
3088931	,3220773	,3286570	,3155497	,3352618	,3943725	,4994095	,5387824	,5125940	,4600369	,3811881	,3220772	,2891812	,7618592	,12940568	,14123274	,13530114	,13200128	,12474880	,11880960	,12012544	,12078336	,12276224	,12343040	,12277248	,12212227	,12213264	,12345103	,12212999	,11752964	,11621636	,11556104	,11424525	,11753480	,12016385	,12148224	,12214018	,11951110	,11885573	,11951362	,11820289	,11886595	,11952901	,11558664	,11558664	,11558409	,11427085	,11295750	,10310928	,4729122	,
3613987	,3220517	,3877418	,5059887	,6438964	,8080952	,9525818	,10117180	,10248768	,9722433	,8146240	,5782842	,3614507	,6041372	,12609810	,14056710	,13529856	,12871424	,12146176	,11421184	,11420672	,11617792	,11947264	,12145664	,12014337	,11949058	,12015368	,12015111	,11751681	,11422978	,11358467	,11358214	,11424011	,11556104	,12081921	,12279296	,12082177	,11884804	,11753478	,11556868	,11491078	,11294469	,11163142	,11163399	,11755270	,11821828	,11690502	,11624712	,10968085	,5845279	,
6963244	,4862247	,5912877	,8146226	,9590838	,10576436	,11036468	,11364918	,11299381	,11233851	,10971466	,9592405	,6768202	,6240560	,12084509	,13595917	,13266693	,13003527	,12542211	,11618560	,11157248	,11223296	,11749632	,12014336	,11948545	,11882753	,11817473	,11751425	,11685376	,11422978	,11358211	,11358218	,11359247	,11425290	,11884548	,12016384	,11753217	,11621636	,11227658	,10965258	,11031045	,10702857	,10506000	,10505997	,11030021	,11425796	,11426567	,11229709	,9522196	,4925210	,
9722424	,9131571	,9197107	,10050612	,10181680	,9655595	,9129253	,8538148	,8275235	,9195563	,10510656	,10840917	,9001814	,9066834	,13007146	,13927446	,14388487	,14454026	,14056966	,12408577	,11026176	,10960384	,11487232	,12080128	,12211968	,12080385	,11816964	,11685634	,11620358	,11555596	,11490057	,11292943	,11227921	,11161867	,11555847	,11752961	,11490307	,11227399	,10702093	,10636556	,10637319	,10046225	,9980951	,10440207	,10439178	,10571531	,10572048	,8405789	,4400419	,3350301	,
10115379	,10970679	,11036470	,10246953	,8669471	,6895389	,5778716	,5122336	,4991265	,6370080	,8209702	,9591361	,9856092	,10120035	,12613951	,14849297	,15376132	,15506944	,14781952	,12606209	,11157249	,10960384	,11487488	,12409088	,12738305	,12475392	,11948801	,11554306	,11620880	,11555601	,11555849	,11358989	,11096333	,10963974	,11227398	,11555588	,11292680	,10964744	,10570253	,10373648	,10374416	,9651988	,9192985	,9849871	,9849869	,9718545	,9390611	,8209949	,4269605	,3153179	,
7749921	,10378540	,10509867	,8603935	,5845016	,4138008	,3350297	,3153438	,3481629	,3875612	,5319196	,7553582	,9592140	,10578777	,11233863	,13861399	,15045635	,15111425	,14715904	,13067008	,11552256	,11157760	,11618816	,12606464	,12738561	,12672256	,12080385	,11423235	,11423248	,11292177	,11292427	,11030028	,10766862	,10569991	,11095812	,11358726	,11095561	,10833160	,10373645	,9849624	,9850137	,10177043	,9980431	,9718286	,9389587	,9389585	,8930578	,6830109	,3350302	,2824988	,
5779741	,8209693	,8472097	,6239260	,3481371	,2497308	,2432025	,2235164	,2366235	,2300443	,2628380	,5320485	,7947571	,8670522	,10837032	,13662738	,14254853	,14386176	,14187776	,12935424	,11618304	,11223552	,11553280	,12277504	,12540928	,12540416	,12014338	,11422983	,11160332	,11029262	,10964234	,10635533	,10372109	,10503687	,11095044	,11030020	,10701580	,10242581	,9717268	,9455124	,9194001	,9652499	,9848595	,9717777	,9127185	,9323027	,8798484	,6042397	,3153435	,2694172	,
4859933	,6304028	,6238496	,4203549	,2956573	,2694430	,2562844	,2693917	,2562843	,2497564	,2563358	,3809824	,5057061	,5319460	,10572571	,14187792	,13924614	,13792771	,13595143	,12738305	,11486720	,11092480	,11487232	,12080128	,12343041	,12211712	,11816961	,11357446	,11095054	,10897682	,10700811	,10372364	,10240525	,10568968	,10963461	,10833417	,10244121	,9589282	,9390875	,9586197	,9848847	,9783054	,9585938	,9585934	,9060878	,8273171	,7617048	,6895389	,3875100	,2629149	,
4203298	,4202787	,4005921	,3350048	,3022367	,3087906	,3087906	,3218979	,3087904	,3153443	,3088163	,3284769	,3416354	,3415841	,8798493	,13857552	,13792517	,13726467	,13594886	,12738818	,11420928	,11223040	,11421184	,11816960	,12079872	,12014080	,11619843	,11225867	,11028752	,10634510	,10437898	,10240779	,10174731	,10371851	,10766346	,10439952	,9981979	,9720097	,9653274	,9783315	,10176783	,9848077	,9585424	,9585675	,8994830	,7747860	,6699037	,5517864	,3351071	,3615534	,
5648677	,4335395	,3547171	,3546914	,3481376	,3350304	,3218976	,3218977	,3284770	,3284514	,3284767	,3285024	,3481892	,3415841	,6565664	,12475927	,13199620	,13396741	,13462789	,12804100	,11289345	,11223296	,11355904	,11685120	,11816961	,11685633	,11291654	,11028498	,10765839	,10502664	,10240261	,10108936	,10108938	,10174988	,10175759	,10176785	,10112277	,9718556	,9914391	,10110988	,9913617	,9519890	,9585166	,9453581	,9059853	,8272657	,6632735	,4403507	,5588565	,8020077	,
9393966	,7619369	,5976614	,5385513	,4860714	,3547427	,3153184	,3088159	,3022625	,2956833	,2956829	,3088159	,3088420	,2957094	,7223329	,12936731	,12804620	,12870155	,13067783	,12672004	,11157505	,11091968	,11356160	,11619328	,11619841	,11488002	,11028483	,10765577	,10502665	,10240005	,10042886	,9911561	,9846282	,9912333	,10175498	,10307344	,10177299	,9589785	,10243092	,10438412	,9913356	,9650959	,9519377	,9059598	,8665872	,7944212	,6566681	,6771034	,9928862	,11306901	,
11628855	,10115640	,8800825	,8341562	,7619383	,5517861	,3088673	,2629409	,2563620	,2563619	,2694944	,2760227	,2891558	,2498086	,8273958	,13988643	,13134106	,12935444	,13198864	,12409351	,10960641	,11091968	,11421184	,11356416	,11356928	,11290625	,10764802	,10699015	,10436873	,10108424	,10042886	,9846280	,9714957	,9715726	,9979149	,10112530	,10181649	,9985551	,10243087	,10109965	,9716493	,9519628	,9059856	,8403471	,7943951	,7221268	,6304288	,8548995	,11178928	,11041924	,
11957050	,10970172	,10377535	,10312766	,9787193	,7291440	,4074284	,2695207	,2498341	,2367268	,2563621	,2695463	,2629929	,4007976	,10836268	,13859111	,13331742	,13002013	,13068056	,12211724	,10763009	,11091968	,11421440	,11224577	,11224577	,11092738	,10566657	,10370567	,9911563	,10239756	,10109195	,9912335	,9649681	,9518866	,9454099	,9786132	,10646803	,10316808	,9850633	,9912848	,9847305	,9388294	,8796940	,7812372	,6896175	,7430512	,8026534	,9011361	,9073290	,7687762	,
11692609	,11232066	,10903363	,10969667	,10706759	,9524549	,7620672	,5914176	,5257020	,4797754	,4469558	,5322809	,5848127	,8867900	,14057777	,14254634	,13331996	,12870934	,12739096	,11948303	,10631424	,11158272	,11487488	,11355650	,11027202	,10567169	,10237953	,10042120	,9846285	,10306317	,10175758	,9912594	,9453076	,9256211	,9191439	,9061140	,9721626	,9854989	,9588235	,10109966	,9847051	,8731147	,8008201	,7425606	,8952001	,10533352	,8818622	,7168898	,5588050	,3942957	,
10836546	,10705486	,10640463	,10837835	,11035468	,11298891	,11102285	,10577491	,10183510	,9855060	,9592402	,9986131	,10578264	,12088909	,14386735	,14320165	,13397793	,12936478	,12607254	,11158790	,10565888	,11224576	,11553539	,11487746	,10896129	,10304258	,10041091	,10173449	,10306316	,10241038	,9978378	,9584399	,9256209	,9255951	,9388045	,9256981	,8797722	,8866071	,8735252	,8864283	,8600589	,7619628	,7755613	,9474728	,11188694	,9937094	,6512772	,4997196	,3221292	,2498596	,
9653822	,9719619	,9785924	,10442814	,10903608	,11364924	,11825736	,11892557	,11958871	,11893086	,11761755	,11827802	,12090975	,12287836	,13400371	,13858849	,13397796	,13134377	,12080149	,10565377	,10829056	,11290880	,11488006	,11291143	,10896132	,10370307	,9975810	,10108167	,10306319	,9912331	,9780491	,9387278	,9059089	,9387533	,9519123	,9191190	,8796954	,8600859	,8536347	,7814428	,6962720	,7498872	,9869496	,11184829	,10658231	,7828887	,4799560	,3418154	,2498337	,2367264	,
8997683	,9062707	,9390894	,9850924	,10442541	,10969393	,11364663	,11628607	,11760715	,11957586	,11826512	,11629646	,11629136	,11432274	,12020289	,13134889	,13266732	,12410656	,10829315	,10499841	,11026947	,11225861	,11291400	,11225096	,10765316	,10305028	,10041862	,10107907	,10043147	,9714700	,9648648	,9386508	,9321230	,9321742	,9518611	,8994323	,8797462	,8797975	,8470300	,7944985	,7228994	,8617113	,10525612	,10854315	,9407143	,5656167	,3417385	,2695201	,2629408	,2563872	,
8670006	,8537653	,8799534	,9127978	,9719597	,10376750	,10771762	,10969658	,11364668	,11364929	,11168068	,10510400	,9918268	,10903615	,12020551	,12610108	,12410145	,11092740	,10237440	,10697985	,11290884	,11357704	,11291657	,11094027	,10765578	,10502408	,10042376	,9713413	,9713924	,9649161	,9583369	,9517581	,9386767	,9190159	,9322001	,8994324	,8797460	,8338971	,8011811	,7815207	,8479587	,9997733	,10590112	,10065056	,7895204	,4275043	,2892084	,2694949	,2694945	,2760480	,
8407617	,7947066	,7749425	,7946542	,8537643	,9194538	,9588272	,9654579	,10180660	,10509375	,10444355	,9853252	,9064768	,11428415	,13859914	,13267004	,11685646	,10632192	,10237696	,11159302	,11685896	,11489290	,11291404	,11094283	,10962702	,10700044	,10173961	,9648135	,9516807	,9649164	,9452557	,9255693	,9124364	,9255696	,9059348	,8731671	,8337690	,7815718	,7949105	,9070181	,10193312	,10324370	,9930374	,9145241	,7172514	,4209510	,3024703	,2694946	,2760736	,2891809	,
8210747	,7684918	,7093292	,7093032	,7618338	,7749668	,7618085	,7552297	,8011564	,8537902	,9392440	,9853765	,9722955	,10444100	,12544577	,12542759	,11158788	,10172160	,10830338	,11751691	,11751948	,11555337	,11226378	,10962953	,10831369	,10634510	,10502924	,10173704	,9779977	,9713933	,9452044	,9189645	,9388047	,9850144	,8996126	,7551003	,7748390	,8277828	,9003099	,9860478	,9862024	,9532273	,9075060	,9276052	,7433360	,4537427	,3221551	,3154462	,3088670	,3154205	,
7620398	,7160361	,6633765	,6633509	,6830881	,6501922	,5779489	,4925983	,4991266	,5647647	,6699047	,8736316	,10247761	,9853261	,10375984	,11226896	,10501635	,10172160	,11356418	,11949063	,11751947	,11555339	,11227148	,10963465	,10700040	,10633739	,10371590	,10108681	,9780232	,9582858	,9320969	,9189391	,9651994	,10048296	,9325351	,7222556	,7160890	,8150124	,8151152	,8676723	,9070444	,8809578	,9337461	,9997199	,7102318	,4274239	,3352102	,3351070	,3350815	,3416862	,
6570278	,6109989	,5781028	,6502692	,6634531	,5518368	,3941922	,3088416	,2760223	,2760221	,3679268	,6371379	,8539199	,8997941	,10112028	,10963476	,10238728	,10237696	,11421952	,12080642	,11752453	,11424010	,11226638	,10832393	,10700040	,10502665	,10174218	,9911559	,9714184	,9517575	,9124104	,8730124	,9125652	,9784354	,8797979	,7619382	,8282477	,8742260	,8741739	,9266536	,9594984	,9203822	,9600376	,9470598	,6180954	,4471877	,3417384	,3416350	,3612956	,3810076	,
5783086	,5651502	,5978669	,6766116	,6635300	,5452840	,3614243	,2694688	,2431775	,2235423	,2300961	,4532775	,7223847	,8864543	,9980183	,10503694	,10106885	,10500096	,11159041	,11686405	,11620873	,11292684	,10963726	,10568710	,10370564	,10305029	,10108423	,9976840	,9582598	,9057802	,8795144	,8795657	,9058573	,8993037	,8205838	,7881774	,8608864	,9330785	,9724768	,10185062	,10580590	,10057073	,9336691	,8023665	,5193799	,4536124	,3548196	,3416606	,3678492	,3678748	,
6308916	,6570801	,6897453	,6765604	,6175270	,4796712	,3417638	,3219745	,5122849	,7158053	,7814944	,9127708	,9848861	,9651994	,9848339	,10108682	,10369795	,10895360	,11224578	,11357450	,11292427	,11095305	,10766085	,10239747	,9975810	,10173442	,10042371	,9582598	,9057287	,8729352	,8860932	,9058310	,9124109	,8795918	,8336909	,7616534	,7950663	,8609124	,8871784	,9594731	,10317672	,9923684	,8283492	,6377297	,4271403	,3680040	,3350558	,3088412	,3285018	,3285020	,
7096624	,7227443	,6634542	,5386790	,4665384	,3812134	,3220516	,3679009	,8799264	,11557670	,11688733	,12082710	,11622677	,10965265	,10766862	,10633990	,10962177	,11422209	,11422209	,11422980	,11357700	,11160067	,10962180	,10304771	,9844226	,9976066	,9778944	,9056771	,8531460	,8729095	,8860933	,8795653	,8861450	,8533260	,8008463	,7420970	,7558490	,7560552	,7166057	,7494502	,8150364	,7690068	,6442576	,4928566	,3481372	,2629149	,2563357	,2628892	,2694427	,2628637	,
7491378	,7096629	,5782064	,4336934	,3878183	,3680553	,2957856	,2563104	,7617058	,12017694	,12412445	,12675347	,12543248	,12082191	,11686922	,11488771	,11685379	,11750914	,11554050	,11685637	,11751169	,11750656	,11224832	,10304512	,9844480	,9843968	,9384706	,8399617	,8269061	,8860939	,8467207	,8401674	,8271118	,7484695	,6830365	,6899255	,7099485	,6772845	,6378343	,6510435	,6706777	,6377298	,5456970	,4074542	,3022365	,2629663	,2563871	,2563869	,2366493	,2300700	,
6372907	,5716265	,4402984	,3221032	,3154980	,2958119	,2826533	,3088417	,7748386	,12346401	,13267730	,13465094	,13266951	,12937736	,12805638	,12541701	,12080385	,11751169	,11751169	,11685889	,11619328	,11422465	,11093249	,10435329	,9843457	,9252867	,8530692	,7676929	,8006402	,8466952	,8270091	,8073744	,7680787	,6632723	,6173967	,6373670	,6773098	,6905996	,6904955	,7559776	,7493717	,6444118	,5326674	,4074543	,3351583	,3286308	,3286305	,2958113	,2760735	,2498335	,
3744285	,2825501	,1972250	,1840923	,1841178	,5648684	,9851203	,9719351	,10835500	,12411683	,13464337	,13793280	,13726976	,13529606	,13529859	,13003264	,12409601	,12014594	,11948544	,11948545	,11554049	,11027971	,10896131	,10435329	,9186304	,8793859	,8597512	,8005635	,8268806	,8204040	,8336141	,8074516	,7485207	,6699280	,6370318	,6306076	,6377552	,6510951	,7165792	,8279887	,8150101	,6444898	,5261404	,4403253	,4075313	,3811627	,3614756	,3417892	,3417123	,2957856	,
2366234	,1906458	,1709336	,1512729	,5713966	,11426633	,12411973	,11951928	,11885871	,11622177	,12213269	,13002504	,13199362	,13331200	,13331456	,13134080	,12869632	,12474880	,12145920	,11816704	,11421953	,11027968	,10699010	,9975556	,8727041	,9057030	,8596998	,8202757	,8400907	,8138764	,8073739	,7812373	,7355419	,6831380	,6436878	,6108175	,6109976	,6439980	,6899767	,7623498	,7364192	,6708845	,6576498	,5785942	,6708347	,5129307	,3878709	,3680039	,3548192	,3023393	,
